node1,node2,startLoc,endLoc,length,endNodeL,startNodeL,startYear,endYear,cladeID
5,1,Kings,Queens,0.07625,0.07625,0,2021.98676369863,2022.06301369863,1036
5,6,Kings,Kings,0.00175,0.00175,0,2021.98676369863,2021.98851369863,1036
6,2,Kings,Kings,0.0005,0.00225,0.00175,2021.98851369863,2021.98901369863,1036
6,7,Kings,Queens,0.01918,0.02093,0.00175,2021.98851369863,2022.00769369863,1036
7,4,Queens,Queens,0.000320000000000001,0.02125,0.02093,2022.00769369863,2022.00801369863,1036
7,3,Queens,NewYork,0.02232,0.04325,0.02093,2022.00769369863,2022.03001369863,1036
4,1,Nassau,Nassau,0.04904515853,0.04904515853,0,2021.96170826613,2022.01075342466,1047
4,5,Nassau,Nassau,0.000705158534300004,0.000705158534300004,0,2021.96170826613,2021.96241342466,1047
5,2,Nassau,NewYork,0.10334,0.1040451585343,0.000705158534300004,2021.96241342466,2022.06575342466,1047
5,3,Nassau,NewYork,0.10334,0.1040451585343,0.000705158534300004,2021.96241342466,2022.06575342466,1047
15,1,Kings,Kings,0.00204,0.00204,0,2021.93156273973,2021.93360273973,1060
15,16,Kings,Kings,0.00811,0.00811,0,2021.93156273973,2021.93967273973,1060
16,17,Kings,Kings,0.00185,0.00996,0.00811,2021.93967273973,2021.94152273973,1060
17,2,Kings,Kings,0.0000799999999800023,0.01003999999998,0.00996,2021.94152273973,2021.94160273973,1060
16,18,Kings,Bronx,0.00374,0.01185,0.00811,2021.93967273973,2021.94341273973,1060
18,19,Bronx,Bronx,0.00174,0.01359,0.01185,2021.94341273973,2021.94515273973,1060
18,21,Bronx,Queens,0.00174,0.01359,0.01185,2021.94341273973,2021.94515273973,1060
19,20,Bronx,Bronx,0.00185,0.01544,0.01359,2021.94515273973,2021.94700273973,1060
21,22,Queens,Queens,0.00185,0.01544,0.01359,2021.94515273973,2021.94700273973,1060
17,3,Kings,Kings,0.00608,0.01604,0.00996,2021.94152273973,2021.94760273973,1060
19,4,Bronx,Bronx,0.00245,0.01604,0.01359,2021.94515273973,2021.94760273973,1060
20,5,Bronx,Bronx,0.0006000000001,0.0160400000001,0.01544,2021.94700273973,2021.94760273973,1060
20,6,Bronx,Kings,0.0006000000001,0.0160400000001,0.01544,2021.94700273973,2021.94760273973,1060
22,7,Queens,Nassau,0.0006000000001,0.0160400000001,0.01544,2021.94700273973,2021.94760273973,1060
22,8,Queens,Queens,0.0006000000001,0.0160400000001,0.01544,2021.94700273973,2021.94760273973,1060
21,23,Queens,Queens,0.00459,0.01818,0.01359,2021.94515273973,2021.94974273973,1060
23,9,Queens,Queens,0.00086,0.01904,0.01818,2021.94974273973,2021.95060273973,1060
23,24,Queens,Kings,0.01185,0.03003,0.01818,2021.94974273973,2021.96159273973,1060
24,25,Kings,Kings,0.00185,0.03188,0.03003,2021.96159273973,2021.96344273973,1060
25,10,Kings,Kings,0.000159999999899997,0.0320399999999,0.03188,2021.96344273973,2021.96360273973,1060
25,11,Kings,Westchester,0.00316,0.03504,0.03188,2021.96344273973,2021.96660273973,1060
24,26,Kings,NewYork,0.00822,0.03825,0.03003,2021.96159273973,2021.96981273973,1060
26,27,NewYork,NewYork,0.00185,0.0401,0.03825,2021.96981273973,2021.97166273973,1060
26,12,NewYork,Kings,0.00279,0.04104,0.03825,2021.96981273973,2021.97260273973,1060
27,13,NewYork,NewYork,0.0009399999999,0.0410399999999,0.0401,2021.97166273973,2021.97260273973,1060
27,14,NewYork,NewYork,0.0009399999999,0.0410399999999,0.0401,2021.97166273973,2021.97260273973,1060
8,9,Nassau,Bronx,0.00174,0.00174,0,2021.9546330137,2021.9563730137,1061
8,11,Nassau,Nassau,0.00174,0.00174,0,2021.9546330137,2021.9563730137,1061
9,10,Bronx,Bronx,0.00185,0.00359,0.00174,2021.9563730137,2021.9582230137,1061
11,12,Nassau,Nassau,0.00185,0.00359,0.00174,2021.9563730137,2021.9582230137,1061
9,1,Bronx,Bronx,0.00249,0.00423,0.00174,2021.9563730137,2021.9588630137,1061
10,2,Bronx,Bronx,0.000640000000000002,0.00423,0.00359,2021.9582230137,2021.9588630137,1061
10,3,Bronx,Queens,0.000640000000000002,0.00423,0.00359,2021.9582230137,2021.9588630137,1061
12,4,Nassau,Nassau,0.000640000000000002,0.00423,0.00359,2021.9582230137,2021.9588630137,1061
12,5,Nassau,Nassau,0.000640000000000002,0.00423,0.00359,2021.9582230137,2021.9588630137,1061
11,13,Nassau,Kings,0.01281,0.01455,0.00174,2021.9563730137,2021.9691830137,1061
13,6,Kings,Kings,0.00068,0.01523,0.01455,2021.9691830137,2021.9698630137,1061
13,7,Kings,Kings,0.00068,0.01523,0.01455,2021.9691830137,2021.9698630137,1061
7,8,Kings,Queens,0.0802107886,0.0802107886,0,2021.94101236209,2022.02122315069,1072
7,9,Kings,Kings,0.00107912984200001,0.00107912984200001,0,2021.94101236209,2021.94209149193,1072
9,10,Kings,Kings,0.000462864151100001,0.00154199399310001,0.00107912984200001,2021.94209149193,2021.94255435608,1072
9,3,Kings,Kings,0.03940165876,0.040480788602,0.00107912984200001,2021.94209149193,2021.98149315069,1072
10,4,Kings,Westchester,0.03893879461,0.0404807886031,0.00154199399310001,2021.94255435608,2021.98149315069,1072
10,11,Kings,Bronx,0.1039687946,0.1055107885931,0.00154199399310001,2021.94255435608,2022.04652315068,1072
11,5,Bronx,Bronx,0.000969999999999999,0.1064807885931,0.1055107885931,2022.04652315068,2022.04749315068,1072
8,2,Queens,Queens,0.02627,0.1064807886,0.0802107886,2022.02122315069,2022.04749315069,1072
8,1,Queens,Queens,0.03427,0.1144807886,0.0802107886,2022.02122315069,2022.05549315069,1072
11,6,Bronx,Bronx,0.02197,0.1274807885931,0.1055107885931,2022.04652315068,2022.06849315068,1072
19,20,Kings,Kings,0.03981945641,0.03981945641,0,2021.90425452054,2021.94407397695,1073
19,22,Kings,Kings,0.00184999999999999,0.00184999999999999,0,2021.90425452054,2021.90610452054,1073
22,4,Kings,Queens,0.000689999999900021,0.00253999999990001,0.00184999999999999,2021.90610452054,2021.90679452054,1073
22,23,Kings,Kings,0.01185,0.0137,0.00184999999999999,2021.90610452054,2021.91795452054,1073
23,24,Kings,Kings,0.00185000000000002,0.01555,0.0137,2021.91795452054,2021.91980452054,1073
23,28,Kings,Kings,0.00185000000000002,0.01555,0.0137,2021.91795452054,2021.91980452054,1073
24,5,Kings,Kings,0.000989999999999991,0.01654,0.01555,2021.91980452054,2021.92079452054,1073
28,10,Kings,Kings,0.000989999999999991,0.01654,0.01555,2021.91980452054,2021.92079452054,1073
28,29,Kings,Kings,0.00547999999999998,0.02103,0.01555,2021.91980452054,2021.92528452054,1073
29,11,Kings,Kings,0.000509999999900007,0.0215399999999,0.02103,2021.92528452054,2021.92579452054,1073
29,30,Kings,Kings,0.00548000000000001,0.02651,0.02103,2021.92528452054,2021.93076452054,1073
30,12,Kings,Kings,0.00102999999999999,0.02754,0.02651,2021.93076452054,2021.93179452054,1073
30,31,Kings,Kings,0.01379,0.0403,0.02651,2021.93076452054,2021.94455452054,1073
20,21,Kings,Kings,0.00275054358499999,0.042569999995,0.03981945641,2021.94407397695,2021.94682452054,1073
31,32,Kings,NewYork,0.00354,0.04384,0.0403,2021.94455452054,2021.94809452054,1073
31,34,Kings,Kings,0.00354,0.04384,0.0403,2021.94455452054,2021.94809452054,1073
32,33,NewYork,NewYork,0.00185,0.04569,0.04384,2021.94809452054,2021.94994452054,1073
34,35,Kings,Kings,0.00185,0.04569,0.04384,2021.94809452054,2021.94994452054,1073
32,15,NewYork,NewYork,0.00269999999999999,0.04654,0.04384,2021.94809452054,2021.95079452054,1073
34,16,Kings,Queens,0.00269999999999999,0.04654,0.04384,2021.94809452054,2021.95079452054,1073
33,13,NewYork,NewYork,0.00084999999999999,0.04654,0.04569,2021.94994452054,2021.95079452054,1073
33,14,NewYork,NewYork,0.00084999999999999,0.04654,0.04569,2021.94994452054,2021.95079452054,1073
35,17,Kings,Queens,0.00084999999999999,0.04654,0.04569,2021.94994452054,2021.95079452054,1073
35,18,Kings,Kings,0.00084999999999999,0.04654,0.04569,2021.94994452054,2021.95079452054,1073
24,25,Kings,Queens,0.05357474719,0.06912474719,0.01555,2021.91980452054,2021.97337926773,1073
25,26,Queens,Queens,0.00171835752500001,0.070843104715,0.06912474719,2021.97337926773,2021.97509762526,1073
26,27,Queens,Queens,0.001416895285,0.07226,0.070843104715,2021.97509762526,2021.97651452054,1073
21,2,Kings,NewYork,0.03897,0.081539999995,0.042569999995,2021.94682452054,2021.98579452054,1073
21,3,Kings,Kings,0.03897,0.081539999995,0.042569999995,2021.94682452054,2021.98579452054,1073
25,6,Queens,Suffolk,0.04041525281,0.10954,0.06912474719,2021.97337926773,2022.01379452054,1073
26,7,Queens,Nassau,0.04069689528,0.111539999995,0.070843104715,2021.97509762526,2022.01579452054,1073
27,8,Queens,NewYork,0.03928,0.11154,0.07226,2021.97651452054,2022.01579452054,1073
27,9,Queens,NewYork,0.04228,0.11454,0.07226,2021.97651452054,2022.01879452054,1073
20,1,Kings,Kings,0.1107205436,0.15054000001,0.03981945641,2021.94407397695,2022.05479452055,1073
6,1,Westchester,Westchester,0.00101,0.00101,0,2021.97355164384,2021.97456164384,108
6,7,Westchester,Westchester,0.00174,0.00174,0,2021.97355164384,2021.97529164384,108
7,8,Westchester,Westchester,0.00185,0.00359,0.00174,2021.97529164384,2021.97714164384,108
8,2,Westchester,Westchester,0.00042,0.00401,0.00359,2021.97714164384,2021.97756164384,108
8,3,Westchester,Westchester,0.00042,0.00401,0.00359,2021.97714164384,2021.97756164384,108
7,9,Westchester,Westchester,0.00459,0.00633,0.00174,2021.97529164384,2021.97988164384,108
9,4,Westchester,Westchester,0.00068,0.00701,0.00633,2021.97988164384,2021.98056164384,108
9,5,Westchester,Westchester,0.00368,0.01001,0.00633,2021.97988164384,2021.98356164384,108
5,1,Nassau,Nassau,0.0009299999999,0.0009299999999,0,2021.97215219178,2021.97308219178,1088
5,6,Nassau,Bronx,0.00363,0.00363,0,2021.97215219178,2021.97578219178,1088
6,7,Bronx,Queens,0.00185,0.00548,0.00363,2021.97578219178,2021.97763219178,1088
6,2,Bronx,Bronx,0.0023,0.00593,0.00363,2021.97578219178,2021.97808219178,1088
7,3,Queens,Queens,0.00045,0.00593,0.00548,2021.97763219178,2021.97808219178,1088
7,4,Queens,Queens,0.00045,0.00593,0.00548,2021.97763219178,2021.97808219178,1088
5,1,NewYork,NewYork,0.000230000000099997,0.000230000000099997,0,2021.98561931507,2021.98584931507,1091
5,6,NewYork,NewYork,0.02268,0.02268,0,2021.98561931507,2022.00829931507,1091
6,7,NewYork,Kings,0.00198,0.02466,0.02268,2022.00829931507,2022.01027931507,1091
7,3,Kings,Kings,0.000569999999899998,0.0252299999999,0.02466,2022.01027931507,2022.01084931507,1091
6,2,NewYork,Bronx,0.07955,0.10223,0.02268,2022.00829931507,2022.08784931507,1091
7,4,Kings,Kings,0.09657,0.12123,0.02466,2022.01027931507,2022.10684931507,1091
7,1,NewYork,NewYork,0.000229999999899998,0.000229999999899998,0,2021.93389328767,2021.93412328767,1115
7,8,NewYork,NewYork,0.01459,0.01459,0,2021.93389328767,2021.94848328767,1115
8,9,NewYork,NewYork,0.00185,0.01644,0.01459,2021.94848328767,2021.95033328767,1115
8,10,NewYork,NewYork,0.00185,0.01644,0.01459,2021.94848328767,2021.95033328767,1115
9,2,NewYork,NewYork,0.000789999999999999,0.01723,0.01644,2021.95033328767,2021.95112328767,1115
10,4,NewYork,Kings,0.000789999999999999,0.01723,0.01644,2021.95033328767,2021.95112328767,1115
9,3,NewYork,Bronx,0.00279,0.01923,0.01644,2021.95033328767,2021.95312328767,1115
10,11,NewYork,NewYork,0.00548,0.02192,0.01644,2021.95033328767,2021.95581328767,1115
11,5,NewYork,NewYork,0.000309999999900001,0.0222299999999,0.02192,2021.95581328767,2021.95612328767,1115
11,6,NewYork,NewYork,0.01131,0.03323,0.02192,2021.95581328767,2021.96712328767,1115
5,6,Nassau,Nassau,0.006641550958,0.006641550958,0,2022.09173392849,2022.09837547945,1128
5,7,Nassau,Nassau,0.001161550958,0.001161550958,0,2022.09173392849,2022.09289547945,1128
7,4,Nassau,Nassau,0.000310000000099994,0.0014715509581,0.001161550958,2022.09289547945,2022.09320547945,1128
6,2,Nassau,Nassau,0.000829999999900001,0.0074715509579,0.006641550958,2022.09837547945,2022.09920547945,1128
7,3,Nassau,Nassau,0.02831,0.029471550958,0.001161550958,2022.09289547945,2022.12120547945,1128
6,1,Nassau,Nassau,0.04683,0.053471550958,0.006641550958,2022.09837547945,2022.14520547945,1128
4,1,Kings,Kings,0.001211258376,0.001211258376,0,2021.99056956354,2021.99178082192,1158
4,5,Kings,Kings,0.0005412583764,0.0005412583764,0,2021.99056956354,2021.99111082192,1158
5,2,Kings,Kings,0.0006699999999,0.0012112583763,0.0005412583764,2021.99111082192,2021.99178082192,1158
5,3,Kings,Kings,0.0006699999999,0.0012112583763,0.0005412583764,2021.99111082192,2021.99178082192,1158
4,1,Westchester,Westchester,0.02074,0.02074,0,2021.95734219178,2021.97808219178,1189
4,5,Westchester,Westchester,0.01488,0.01488,0,2021.95734219178,2021.97222219178,1189
5,2,Westchester,Westchester,0.0008599999999,0.0157399999999,0.01488,2021.97222219178,2021.97308219178,1189
5,3,Westchester,Westchester,0.00586,0.02074,0.01488,2021.97222219178,2021.97808219178,1189
6,7,Westchester,Westchester,0.01897852608,0.01897852608,0,2021.95071284378,2021.96969136986,1209
6,9,Westchester,Westchester,0.001158526076,0.001158526076,0,2021.95071284378,2021.95187136986,1209
7,1,Westchester,Westchester,0.000609999999999999,0.01958852608,0.01897852608,2021.96969136986,2021.97030136986,1209
9,5,Westchester,Nassau,0.02143,0.022588526076,0.001158526076,2021.95187136986,2021.97330136986,1209
7,8,Westchester,Westchester,0.00548,0.02445852608,0.01897852608,2021.96969136986,2021.97517136986,1209
8,2,Westchester,Westchester,0.000129999999899998,0.0245885260799,0.02445852608,2021.97517136986,2021.97530136986,1209
9,4,Westchester,Westchester,0.03243,0.033588526076,0.001158526076,2021.95187136986,2021.98430136986,1209
8,3,Westchester,Westchester,0.01113,0.03558852608,0.02445852608,2021.97517136986,2021.98630136986,1209
4,1,Bronx,Bronx,0.00067,0.00067,0,2021.98037109589,2021.98104109589,1221
4,5,Bronx,Bronx,0.00548,0.00548,0,2021.98037109589,2021.98585109589,1221
5,2,Bronx,Richmond,0.0001900000001,0.0056700000001,0.00548,2021.98585109589,2021.98604109589,1221
5,3,Bronx,Bronx,0.00319,0.00867,0.00548,2021.98585109589,2021.98904109589,1221
5,6,Kings,Kings,0.002683425629,0.002683425629,0,2021.9479612319,2021.95064465753,1260
5,7,Kings,Kings,0.0009236419046,0.0009236419046,0,2021.9479612319,2021.9488848738,1260
6,1,Kings,Kings,0.00078,0.003463425629,0.002683425629,2021.95064465753,2021.95142465753,1260
6,2,Kings,Kings,0.00078,0.003463425629,0.002683425629,2021.95064465753,2021.95142465753,1260
7,4,Kings,Kings,0.002539783725,0.0034634256296,0.0009236419046,2021.9488848738,2021.95142465753,1260
7,3,Kings,Kings,0.004539783725,0.0054634256296,0.0009236419046,2021.9488848738,2021.95342465753,1260
4,1,Westchester,Kings,0.08334,0.08334,0,2021.95501616438,2022.03835616438,1269
4,5,Westchester,Westchester,0.00193,0.00193,0,2021.95501616438,2021.95694616438,1269
5,3,Westchester,Westchester,0.00241,0.00434,0.00193,2021.95694616438,2021.95935616438,1269
5,2,Westchester,NewYork,0.06241,0.06434,0.00193,2021.95694616438,2022.01935616438,1269
4,1,Nassau,Nassau,0.000100000000099999,0.000100000000099999,0,2022.10044794521,2022.10054794521,1274
4,5,Nassau,Suffolk,0.01918,0.01918,0,2022.10044794521,2022.11962794521,1274
5,2,Suffolk,Suffolk,0.000920000000100001,0.0201000000001,0.01918,2022.11962794521,2022.12054794521,1274
5,3,Suffolk,Suffolk,0.000920000000100001,0.0201000000001,0.01918,2022.11962794521,2022.12054794521,1274
4,1,Kings,Queens,0.01657314053,0.01657314053,0,2021.95650905125,2021.97308219178,1275
4,5,Kings,Kings,0.002003140526,0.002003140526,0,2021.95650905125,2021.95851219178,1275
5,3,Kings,Kings,0.000569999999999998,0.002573140526,0.002003140526,2021.95851219178,2021.95908219178,1275
5,2,Kings,Kings,0.01957,0.021573140526,0.002003140526,2021.95851219178,2021.97808219178,1275
6,1,Nassau,Nassau,0.12265,0.12265,0,2021.94858287671,2022.07123287671,128
6,7,Nassau,Nassau,0.00185,0.00185,0,2021.94858287671,2021.95043287671,128
7,2,Nassau,Kings,0.000799999999999995,0.00265,0.00185,2021.95043287671,2021.95123287671,128
7,8,Nassau,Nassau,0.00273999999999999,0.00459,0.00185,2021.95043287671,2021.95317287671,128
8,3,Nassau,Nassau,0.0000599999999500028,0.00464999999995,0.00459,2021.95317287671,2021.95323287671,128
8,9,Nassau,Nassau,0.00274000000000001,0.00733,0.00459,2021.95317287671,2021.95591287671,128
9,4,Nassau,Richmond,0.000319999999899998,0.0076499999999,0.00733,2021.95591287671,2021.95623287671,128
9,5,Nassau,Nassau,0.01732,0.02465,0.00733,2021.95591287671,2021.97323287671,128
4,1,Nassau,Nassau,0.0006,0.0006,0,2021.96966027397,2021.97026027397,1286
4,5,Nassau,Nassau,0.01096,0.01096,0,2021.96966027397,2021.98062027397,1286
5,3,Nassau,Nassau,0.000640000000000002,0.0116,0.01096,2021.98062027397,2021.98126027397,1286
5,2,Nassau,Nassau,0.01664,0.0276,0.01096,2021.98062027397,2021.99726027397,1286
10,1,NewYork,Suffolk,0.13843,0.13843,0,2021.80674808219,2021.94517808219,13
10,11,NewYork,NewYork,0.00395999999999999,0.00395999999999999,0,2021.80674808219,2021.81070808219,13
11,12,NewYork,NewYork,0.00198000000000001,0.00594,0.00395999999999999,2021.81070808219,2021.81268808219,13
12,13,NewYork,NewYork,0.00395000000000001,0.00989000000000001,0.00594,2021.81268808219,2021.81663808219,13
13,14,NewYork,NewYork,0.00195999999999999,0.01185,0.00989000000000001,2021.81663808219,2021.81859808219,13
14,15,NewYork,NewYork,0.00197,0.01382,0.01185,2021.81859808219,2021.82056808219,13
15,16,NewYork,NewYork,0.00214717943100001,0.015967179431,0.01382,2021.82056808219,2021.82271526162,13
16,17,NewYork,NewYork,0.000192903195799982,0.0161600826268,0.015967179431,2021.82271526162,2021.82290816482,13
13,4,NewYork,Queens,0.13654,0.14643,0.00989000000000001,2021.81663808219,2021.95317808219,13
14,5,NewYork,NewYork,0.13758,0.14943,0.01185,2021.81859808219,2021.95617808219,13
15,6,NewYork,NewYork,0.14361,0.15743,0.01382,2021.82056808219,2021.96417808219,13
16,7,NewYork,Westchester,0.1614628206,0.177430000031,0.015967179431,2021.82271526162,2021.98417808222,13
17,8,NewYork,Bronx,0.1632699174,0.1794300000268,0.0161600826268,2021.82290816482,2021.98617808222,13
11,2,NewYork,Kings,0.18147,0.18543,0.00395999999999999,2021.81070808219,2021.99217808219,13
17,9,NewYork,Kings,0.1852699174,0.2014300000268,0.0161600826268,2021.82290816482,2022.00817808222,13
12,3,NewYork,Westchester,0.20649,0.21243,0.00594,2021.81268808219,2022.01917808219,13
4,1,Nassau,Nassau,0.01523,0.01523,0,2022.02052342466,2022.03575342466,1300
4,5,Nassau,Kings,0.04451,0.04451,0,2022.02052342466,2022.06503342466,1300
5,2,Kings,Kings,0.000719999999999998,0.04523,0.04451,2022.06503342466,2022.06575342466,1300
5,3,Kings,Kings,0.000719999999999998,0.04523,0.04451,2022.06503342466,2022.06575342466,1300
4,5,NewYork,NewYork,0.00185,0.00185,0,2021.94309547945,2021.94494547945,1305
4,3,NewYork,Kings,0.00211,0.00211,0,2021.94309547945,2021.94520547945,1305
5,1,NewYork,Bronx,0.0002599999999,0.0021099999999,0.00185,2021.94494547945,2021.94520547945,1305
5,2,NewYork,NewYork,0.0002599999999,0.0021099999999,0.00185,2021.94494547945,2021.94520547945,1305
4,1,Queens,Queens,0.0002599999999,0.0002599999999,0,2021.94464410959,2021.94490410959,1315
4,5,Queens,Queens,0.00548,0.00548,0,2021.94464410959,2021.95012410959,1315
5,2,Queens,Queens,0.000780000000000001,0.00626,0.00548,2021.95012410959,2021.95090410959,1315
5,3,Queens,Queens,0.00878,0.01426,0.00548,2021.95012410959,2021.95890410959,1315
4,1,Kings,Kings,0.0006,0.0006,0,2021.9582630137,2021.9588630137,1345
4,5,Kings,NewYork,0.00822,0.00822,0,2021.9582630137,2021.9664830137,1345
5,2,NewYork,NewYork,0.0003800000001,0.0086000000001,0.00822,2021.9664830137,2021.9668630137,1345
5,3,NewYork,NewYork,0.00338,0.0116,0.00822,2021.9664830137,2021.9698630137,1345
4,1,Bronx,Bronx,0.001549698695,0.001549698695,0,2021.9381763287,2021.9397260274,1349
4,5,Bronx,Bronx,0.0007796986945,0.0007796986945,0,2021.9381763287,2021.9389560274,1349
5,2,Bronx,Bronx,0.00077,0.0015496986945,0.0007796986945,2021.9389560274,2021.9397260274,1349
5,3,Bronx,Bronx,0.00077,0.0015496986945,0.0007796986945,2021.9389560274,2021.9397260274,1349
14,1,NewYork,Westchester,0.05323,0.05323,0,2021.9303590411,2021.9835890411,1356
14,15,NewYork,NewYork,0.00204000000000001,0.00204000000000001,0,2021.9303590411,2021.9323990411,1356
15,16,NewYork,Kings,0.00197999999999998,0.00402,0.00204000000000001,2021.9323990411,2021.9343790411,1356
16,17,Kings,Kings,0.00197,0.00599,0.00402,2021.9343790411,2021.9363490411,1356
17,18,Kings,Kings,0.00196000000000002,0.00795000000000001,0.00599,2021.9363490411,2021.9383090411,1356
18,19,Kings,Kings,0.00586999999999999,0.01382,0.00795000000000001,2021.9383090411,2021.9441790411,1356
19,20,Kings,Kings,0.00195000000000001,0.01577,0.01382,2021.9441790411,2021.9461290411,1356
20,23,Kings,Kings,0.00364999999999999,0.01942,0.01577,2021.9461290411,2021.9497790411,1356
23,10,Kings,Bronx,0.000810000000000005,0.02023,0.01942,2021.9497790411,2021.9505890411,1356
23,24,Kings,Kings,0.00822000000000001,0.02764,0.01942,2021.9497790411,2021.9579990411,1356
24,11,Kings,Kings,0.000590000000000007,0.02823,0.02764,2021.9579990411,2021.9585890411,1356
24,25,Kings,Kings,0.00822000000000001,0.03586,0.02764,2021.9579990411,2021.9662190411,1356
25,12,Kings,Kings,0.000370000000099985,0.0362300000001,0.03586,2021.9662190411,2021.9665890411,1356
25,13,Kings,Kings,0.00636999999999999,0.04223,0.03586,2021.9662190411,2021.9725890411,1356
16,3,Kings,Westchester,0.05121,0.05523,0.00402,2021.9343790411,2021.9855890411,1356
17,4,Kings,Kings,0.05524,0.06123,0.00599,2021.9363490411,2021.9915890411,1356
18,5,Kings,Kings,0.05328,0.06123,0.00795000000000001,2021.9383090411,2021.9915890411,1356
19,6,Kings,NewYork,0.06041,0.07423,0.01382,2021.9441790411,2022.0045890411,1356
15,2,NewYork,Suffolk,0.09419,0.09623,0.00204000000000001,2021.9323990411,2022.0265890411,1356
20,21,Kings,Nassau,0.1242,0.13997,0.01577,2021.9461290411,2022.0703290411,1356
21,7,Nassau,Nassau,0.000259999999900007,0.1402299999999,0.13997,2022.0703290411,2022.0705890411,1356
21,22,Nassau,Nassau,0.00822000000000001,0.14819,0.13997,2022.0703290411,2022.0785490411,1356
22,8,Nassau,Nassau,0.0000399999999300127,0.14822999999993,0.14819,2022.0785490411,2022.0785890411,1356
22,9,Nassau,Nassau,0.03104,0.17923,0.14819,2022.0785490411,2022.1095890411,1356
4,1,Bronx,Bronx,0.000129999999900002,0.000129999999900002,0,2021.97484260274,2021.97497260274,138
4,5,Bronx,Nassau,0.00362999999999999,0.00362999999999999,0,2021.97484260274,2021.97847260274,138
5,3,Nassau,Nassau,0.0025,0.00613,0.00362999999999999,2021.97847260274,2021.98097260274,138
5,2,Nassau,Kings,0.0955,0.09913,0.00362999999999999,2021.97847260274,2022.07397260274,138
10,11,Bronx,Bronx,0.00212895483,0.00212895483,0,2021.92251823637,2021.9246471912,1398
10,15,Bronx,Bronx,0.00254643004500001,0.00254643004500001,0,2021.92251823637,2021.92506466641,1398
11,14,Bronx,Bronx,0.00133089099,0.00345984582,0.00212895483,2021.9246471912,2021.92597808219,1398
15,16,Bronx,Bronx,0.000913415774999995,0.00345984582,0.00254643004500001,2021.92506466641,2021.92597808219,1398
11,12,Bronx,Bronx,0.01292089099,0.01504984582,0.00212895483,2021.9246471912,2021.93756808219,1398
12,13,Bronx,Bronx,0.00184999999999999,0.01689984582,0.01504984582,2021.93756808219,2021.93941808219,1398
12,1,Bronx,Bronx,0.00260999999999999,0.01765984582,0.01504984582,2021.93756808219,2021.94017808219,1398
13,2,Bronx,Bronx,0.000759999999999997,0.01765984582,0.01689984582,2021.93941808219,2021.94017808219,1398
16,17,Bronx,Bronx,0.0244,0.02785984582,0.00345984582,2021.92597808219,2021.95037808219,1398
17,7,Bronx,Bronx,0.000799999999999995,0.02865984582,0.02785984582,2021.95037808219,2021.95117808219,1398
13,3,Bronx,Bronx,0.01376,0.03065984582,0.01689984582,2021.93941808219,2021.95317808219,1398
14,4,Bronx,Bronx,0.0302,0.03365984582,0.00345984582,2021.92597808219,2021.95617808219,1398
14,5,Bronx,Bronx,0.0302,0.03365984582,0.00345984582,2021.92597808219,2021.95617808219,1398
17,8,Bronx,Bronx,0.0088,0.03665984582,0.02785984582,2021.95037808219,2021.95917808219,1398
15,6,Bronx,Bronx,0.05311341578,0.055659845825,0.00254643004500001,2021.92506466641,2021.97817808219,1398
16,9,Bronx,Nassau,0.0932,0.09665984582,0.00345984582,2021.92597808219,2022.01917808219,1398
6,7,NewYork,NewYork,0.03145919324,0.03145919324,0,2021.97905315068,2022.01051234392,1420
6,9,NewYork,NewYork,0.00179,0.00179,0,2021.97905315068,2021.98084315068,1420
9,4,NewYork,Kings,0.000649999999999998,0.00244,0.00179,2021.98084315068,2021.98149315068,1420
9,5,NewYork,Queens,0.00865,0.01044,0.00179,2021.98084315068,2021.98949315068,1420
7,8,NewYork,NewYork,0.001820806758,0.033279999998,0.03145919324,2022.01051234392,2022.01233315068,1420
8,3,NewYork,Kings,0.04316,0.076439999998,0.033279999998,2022.01233315068,2022.05549315068,1420
7,1,NewYork,NewYork,0.04498080676,0.07644,0.03145919324,2022.01051234392,2022.05549315068,1420
8,2,NewYork,NewYork,0.05616,0.089439999998,0.033279999998,2022.01233315068,2022.06849315068,1420
5,1,Westchester,Westchester,0.0006,0.0006,0,2021.96970136986,2021.97030136986,1428
5,6,Westchester,Westchester,0.0137,0.0137,0,2021.96970136986,2021.98340136986,1428
6,2,Westchester,Westchester,0.0008999999999,0.0145999999999,0.0137,2021.98340136986,2021.98430136986,1428
6,7,Westchester,Westchester,0.00274,0.01644,0.0137,2021.98340136986,2021.98614136986,1428
7,3,Westchester,Westchester,0.0001600000001,0.0166000000001,0.01644,2021.98614136986,2021.98630136986,1428
7,4,Westchester,Westchester,0.0001600000001,0.0166000000001,0.01644,2021.98614136986,2021.98630136986,1428
6,1,Bronx,Bronx,0.03121,0.03121,0,2021.97642013699,2022.00763013699,1433
6,7,Bronx,Kings,0.01450315493,0.01450315493,0,2021.97642013699,2021.99092329192,1433
7,9,Kings,Kings,0.00156684507,0.01607,0.01450315493,2021.99092329192,2021.99249013699,1433
9,4,Kings,Kings,0.01214,0.02821,0.01607,2021.99249013699,2022.00463013699,1433
7,8,Kings,Suffolk,0.04659684507,0.0611,0.01450315493,2021.99092329192,2022.03752013699,1433
8,3,Suffolk,Suffolk,0.000109999999999999,0.06121,0.0611,2022.03752013699,2022.03763013699,1433
8,2,Suffolk,Nassau,0.03311,0.09421,0.0611,2022.03752013699,2022.07063013699,1433
9,5,Kings,Nassau,0.10614,0.12221,0.01607,2021.99249013699,2022.09863013699,1433
5,1,Kings,Kings,0.000270000000000006,0.000270000000000006,0,2022.00736013699,2022.00763013699,1448
5,6,Kings,Queens,0.0137,0.0137,0,2022.00736013699,2022.02106013699,1448
6,2,Queens,Queens,0.000569999999899998,0.0142699999999,0.0137,2022.02106013699,2022.02163013699,1448
6,7,Queens,Queens,0.03869,0.05239,0.0137,2022.02106013699,2022.05975013699,1448
7,4,Queens,NewYork,0.03288,0.08527,0.05239,2022.05975013699,2022.09263013699,1448
7,3,Queens,NewYork,0.03888,0.09127,0.05239,2022.05975013699,2022.09863013699,1448
4,1,Kings,Queens,0.06516,0.06516,0,2021.98963452055,2022.05479452055,1470
4,5,Kings,Kings,0.0124,0.0124,0,2021.98963452055,2022.00203452055,1470
5,3,Kings,Kings,0.0007599999999,0.0131599999999,0.0124,2022.00203452055,2022.00279452055,1470
5,2,Kings,Kings,0.03076,0.04316,0.0124,2022.00203452055,2022.03279452055,1470
7,8,Nassau,Nassau,0.05642878208,0.05642878208,0,2021.87572656039,2021.93215534247,150
7,9,Nassau,Nassau,0.00120663024000001,0.00120663024000001,0,2021.87572656039,2021.87693319063,150
9,11,Nassau,Nassau,0.000411533100699996,0.0016181633407,0.00120663024000001,2021.87693319063,2021.87734472373,150
11,5,Nassau,Suffolk,0.03723061874,0.0388487820807,0.0016181633407,2021.87734472373,2021.91457534247,150
11,6,Nassau,Nassau,0.04523061874,0.0468487820807,0.0016181633407,2021.87734472373,2021.92257534247,150
9,10,Nassau,Kings,0.05146215184,0.05266878208,0.00120663024000001,2021.87693319063,2021.92839534247,150
10,3,Kings,NewYork,0.03018,0.08284878208,0.05266878208,2021.92839534247,2021.95857534247,150
8,2,Nassau,Kings,0.03142,0.08784878208,0.05642878208,2021.93215534247,2021.96357534247,150
10,4,Kings,Queens,0.06018,0.11284878208,0.05266878208,2021.92839534247,2021.98857534247,150
8,1,Nassau,Nassau,0.11442,0.17084878208,0.05642878208,2021.93215534247,2022.04657534247,150
4,1,Kings,Kings,0.02707756844,0.02707756844,0,2021.96193613019,2021.98901369863,1518
4,5,Kings,Kings,0.03412756844,0.03412756844,0,2021.96193613019,2021.99606369863,1518
5,3,Kings,Kings,0.00894999999999999,0.04307756844,0.03412756844,2021.99606369863,2022.00501369863,1518
5,2,Kings,NewYork,0.06695,0.10107756844,0.03412756844,2021.99606369863,2022.06301369863,1518
8,9,Suffolk,Nassau,0.01111707137,0.01111707137,0,2021.93654101082,2021.94765808219,157
8,12,Suffolk,Suffolk,0.00107707136600001,0.00107707136600001,0,2021.93654101082,2021.93761808219,157
9,1,Nassau,Nassau,0.00052000000010001,0.0116370713701,0.01111707137,2021.94765808219,2021.94817808219,157
12,13,Suffolk,Suffolk,0.01552,0.016597071366,0.00107707136600001,2021.93761808219,2021.95313808219,157
9,10,Nassau,Bronx,0.00548000000000001,0.01659707137,0.01111707137,2021.94765808219,2021.95313808219,157
13,6,Suffolk,Suffolk,0.0000399999999499967,0.01663707136595,0.016597071366,2021.95313808219,2021.95317808219,157
10,2,Bronx,Bronx,0.0000399999999499967,0.01663707136995,0.01659707137,2021.95313808219,2021.95317808219,157
12,5,Suffolk,Nassau,0.02156,0.022637071366,0.00107707136600001,2021.93761808219,2021.95917808219,157
10,11,Bronx,Nassau,0.01736,0.03395707137,0.01659707137,2021.95313808219,2021.97049808219,157
11,4,Nassau,Nassau,0.00268,0.03663707137,0.03395707137,2021.97049808219,2021.97317808219,157
11,3,Nassau,NewYork,0.04068,0.07463707137,0.03395707137,2021.97049808219,2022.01117808219,157
13,7,Suffolk,Nassau,0.06604,0.082637071366,0.016597071366,2021.95313808219,2022.01917808219,157
11,1,NewYork,NewYork,0.000489999999899987,0.000489999999899987,0,2021.93653739725,2021.93702739725,1571
11,12,NewYork,NewYork,0.00273999999999999,0.00273999999999999,0,2021.93653739725,2021.93927739725,1571
12,2,NewYork,NewYork,0.000750000000000001,0.00348999999999999,0.00273999999999999,2021.93927739725,2021.94002739725,1571
12,13,NewYork,NewYork,0.01096,0.0137,0.00273999999999999,2021.93927739725,2021.95023739725,1571
13,3,NewYork,NewYork,0.000790000000000013,0.01449,0.0137,2021.95023739725,2021.95102739725,1571
13,14,NewYork,Kings,0.05023177852,0.06393177852,0.0137,2021.95023739725,2022.00046917577,1571
14,15,Kings,Kings,0.00194822147900002,0.065879999999,0.06393177852,2022.00046917577,2022.00241739725,1571
15,16,Kings,Kings,0.007903238593,0.073783238592,0.065879999999,2022.00241739725,2022.01032063584,1571
16,17,Kings,Kings,0.00121341902,0.074996657612,0.073783238592,2022.01032063584,2022.01153405486,1571
17,18,Kings,Kings,0.000913342387100002,0.0759099999991,0.074996657612,2022.01153405486,2022.01244739725,1571
15,5,Kings,Queens,0.02761,0.093489999999,0.065879999999,2022.00241739725,2022.03002739725,1571
18,19,Kings,Kings,0.03368,0.1095899999991,0.0759099999991,2022.01244739725,2022.04612739725,1571
19,9,Kings,Kings,0.000899999999999998,0.1104899999991,0.1095899999991,2022.04612739725,2022.04702739725,1571
19,10,Kings,Kings,0.000899999999999998,0.1104899999991,0.1095899999991,2022.04612739725,2022.04702739725,1571
18,8,Kings,Kings,0.03658,0.1124899999991,0.0759099999991,2022.01244739725,2022.04902739725,1571
14,4,Kings,Kings,0.1005582215,0.16449000002,0.06393177852,2022.00046917577,2022.10102739727,1571
16,6,Kings,Kings,0.1077067614,0.181489999992,0.073783238592,2022.01032063584,2022.11802739724,1571
17,7,Kings,NewYork,0.1144933424,0.189490000012,0.074996657612,2022.01153405486,2022.12602739726,1571
5,1,NewYork,NewYork,0.00254,0.00254,0,2021.98941890411,2021.99195890411,1578
5,6,NewYork,NewYork,0.00185,0.00185,0,2021.98941890411,2021.99126890411,1578
6,2,NewYork,NewYork,0.0006899999999,0.0025399999999,0.00185,2021.99126890411,2021.99195890411,1578
6,7,NewYork,Kings,0.00822,0.01007,0.00185,2021.99126890411,2021.99948890411,1578
7,3,Kings,Kings,0.00047,0.01054,0.01007,2021.99948890411,2021.99995890411,1578
7,4,Kings,Bronx,0.01147,0.02154,0.01007,2021.99948890411,2022.01095890411,1578
4,1,NewYork,NewYork,0.00029,0.00029,0,2022.0188469863,2022.0191369863,1581
4,5,NewYork,NewYork,0.01096,0.01096,0,2022.0188469863,2022.0298069863,1581
5,2,NewYork,NewYork,0.000329999999900001,0.0112899999999,0.01096,2022.0298069863,2022.0301369863,1581
5,3,NewYork,NewYork,0.000329999999900001,0.0112899999999,0.01096,2022.0298069863,2022.0301369863,1581
4,5,Westchester,Westchester,0.00185,0.00185,0,2021.96986273973,2021.97171273973,1592
4,3,Westchester,Westchester,0.00274,0.00274,0,2021.96986273973,2021.97260273973,1592
5,1,Westchester,Westchester,0.0008899999999,0.0027399999999,0.00185,2021.97171273973,2021.97260273973,1592
5,2,Westchester,Westchester,0.0008899999999,0.0027399999999,0.00185,2021.97171273973,2021.97260273973,1592
4,1,Bronx,Westchester,0.03025,0.03025,0,2021.94758561644,2021.97783561644,1624
4,5,Bronx,Bronx,0.01892,0.01892,0,2021.94758561644,2021.96650561644,1624
5,2,Bronx,Bronx,0.0003300000001,0.0192500000001,0.01892,2021.96650561644,2021.96683561644,1624
5,3,Bronx,Westchester,0.07733,0.09625,0.01892,2021.96650561644,2022.04383561644,1624
5,1,Nassau,Suffolk,0.16309,0.16309,0,2021.98211547945,2022.14520547945,1627
5,6,Nassau,Nassau,0.00208,0.00208,0,2021.98211547945,2021.98419547945,1627
6,7,Nassau,Nassau,0.00184999999999999,0.00392999999999999,0.00208,2021.98419547945,2021.98604547945,1627
7,3,Nassau,Nassau,0.000160000000100025,0.00409000000010001,0.00392999999999999,2021.98604547945,2021.98620547945,1627
7,4,Nassau,Nassau,0.00316,0.00708999999999999,0.00392999999999999,2021.98604547945,2021.98920547945,1627
6,2,Nassau,Nassau,0.03501,0.03709,0.00208,2021.98419547945,2022.01920547945,1627
4,1,Westchester,Kings,0.04260612634,0.04260612634,0,2021.97650346271,2022.01910958905,1635
4,5,Westchester,Westchester,0.00124612633499999,0.00124612633499999,0,2021.97650346271,2021.97774958904,1635
5,2,Westchester,Westchester,0.000360000000000027,0.00160612633500001,0.00124612633499999,2021.97774958904,2021.97810958904,1635
5,3,Westchester,Queens,0.12636,0.127606126335,0.00124612633499999,2021.97774958904,2022.10410958904,1635
6,1,NewYork,NewYork,0.0000199999999800013,0.0000199999999800013,0,2021.94162383562,2021.94164383562,1699
6,7,NewYork,NewYork,0.00637,0.00637,0,2021.94162383562,2021.94799383562,1699
7,8,NewYork,NewYork,0.00185,0.00822,0.00637,2021.94799383562,2021.94984383562,1699
7,9,NewYork,NewYork,0.00185,0.00822,0.00637,2021.94799383562,2021.94984383562,1699
8,2,NewYork,Kings,0.0008,0.00902,0.00822,2021.94984383562,2021.95064383562,1699
9,4,NewYork,NewYork,0.0008,0.00902,0.00822,2021.94984383562,2021.95064383562,1699
9,5,NewYork,Queens,0.0058,0.01402,0.00822,2021.94984383562,2021.95564383562,1699
8,3,NewYork,NewYork,0.0118,0.02002,0.00822,2021.94984383562,2021.96164383562,1699
10,11,NewYork,NewYork,0.00173999999999999,0.00173999999999999,0,2021.94650041096,2021.94824041096,1723
11,12,NewYork,NewYork,0.00185000000000002,0.00359000000000001,0.00173999999999999,2021.94824041096,2021.95009041096,1723
11,13,NewYork,Westchester,0.00185000000000002,0.00359000000000001,0.00173999999999999,2021.94824041096,2021.95009041096,1723
12,1,NewYork,Queens,0.000799999999999995,0.00439000000000001,0.00359000000000001,2021.95009041096,2021.95089041096,1723
13,3,Westchester,Westchester,0.000799999999999995,0.00439000000000001,0.00359000000000001,2021.95009041096,2021.95089041096,1723
13,4,Westchester,Westchester,0.000799999999999995,0.00439000000000001,0.00359000000000001,2021.95009041096,2021.95089041096,1723
10,14,NewYork,NewYork,0.00448000000000001,0.00448000000000001,0,2021.94650041096,2021.95098041096,1723
12,2,NewYork,NewYork,0.0028,0.00639000000000001,0.00359000000000001,2021.95009041096,2021.95289041096,1723
14,5,NewYork,Kings,0.00191,0.00639000000000001,0.00448000000000001,2021.95098041096,2021.95289041096,1723
14,15,NewYork,NewYork,0.00555,0.01003,0.00448000000000001,2021.95098041096,2021.95653041096,1723
15,16,NewYork,NewYork,0.00452,0.01455,0.01003,2021.95653041096,2021.96105041096,1723
16,6,NewYork,NewYork,0.00083999999999998,0.01539,0.01455,2021.96105041096,2021.96189041096,1723
15,9,NewYork,Westchester,0.01036,0.02039,0.01003,2021.95653041096,2021.96689041096,1723
16,17,NewYork,NewYork,0.01096,0.02551,0.01455,2021.96105041096,2021.97201041096,1723
17,7,NewYork,NewYork,0.000879999999899989,0.0263899999999,0.02551,2021.97201041096,2021.97289041096,1723
17,8,NewYork,Westchester,0.12388,0.14939,0.02551,2021.97201041096,2022.09589041096,1723
9,10,NewYork,NewYork,0.00274,0.00274,0,2021.94790273973,2021.95064273973,1774
9,14,NewYork,NewYork,0.00185,0.00185,0,2021.94790273973,2021.94975273973,1774
14,6,NewYork,Queens,0.00085,0.0027,0.00185,2021.94975273973,2021.95060273973,1774
10,11,NewYork,Kings,0.00185,0.00459,0.00274,2021.95064273973,2021.95249273973,1774
10,12,NewYork,NewYork,0.00185,0.00459,0.00274,2021.95064273973,2021.95249273973,1774
11,1,Kings,Kings,0.000109999999899999,0.0046999999999,0.00459,2021.95249273973,2021.95260273973,1774
12,3,NewYork,NewYork,0.000109999999899999,0.0046999999999,0.00459,2021.95249273973,2021.95260273973,1774
11,2,Kings,NewYork,0.00311,0.0077,0.00459,2021.95249273973,2021.95560273973,1774
14,15,NewYork,Kings,0.00911,0.01096,0.00185,2021.94975273973,2021.95886273973,1774
15,7,Kings,Suffolk,0.00274,0.0137,0.01096,2021.95886273973,2021.96160273973,1774
15,8,Kings,Kings,0.00274,0.0137,0.01096,2021.95886273973,2021.96160273973,1774
12,13,NewYork,NewYork,0.01644,0.02103,0.00459,2021.95249273973,2021.96893273973,1774
13,5,NewYork,Kings,0.00067,0.0217,0.02103,2021.96893273973,2021.96960273973,1774
13,4,NewYork,NewYork,0.00367,0.0247,0.02103,2021.96893273973,2021.97260273973,1774
4,1,Kings,Kings,0.000740000000000001,0.000740000000000001,0,2022.06493123288,2022.06567123288,1784
4,5,Kings,Kings,0.02192,0.02192,0,2022.06493123288,2022.08685123288,1784
5,2,Kings,Kings,0.000819999999900001,0.0227399999999,0.02192,2022.08685123288,2022.08767123288,1784
5,3,Kings,Kings,0.000819999999900001,0.0227399999999,0.02192,2022.08685123288,2022.08767123288,1784
4,5,Kings,Kings,0.04297776589,0.04297776589,0,2021.94640771356,2021.98938547945,1799
4,3,Kings,Kings,0.00179776589,0.00179776589,0,2021.94640771356,2021.94820547945,1799
5,1,Kings,Kings,0.07082,0.11379776589,0.04297776589,2021.98938547945,2022.06020547945,1799
5,2,Kings,Nassau,0.15582,0.19879776589,0.04297776589,2021.98938547945,2022.14520547945,1799
5,6,Westchester,Westchester,0.00185,0.00185,0,2021.95694356164,2021.95879356164,1802
6,1,Westchester,Westchester,0.00059,0.00244,0.00185,2021.95879356164,2021.95938356164,1802
5,7,Westchester,Westchester,0.00274,0.00274,0,2021.95694356164,2021.95968356164,1802
6,2,Westchester,Westchester,0.00359,0.00544,0.00185,2021.95879356164,2021.96238356164,1802
7,4,Westchester,Westchester,0.0027,0.00544,0.00274,2021.95968356164,2021.96238356164,1802
7,3,Westchester,Westchester,0.0047,0.00744,0.00274,2021.95968356164,2021.96438356164,1802
6,1,Kings,Kings,0.000709999999899999,0.000709999999899999,0,2021.99135849315,2021.99206849315,1849
6,7,Kings,Westchester,0.03836,0.03836,0,2021.99135849315,2022.02971849315,1849
7,2,Westchester,Westchester,0.000349999999899986,0.0387099999999,0.03836,2022.02971849315,2022.03006849315,1849
7,8,Westchester,Westchester,0.00639999999999999,0.04476,0.03836,2022.02971849315,2022.03611849315,1849
8,9,Westchester,Westchester,0.00182000000000002,0.04658,0.04476,2022.03611849315,2022.03793849315,1849
8,3,Westchester,Westchester,0.00195000000000001,0.04671,0.04476,2022.03611849315,2022.03806849315,1849
9,5,Westchester,Westchester,0.000129999999999991,0.04671,0.04658,2022.03793849315,2022.03806849315,1849
9,4,Westchester,Kings,0.07713,0.12371,0.04658,2022.03793849315,2022.11506849315,1849
4,1,Westchester,Bronx,0.0972,0.0972,0,2021.95790958908,2022.05510958908,1885
4,5,Westchester,Westchester,0.02097505636,0.02097505636,0,2021.95790958908,2021.97888464544,1885
5,3,Westchester,Westchester,0.04822494364,0.0692,0.02097505636,2021.97888464544,2022.02710958908,1885
5,2,Westchester,Nassau,0.1252249436,0.14619999996,0.02097505636,2021.97888464544,2022.10410958904,1885
19,1,Kings,Kings,0.000990000000000001,0.000990000000000001,0,2021.93065383562,2021.93164383562,189
19,20,Kings,NewYork,0.01379,0.01379,0,2021.93065383562,2021.94444383562,189
20,21,NewYork,NewYork,0.0018,0.01559,0.01379,2021.94444383562,2021.94624383562,189
20,25,NewYork,NewYork,0.0018,0.01559,0.01379,2021.94444383562,2021.94624383562,189
21,22,NewYork,NewYork,0.00174,0.01733,0.01559,2021.94624383562,2021.94798383562,189
25,31,NewYork,NewYork,0.00174,0.01733,0.01559,2021.94624383562,2021.94798383562,189
25,26,NewYork,Kings,0.00274,0.01833,0.01559,2021.94624383562,2021.94898383562,189
21,24,NewYork,Queens,0.00359,0.01918,0.01559,2021.94624383562,2021.94983383562,189
22,23,NewYork,NewYork,0.00185,0.01918,0.01733,2021.94798383562,2021.94983383562,189
31,32,NewYork,NewYork,0.00185,0.01918,0.01733,2021.94798383562,2021.94983383562,189
22,4,NewYork,NewYork,0.00266,0.01999,0.01733,2021.94798383562,2021.95064383562,189
23,2,NewYork,Kings,0.000810000000000002,0.01999,0.01918,2021.94983383562,2021.95064383562,189
23,3,NewYork,NewYork,0.000810000000000002,0.01999,0.01918,2021.94983383562,2021.95064383562,189
24,5,Queens,Queens,0.000810000000000002,0.01999,0.01918,2021.94983383562,2021.95064383562,189
24,6,Queens,Suffolk,0.000810000000000002,0.01999,0.01918,2021.94983383562,2021.95064383562,189
32,13,NewYork,NewYork,0.000810000000000002,0.01999,0.01918,2021.94983383562,2021.95064383562,189
32,14,NewYork,Suffolk,0.000810000000000002,0.01999,0.01918,2021.94983383562,2021.95064383562,189
26,28,Kings,Kings,0.00174,0.02007,0.01833,2021.94898383562,2021.95072383562,189
26,27,Kings,Kings,0.00359,0.02192,0.01833,2021.94898383562,2021.95257383562,189
28,29,Kings,Kings,0.00185,0.02192,0.02007,2021.95072383562,2021.95257383562,189
28,30,Kings,Queens,0.00185,0.02192,0.02007,2021.95072383562,2021.95257383562,189
27,7,Kings,Kings,0.0000699999999499989,0.02198999999995,0.02192,2021.95257383562,2021.95264383562,189
27,8,Kings,Kings,0.0000699999999499989,0.02198999999995,0.02192,2021.95257383562,2021.95264383562,189
29,9,Kings,Kings,0.0000699999999499989,0.02198999999995,0.02192,2021.95257383562,2021.95264383562,189
29,10,Kings,Suffolk,0.0000699999999499989,0.02198999999995,0.02192,2021.95257383562,2021.95264383562,189
30,11,Queens,Westchester,0.0000699999999499989,0.02198999999995,0.02192,2021.95257383562,2021.95264383562,189
30,12,Queens,Queens,0.0000699999999499989,0.02198999999995,0.02192,2021.95257383562,2021.95264383562,189
31,33,NewYork,NewYork,0.00648,0.02381,0.01733,2021.94798383562,2021.95446383562,189
33,34,NewYork,NewYork,0.00174,0.02555,0.02381,2021.95446383562,2021.95620383562,189
33,35,NewYork,Westchester,0.00359,0.0274,0.02381,2021.95446383562,2021.95805383562,189
34,15,NewYork,Kings,0.00244,0.02799,0.02555,2021.95620383562,2021.95864383562,189
35,17,Westchester,Westchester,0.00059,0.02799,0.0274,2021.95805383562,2021.95864383562,189
35,18,Westchester,Nassau,0.00059,0.02799,0.0274,2021.95805383562,2021.95864383562,189
34,16,NewYork,NewYork,0.00544,0.03099,0.02555,2021.95620383562,2021.96164383562,189
4,1,Kings,NewYork,0.13684,0.13684,0,2021.91766684931,2022.05450684931,1926
4,5,Kings,Kings,0.13624,0.13624,0,2021.91766684931,2022.05390684931,1926
5,3,Kings,Kings,0.000599999999999989,0.13684,0.13624,2022.05390684931,2022.05450684931,1926
5,2,Kings,Kings,0.0776,0.21384,0.13624,2022.05390684931,2022.13150684931,1926
5,6,Queens,NewYork,0.00185,0.00185,0,2021.9673830137,2021.9692330137,200
5,7,Queens,Queens,0.00185,0.00185,0,2021.9673830137,2021.9692330137,200
6,1,NewYork,NewYork,0.00063,0.00248,0.00185,2021.9692330137,2021.9698630137,200
6,2,NewYork,NewYork,0.00063,0.00248,0.00185,2021.9692330137,2021.9698630137,200
7,3,Queens,Suffolk,0.00063,0.00248,0.00185,2021.9692330137,2021.9698630137,200
7,4,Queens,Queens,0.00063,0.00248,0.00185,2021.9692330137,2021.9698630137,200
5,1,Kings,Kings,0.000730000000099998,0.000730000000099998,0,2021.92810561644,2021.92883561644,202
5,6,Kings,Kings,0.00911000000000001,0.00911000000000001,0,2021.92810561644,2021.93721561644,202
6,4,Kings,NewYork,0.00262,0.01173,0.00911000000000001,2021.93721561644,2021.93983561644,202
6,7,Kings,Kings,0.01281,0.02192,0.00911000000000001,2021.93721561644,2021.95002561644,202
7,2,Kings,Kings,0.000810000000000005,0.02273,0.02192,2021.95002561644,2021.95083561644,202
7,3,Kings,Kings,0.09381,0.11573,0.02192,2021.95002561644,2022.04383561644,202
4,5,Kings,Westchester,0.0006668302884,0.0006668302884,0,2021.95164465753,2021.95231148782,2036
4,3,Kings,Kings,0.00178,0.00178,0,2021.95164465753,2021.95342465753,2036
5,1,Westchester,Westchester,0.001113169712,0.0017800000004,0.0006668302884,2021.95231148782,2021.95342465753,2036
5,2,Westchester,Westchester,0.001113169712,0.0017800000004,0.0006668302884,2021.95231148782,2021.95342465753,2036
7,8,Nassau,Nassau,0.00174,0.00174,0,2021.94442465753,2021.94616465753,2037
7,11,Nassau,Nassau,0.00174,0.00174,0,2021.94442465753,2021.94616465753,2037
8,9,Nassau,Nassau,0.00185,0.00359,0.00174,2021.94616465753,2021.94801465753,2037
8,4,Nassau,Bronx,0.00226,0.004,0.00174,2021.94616465753,2021.94842465753,2037
11,5,Nassau,Richmond,0.00226,0.004,0.00174,2021.94616465753,2021.94842465753,2037
11,6,Nassau,NewYork,0.00226,0.004,0.00174,2021.94616465753,2021.94842465753,2037
9,1,Nassau,Nassau,0.0004100000001,0.0040000000001,0.00359,2021.94801465753,2021.94842465753,2037
9,10,Nassau,NewYork,0.003271505111,0.006861505111,0.00359,2021.94801465753,2021.95128616264,2037
10,2,NewYork,NewYork,0.002138494889,0.009,0.006861505111,2021.95128616264,2021.95342465753,2037
10,3,NewYork,Westchester,0.002138494889,0.009,0.006861505111,2021.95128616264,2021.95342465753,2037
4,1,Nassau,NewYork,0.05536,0.05536,0,2022.08710575342,2022.14246575342,2072
4,5,Nassau,Nassau,0.01128,0.01128,0,2022.08710575342,2022.09838575342,2072
5,2,Nassau,Nassau,0.03408,0.04536,0.01128,2022.09838575342,2022.13246575342,2072
5,3,Nassau,Kings,0.03408,0.04536,0.01128,2022.09838575342,2022.13246575342,2072
5,6,Nassau,Kings,0.00185,0.00185,0,2021.95410438356,2021.95595438356,2122
5,7,Nassau,Nassau,0.00185,0.00185,0,2021.95410438356,2021.95595438356,2122
6,1,Kings,Westchester,0.0002099999999,0.0020599999999,0.00185,2021.95595438356,2021.95616438356,2122
6,2,Kings,Kings,0.0002099999999,0.0020599999999,0.00185,2021.95595438356,2021.95616438356,2122
7,3,Nassau,Nassau,0.0002099999999,0.0020599999999,0.00185,2021.95595438356,2021.95616438356,2122
7,4,Nassau,Bronx,0.0002099999999,0.0020599999999,0.00185,2021.95595438356,2021.95616438356,2122
5,6,NewYork,NewYork,0.00185,0.00185,0,2021.94814493151,2021.94999493151,2135
5,7,NewYork,NewYork,0.00185,0.00185,0,2021.94814493151,2021.94999493151,2135
6,1,NewYork,Queens,0.00069,0.00254,0.00185,2021.94999493151,2021.95068493151,2135
6,2,NewYork,NewYork,0.00069,0.00254,0.00185,2021.94999493151,2021.95068493151,2135
7,3,NewYork,NewYork,0.00069,0.00254,0.00185,2021.94999493151,2021.95068493151,2135
7,4,NewYork,Kings,0.00069,0.00254,0.00185,2021.94999493151,2021.95068493151,2135
4,1,Queens,Kings,0.13526,0.13526,0,2021.9250139726,2022.0602739726,214
4,5,Queens,Queens,0.01999,0.01999,0,2021.9250139726,2021.9450039726,214
5,2,Queens,Queens,0.000269999999899989,0.0202599999999,0.01999,2021.9450039726,2021.9452739726,214
5,3,Queens,Queens,0.00627,0.02626,0.01999,2021.9450039726,2021.9512739726,214
22,23,Westchester,Westchester,0.00174,0.00174,0,2021.93985273973,2021.94159273973,233
23,1,Westchester,Westchester,0.00000999999998300277,0.001749999999983,0.00174,2021.94159273973,2021.94160273973,233
22,25,Westchester,Westchester,0.00637,0.00637,0,2021.93985273973,2021.94622273973,233
23,24,Westchester,NewYork,0.00548,0.00722,0.00174,2021.94159273973,2021.94707273973,233
24,3,NewYork,Suffolk,0.000530000000099999,0.0077500000001,0.00722,2021.94707273973,2021.94760273973,233
25,26,Westchester,Westchester,0.00174,0.00811,0.00637,2021.94622273973,2021.94796273973,233
26,27,Westchester,Westchester,0.00185,0.00996,0.00811,2021.94796273973,2021.94981273973,233
26,28,Westchester,Nassau,0.00185,0.00996,0.00811,2021.94796273973,2021.94981273973,233
24,2,NewYork,NewYork,0.00353,0.01075,0.00722,2021.94707273973,2021.95060273973,233
27,5,Westchester,Westchester,0.000790000000000003,0.01075,0.00996,2021.94981273973,2021.95060273973,233
28,6,Nassau,NewYork,0.000790000000000003,0.01075,0.00996,2021.94981273973,2021.95060273973,233
28,7,Nassau,Nassau,0.000790000000000003,0.01075,0.00996,2021.94981273973,2021.95060273973,233
25,29,Westchester,Westchester,0.00548,0.01185,0.00637,2021.94622273973,2021.95170273973,233
27,4,Westchester,Westchester,0.00279,0.01275,0.00996,2021.94981273973,2021.95260273973,233
29,36,Westchester,Westchester,0.00174,0.01359,0.01185,2021.95170273973,2021.95344273973,233
29,30,Westchester,Westchester,0.00274,0.01459,0.01185,2021.95170273973,2021.95444273973,233
36,37,Westchester,Westchester,0.00185,0.01544,0.01359,2021.95344273973,2021.95529273973,233
37,15,Westchester,Westchester,0.000309999999900001,0.0157499999999,0.01544,2021.95529273973,2021.95560273973,233
37,16,Westchester,Westchester,0.000309999999900001,0.0157499999999,0.01544,2021.95529273973,2021.95560273973,233
30,31,Westchester,Westchester,0.00174,0.01633,0.01459,2021.95444273973,2021.95618273973,233
30,33,Westchester,NewYork,0.00174,0.01633,0.01459,2021.95444273973,2021.95618273973,233
31,32,Westchester,Westchester,0.00185,0.01818,0.01633,2021.95618273973,2021.95803273973,233
33,34,NewYork,NewYork,0.00185,0.01818,0.01633,2021.95618273973,2021.95803273973,233
33,35,NewYork,NewYork,0.00185,0.01818,0.01633,2021.95618273973,2021.95803273973,233
31,10,Westchester,Westchester,0.00242,0.01875,0.01633,2021.95618273973,2021.95860273973,233
32,8,Westchester,Westchester,0.000570000000000001,0.01875,0.01818,2021.95803273973,2021.95860273973,233
32,9,Westchester,Westchester,0.000570000000000001,0.01875,0.01818,2021.95803273973,2021.95860273973,233
34,11,NewYork,Kings,0.000570000000000001,0.01875,0.01818,2021.95803273973,2021.95860273973,233
34,12,NewYork,NewYork,0.000570000000000001,0.01875,0.01818,2021.95803273973,2021.95860273973,233
35,14,NewYork,NewYork,0.000570000000000001,0.01875,0.01818,2021.95803273973,2021.95860273973,233
36,38,Westchester,Westchester,0.00648,0.02007,0.01359,2021.95344273973,2021.95992273973,233
38,41,Westchester,Westchester,0.00174,0.02181,0.02007,2021.95992273973,2021.96166273973,233
38,39,Westchester,Westchester,0.00359,0.02366,0.02007,2021.95992273973,2021.96351273973,233
39,17,Westchester,Westchester,0.0000899999999200013,0.02374999999992,0.02366,2021.96351273973,2021.96360273973,233
35,13,NewYork,NewYork,0.00557,0.02375,0.01818,2021.95803273973,2021.96360273973,233
41,20,Westchester,Westchester,0.00194,0.02375,0.02181,2021.96166273973,2021.96360273973,233
41,21,Westchester,Westchester,0.00794,0.02975,0.02181,2021.96166273973,2021.96960273973,233
39,40,Westchester,Bronx,0.00822,0.03188,0.02366,2021.96351273973,2021.97173273973,233
40,18,Bronx,Bronx,0.000869999999899999,0.0327499999999,0.03188,2021.97173273973,2021.97260273973,233
40,19,Bronx,Queens,0.000869999999899999,0.0327499999999,0.03188,2021.97173273973,2021.97260273973,233
5,1,Queens,Queens,0.00097,0.00097,0,2021.93123547945,2021.93220547945,238
5,6,Queens,Queens,0.00274,0.00274,0,2021.93123547945,2021.93397547945,238
6,2,Queens,Queens,0.000229999999900001,0.0029699999999,0.00274,2021.93397547945,2021.93420547945,238
6,7,Queens,Queens,0.00914,0.01188,0.00274,2021.93397547945,2021.94311547945,238
7,3,Queens,Queens,0.00209,0.01397,0.01188,2021.94311547945,2021.94520547945,238
7,4,Queens,Queens,0.00209,0.01397,0.01188,2021.94311547945,2021.94520547945,238
4,1,Nassau,Nassau,0.03915241295,0.03915241295,0,2021.90853251856,2021.94768493151,261
4,5,Nassau,Nassau,0.001413117219,0.001413117219,0,2021.90853251856,2021.90994563578,261
5,2,Nassau,Kings,0.03773929573,0.039152412949,0.001413117219,2021.90994563578,2021.94768493151,261
5,3,Nassau,Nassau,0.04073929573,0.042152412949,0.001413117219,2021.90994563578,2021.95068493151,261
7,8,Queens,Bronx,0.02916184303,0.02916184303,0,2021.90698199259,2021.93614383562,263
7,9,Queens,Queens,0.000298112453699997,0.000298112453699997,0,2021.90698199259,2021.90728010504,263
9,10,Queens,Queens,0.003086486885,0.0033845993387,0.000298112453699997,2021.90728010504,2021.91036659193,263
10,11,Queens,Queens,0.000402359404599997,0.0037869587433,0.0033845993387,2021.91036659193,2021.91076895133,263
8,1,Bronx,Bronx,0.000499999999900001,0.0296618430299,0.02916184303,2021.93614383562,2021.93664383562,263
9,3,Queens,Queens,0.04036373057,0.0406618430237,0.000298112453699997,2021.90728010504,2021.94764383561,263
11,5,Queens,Queens,0.03987488428,0.0436618430233,0.0037869587433,2021.91076895133,2021.95064383561,263
10,4,Queens,Queens,0.04027724369,0.0436618430287,0.0033845993387,2021.91036659193,2021.95064383562,263
11,6,Queens,Suffolk,0.04187488428,0.0456618430233,0.0037869587433,2021.91076895133,2021.95264383561,263
8,2,Bronx,Bronx,0.0255,0.05466184303,0.02916184303,2021.93614383562,2021.96164383562,263
4,1,Kings,NewYork,0.02493618326,0.02493618326,0,2021.94240628249,2021.96734246575,265
4,5,Kings,Kings,0.002997719448,0.002997719448,0,2021.94240628249,2021.94540400194,265
5,3,Kings,Kings,0.01893846381,0.021936183258,0.002997719448,2021.94540400194,2021.96434246575,265
5,2,Kings,Westchester,0.02993846381,0.032936183258,0.002997719448,2021.94540400194,2021.97534246575,265
4,1,Bronx,Bronx,0.000299999999900005,0.000299999999900005,0,2021.95579589041,2021.95609589041,273
4,5,Bronx,Kings,0.00917,0.00917,0,2021.95579589041,2021.96496589041,273
5,2,Kings,NewYork,0.00213000000000001,0.0113,0.00917,2021.96496589041,2021.96709589041,273
5,3,Kings,Nassau,0.07613,0.0853,0.00917,2021.96496589041,2022.04109589041,273
4,1,Suffolk,Westchester,0.06604,0.06604,0,2021.91752164384,2021.98356164384,275
4,5,Suffolk,Suffolk,0.00211,0.00211,0,2021.91752164384,2021.91963164384,275
5,2,Suffolk,Suffolk,0.00093,0.00304,0.00211,2021.91963164384,2021.92056164384,275
5,3,Suffolk,Suffolk,0.03293,0.03504,0.00211,2021.91963164384,2021.95256164384,275
4,1,NewYork,NewYork,0.00261,0.00261,0,2021.94803383562,2021.95064383562,28
4,5,NewYork,Kings,0.00184,0.00184,0,2021.94803383562,2021.94987383562,28
5,2,Kings,Queens,0.00077,0.00261,0.00184,2021.94987383562,2021.95064383562,28
5,3,Kings,Kings,0.01177,0.01361,0.00184,2021.94987383562,2021.96164383562,28
10,11,NewYork,NewYork,0.00181,0.00181,0,2021.93858328767,2021.94039328767,29
11,13,NewYork,NewYork,0.00125096164,0.00306096164,0.00181,2021.94039328767,2021.94164424931,29
13,3,NewYork,Suffolk,0.000479038360399999,0.0035400000004,0.00306096164,2021.94164424931,2021.94212328767,29
10,14,NewYork,NewYork,0.00444,0.00444,0,2021.93858328767,2021.94302328767,29
14,15,NewYork,Kings,0.00185,0.00629,0.00444,2021.94302328767,2021.94487328767,29
15,5,Kings,Kings,0.0002499999999,0.0065399999999,0.00629,2021.94487328767,2021.94512328767,29
14,16,NewYork,NewYork,0.00284,0.00728,0.00444,2021.94302328767,2021.94586328767,29
15,6,Kings,Kings,0.00325,0.00954,0.00629,2021.94487328767,2021.94812328767,29
13,4,NewYork,NewYork,0.006479038361,0.009540000001,0.00306096164,2021.94164424931,2021.94812328767,29
16,9,NewYork,Queens,0.00526,0.01254,0.00728,2021.94586328767,2021.95112328767,29
16,17,NewYork,NewYork,0.00722,0.0145,0.00728,2021.94586328767,2021.95308328767,29
17,7,NewYork,Bronx,0.0000399999999500002,0.01453999999995,0.0145,2021.95308328767,2021.95312328767,29
17,8,NewYork,NewYork,0.0000399999999500002,0.01453999999995,0.0145,2021.95308328767,2021.95312328767,29
11,12,NewYork,NewYork,0.02092,0.02273,0.00181,2021.94039328767,2021.96131328767,29
12,2,NewYork,Kings,0.000809999999999998,0.02354,0.02273,2021.96131328767,2021.96212328767,29
12,1,NewYork,NewYork,0.00581,0.02854,0.02273,2021.96131328767,2021.96712328767,29
7,1,Kings,Queens,0.06118,0.06118,0,2021.91183369863,2021.97301369863,290
7,8,Kings,Westchester,0.02163,0.02163,0,2021.91183369863,2021.93346369863,290
8,9,Westchester,Westchester,0.01189,0.03352,0.02163,2021.93346369863,2021.94535369863,290
9,10,Westchester,Westchester,0.02012,0.05364,0.03352,2021.94535369863,2021.96547369863,290
9,3,Westchester,Westchester,0.03266,0.06618,0.03352,2021.94535369863,2021.97801369863,290
10,4,Westchester,Westchester,0.01854,0.07218,0.05364,2021.96547369863,2021.98401369863,290
10,11,Westchester,Nassau,0.03133,0.08497,0.05364,2021.96547369863,2021.99680369863,290
11,5,Nassau,Nassau,0.000210000000000002,0.08518,0.08497,2021.99680369863,2021.99701369863,290
11,6,Nassau,Nassau,0.01121,0.09618,0.08497,2021.99680369863,2022.00801369863,290
8,2,Westchester,NewYork,0.12955,0.15118,0.02163,2021.93346369863,2022.06301369863,290
43,1,Nassau,Nassau,0.04652,0.04652,0,2021.89084986301,2021.93736986301,292
43,44,Nassau,Nassau,0.00198999999999999,0.00198999999999999,0,2021.89084986301,2021.89283986301,292
44,45,Nassau,Nassau,0.00201000000000001,0.004,0.00198999999999999,2021.89283986301,2021.89484986301,292
45,46,Nassau,Nassau,0.00205,0.00605,0.004,2021.89484986301,2021.89689986301,292
46,47,Nassau,Nassau,0.00201999999999999,0.00806999999999999,0.00605,2021.89689986301,2021.89891986301,292
47,48,Nassau,Nassau,0.00384999999999999,0.01192,0.00806999999999999,2021.89891986301,2021.90276986301,292
48,51,Nassau,Nassau,0.00394,0.01586,0.01192,2021.90276986301,2021.90670986301,292
51,52,Nassau,Nassau,0.00396000000000002,0.01982,0.01586,2021.90670986301,2021.91066986301,292
48,49,Nassau,Nassau,0.00963683403600002,0.021556834036,0.01192,2021.90276986301,2021.91240669705,292
52,53,Nassau,Nassau,0.00197,0.02179,0.01982,2021.91066986301,2021.91263986301,292
49,50,Nassau,Nassau,0.00149316596399998,0.02305,0.021556834036,2021.91240669705,2021.91389986301,292
53,54,Nassau,Nassau,0.00195999999999999,0.02375,0.02179,2021.91263986301,2021.91459986301,292
54,55,Nassau,Nassau,0.00192000000000001,0.02567,0.02375,2021.91459986301,2021.91651986301,292
55,56,Nassau,Nassau,0.00195000000000001,0.02762,0.02567,2021.91651986301,2021.91846986301,292
56,57,Nassau,Nassau,0.00383,0.03145,0.02762,2021.91846986301,2021.92229986301,292
57,59,Nassau,Nassau,0.00370000000000001,0.03515,0.03145,2021.92229986301,2021.92599986301,292
50,7,Nassau,Nassau,0.01247,0.03552,0.02305,2021.91389986301,2021.92636986301,292
59,60,Nassau,NewYork,0.0018,0.03695,0.03515,2021.92599986301,2021.92779986301,292
59,17,Nassau,Nassau,0.00336999999999998,0.03852,0.03515,2021.92599986301,2021.92936986301,292
60,61,NewYork,NewYork,0.00173999999999999,0.03869,0.03695,2021.92779986301,2021.92953986301,292
60,72,NewYork,NewYork,0.00173999999999999,0.03869,0.03695,2021.92779986301,2021.92953986301,292
61,62,NewYork,NewYork,0.00184999999999999,0.04054,0.03869,2021.92953986301,2021.93138986301,292
72,73,NewYork,NewYork,0.00184999999999999,0.04054,0.03869,2021.92953986301,2021.93138986301,292
62,18,NewYork,NewYork,0.000980000000000009,0.04152,0.04054,2021.93138986301,2021.93236986301,292
62,19,NewYork,NewYork,0.000980000000000009,0.04152,0.04054,2021.93138986301,2021.93236986301,292
73,30,NewYork,NewYork,0.000980000000000009,0.04152,0.04054,2021.93138986301,2021.93236986301,292
73,31,NewYork,Kings,0.000980000000000009,0.04152,0.04054,2021.93138986301,2021.93236986301,292
61,63,NewYork,NewYork,0.00547999999999998,0.04417,0.03869,2021.92953986301,2021.93501986301,292
63,66,NewYork,NewYork,0.00185000000000002,0.04602,0.04417,2021.93501986301,2021.93686986301,292
66,23,NewYork,NewYork,0.000499999999899997,0.0465199999999,0.04602,2021.93686986301,2021.93736986301,292
44,2,Nassau,Kings,0.04753,0.04952,0.00198999999999999,2021.89283986301,2021.94036986301,292
72,74,NewYork,NewYork,0.01106,0.04975,0.03869,2021.92953986301,2021.94059986301,292
45,3,Nassau,Nassau,0.04752,0.05152,0.004,2021.89484986301,2021.94236986301,292
74,32,NewYork,Suffolk,0.00176999999999999,0.05152,0.04975,2021.94059986301,2021.94236986301,292
74,75,NewYork,NewYork,0.00536999999999999,0.05512,0.04975,2021.94059986301,2021.94596986301,292
75,76,NewYork,NewYork,0.00184999999999999,0.05697,0.05512,2021.94596986301,2021.94781986301,292
49,6,Nassau,NewYork,0.03596316596,0.057519999996,0.021556834036,2021.91240669705,2021.94836986301,292
50,8,Nassau,Westchester,0.03447,0.05752,0.02305,2021.91389986301,2021.94836986301,292
76,34,NewYork,NewYork,0.000550000000099998,0.0575200000001,0.05697,2021.94781986301,2021.94836986301,292
66,67,NewYork,NewYork,0.01185,0.05787,0.04602,2021.93686986301,2021.94871986301,292
67,68,NewYork,Kings,0.00184999999999999,0.05972,0.05787,2021.94871986301,2021.95056986301,292
67,69,NewYork,NewYork,0.00184999999999999,0.05972,0.05787,2021.94871986301,2021.95056986301,292
76,33,NewYork,NewYork,0.00355,0.06052,0.05697,2021.94781986301,2021.95136986301,292
68,24,Kings,Kings,0.000799999999999995,0.06052,0.05972,2021.95056986301,2021.95136986301,292
68,25,Kings,Kings,0.000799999999999995,0.06052,0.05972,2021.95056986301,2021.95136986301,292
69,26,NewYork,NewYork,0.000799999999999995,0.06052,0.05972,2021.95056986301,2021.95136986301,292
75,77,NewYork,Nassau,0.00822000000000001,0.06334,0.05512,2021.94596986301,2021.95418986301,292
77,78,Nassau,Nassau,0.00185000000000002,0.06519,0.06334,2021.95418986301,2021.95603986301,292
78,35,Nassau,NewYork,0.000329999999899966,0.0655199999999,0.06519,2021.95603986301,2021.95636986301,292
77,80,Nassau,Nassau,0.00458999999999998,0.06793,0.06334,2021.95418986301,2021.95877986301,292
78,79,Nassau,Nassau,0.00273999999999999,0.06793,0.06519,2021.95603986301,2021.95877986301,292
79,36,Nassau,Kings,0.000590000000000007,0.06852,0.06793,2021.95877986301,2021.95936986301,292
79,37,Nassau,Nassau,0.000590000000000007,0.06852,0.06793,2021.95877986301,2021.95936986301,292
80,38,Nassau,Nassau,0.000590000000000007,0.06852,0.06793,2021.95877986301,2021.95936986301,292
63,64,NewYork,NewYork,0.02443,0.0686,0.04417,2021.93501986301,2021.95944986301,292
69,70,NewYork,Kings,0.01096,0.07068,0.05972,2021.95056986301,2021.96152986301,292
70,27,Kings,Kings,0.00083999999999998,0.07152,0.07068,2021.96152986301,2021.96236986301,292
70,71,Kings,Kings,0.00548000000000001,0.07616,0.07068,2021.96152986301,2021.96700986301,292
51,9,Nassau,Kings,0.06066,0.07652,0.01586,2021.90670986301,2021.96736986301,292
71,28,Kings,Bronx,0.000360000000100003,0.0765200000001,0.07616,2021.96700986301,2021.96736986301,292
71,29,Kings,Kings,0.000360000000100003,0.0765200000001,0.07616,2021.96700986301,2021.96736986301,292
52,10,Nassau,Kings,0.0627,0.08252,0.01982,2021.91066986301,2021.97336986301,292
53,11,Nassau,NewYork,0.06273,0.08452,0.02179,2021.91263986301,2021.97536986301,292
57,58,Nassau,Kings,0.06389,0.09534,0.03145,2021.92229986301,2021.98618986301,292
46,4,Nassau,NewYork,0.08947,0.09552,0.00605,2021.89689986301,2021.98636986301,292
55,13,Nassau,Kings,0.06985,0.09552,0.02567,2021.91651986301,2021.98636986301,292
58,15,Kings,Kings,0.000180000000100003,0.0955200000001,0.09534,2021.98618986301,2021.98636986301,292
58,16,Kings,Kings,0.000180000000100003,0.0955200000001,0.09534,2021.98618986301,2021.98636986301,292
56,14,Nassau,Nassau,0.0709,0.09852,0.02762,2021.91846986301,2021.98936986301,292
64,20,NewYork,Kings,0.03292,0.10152,0.0686,2021.95944986301,2021.99236986301,292
47,5,Nassau,Queens,0.09845,0.10652,0.00806999999999999,2021.89891986301,2021.99736986301,292
64,65,NewYork,Kings,0.04317,0.11177,0.0686,2021.95944986301,2022.00261986301,292
65,21,Kings,Kings,0.000749999999899997,0.1125199999999,0.11177,2022.00261986301,2022.00336986301,292
80,81,Nassau,Kings,0.04551464069,0.11344464069,0.06793,2021.95877986301,2022.0042945037,292
81,82,Kings,Kings,0.001335359309,0.114779999999,0.11344464069,2022.0042945037,2022.00562986301,292
82,83,Kings,Kings,0.000458792011899994,0.1152387920109,0.114779999999,2022.00562986301,2022.00608865502,292
82,40,Kings,NewYork,0.02774,0.142519999999,0.114779999999,2022.00562986301,2022.03336986301,292
83,41,Kings,Kings,0.04128120799,0.1565200000009,0.1152387920109,2022.00608865502,2022.04736986301,292
54,12,Nassau,Kings,0.13477,0.15852,0.02375,2021.91459986301,2022.04936986301,292
65,22,Kings,NewYork,0.04975,0.16152,0.11177,2022.00261986301,2022.05236986301,292
83,42,Kings,NewYork,0.06528120799,0.1805200000009,0.1152387920109,2022.00608865502,2022.07136986301,292
81,39,Kings,Queens,0.09707535931,0.21052,0.11344464069,2022.0042945037,2022.10136986301,292
6,1,Kings,Kings,0.00059,0.00059,0,2021.95801273973,2021.95860273973,293
6,7,Kings,NewYork,0.00911,0.00911,0,2021.95801273973,2021.96712273973,293
7,8,NewYork,NewYork,0.00185,0.01096,0.00911,2021.96712273973,2021.96897273973,293
8,2,NewYork,NewYork,0.00063,0.01159,0.01096,2021.96897273973,2021.96960273973,293
8,3,NewYork,Kings,0.00063,0.01159,0.01096,2021.96897273973,2021.96960273973,293
7,9,NewYork,NewYork,0.00459,0.0137,0.00911,2021.96712273973,2021.97171273973,293
9,4,NewYork,Queens,0.0008899999999,0.0145899999999,0.0137,2021.97171273973,2021.97260273973,293
9,5,NewYork,NewYork,0.0008899999999,0.0145899999999,0.0137,2021.97171273973,2021.97260273973,293
5,1,Kings,Kings,0.00143,0.00143,0,2021.97961109589,2021.98104109589,294
5,6,Kings,Queens,0.00349,0.00349,0,2021.97961109589,2021.98310109589,294
6,2,Queens,Nassau,0.0009399999999,0.0044299999999,0.00349,2021.98310109589,2021.98404109589,294
6,7,Queens,Queens,0.00548,0.00897,0.00349,2021.98310109589,2021.98858109589,294
7,3,Queens,Queens,0.00046,0.00943,0.00897,2021.98858109589,2021.98904109589,294
7,4,Queens,Queens,0.00046,0.00943,0.00897,2021.98858109589,2021.98904109589,294
5,1,NewYork,NewYork,0.0000200000000900036,0.0000200000000900036,0,2022.00496630137,2022.00498630137,296
5,6,NewYork,NewYork,0.04658,0.04658,0,2022.00496630137,2022.05154630137,296
6,2,NewYork,NewYork,0.000439999999899993,0.0470199999999,0.04658,2022.05154630137,2022.05198630137,296
6,7,NewYork,NewYork,0.00821999999999999,0.0548,0.04658,2022.05154630137,2022.05976630137,296
7,3,NewYork,NewYork,0.000219999999900009,0.0550199999999,0.0548,2022.05976630137,2022.05998630137,296
7,4,NewYork,Nassau,0.07722,0.13202,0.0548,2022.05976630137,2022.13698630137,296
4,1,Nassau,Nassau,0.03811,0.03811,0,2022.00572561644,2022.04383561644,304
4,5,Nassau,Nassau,0.00185,0.00185,0,2022.00572561644,2022.00757561644,304
5,2,Nassau,Nassau,0.000260000000000003,0.00211,0.00185,2022.00757561644,2022.00783561644,304
5,3,Nassau,Westchester,0.01926,0.02111,0.00185,2022.00757561644,2022.02683561644,304
28,1,NewYork,Westchester,0.06566,0.06566,0,2021.92586054795,2021.99152054795,314
28,29,NewYork,NewYork,0.00194,0.00194,0,2021.92586054795,2021.92780054795,314
29,30,NewYork,NewYork,0.00369,0.00563,0.00194,2021.92780054795,2021.93149054795,314
30,38,NewYork,NewYork,0.0018,0.00743,0.00563,2021.93149054795,2021.93329054795,314
38,11,NewYork,NewYork,0.000229999999900005,0.0076599999999,0.00743,2021.93329054795,2021.93352054795,314
30,31,NewYork,Kings,0.00454,0.01017,0.00563,2021.93149054795,2021.93603054795,314
31,3,Kings,Kings,0.000489999999900001,0.0106599999999,0.01017,2021.93603054795,2021.93652054795,314
31,32,Kings,Kings,0.00822000000000001,0.01839,0.01017,2021.93603054795,2021.94425054795,314
32,4,Kings,Kings,0.000269999999899996,0.0186599999999,0.01839,2021.94425054795,2021.94452054795,314
32,33,Kings,Kings,0.00273999999999999,0.02113,0.01839,2021.94425054795,2021.94699054795,314
38,39,NewYork,NewYork,0.01379,0.02122,0.00743,2021.93329054795,2021.94708054795,314
33,5,Kings,Kings,0.000530000000100006,0.0216600000001,0.02113,2021.94699054795,2021.94752054795,314
39,40,NewYork,NewYork,0.0018,0.02302,0.02122,2021.94708054795,2021.94888054795,314
33,34,Kings,Kings,0.00274000000000001,0.02387,0.02113,2021.94699054795,2021.94973054795,314
34,6,Kings,Kings,0.000789999999999999,0.02466,0.02387,2021.94973054795,2021.95052054795,314
40,41,NewYork,NewYork,0.00174000000000001,0.02476,0.02302,2021.94888054795,2021.95062054795,314
39,44,NewYork,Kings,0.00457,0.02579,0.02122,2021.94708054795,2021.95165054795,314
40,43,NewYork,NewYork,0.00359,0.02661,0.02302,2021.94888054795,2021.95247054795,314
41,42,NewYork,NewYork,0.00185,0.02661,0.02476,2021.95062054795,2021.95247054795,314
42,13,NewYork,NewYork,0.0000499999999499998,0.02665999999995,0.02661,2021.95247054795,2021.95252054795,314
42,14,NewYork,Kings,0.0000499999999499998,0.02665999999995,0.02661,2021.95247054795,2021.95252054795,314
43,15,NewYork,Kings,0.0000499999999499998,0.02665999999995,0.02661,2021.95247054795,2021.95252054795,314
43,16,NewYork,NewYork,0.0000499999999499998,0.02665999999995,0.02661,2021.95247054795,2021.95252054795,314
41,12,NewYork,Westchester,0.0019,0.02666,0.02476,2021.95062054795,2021.95252054795,314
44,49,Kings,Kings,0.00173,0.02752,0.02579,2021.95165054795,2021.95338054795,314
44,45,Kings,Kings,0.00271,0.0285,0.02579,2021.95165054795,2021.95436054795,314
45,47,Kings,Kings,0.00174,0.03024,0.0285,2021.95436054795,2021.95610054795,314
45,46,Kings,Kings,0.00359,0.03209,0.0285,2021.95436054795,2021.95795054795,314
47,48,Kings,Kings,0.00185,0.03209,0.03024,2021.95610054795,2021.95795054795,314
47,19,Kings,Kings,0.00242,0.03266,0.03024,2021.95610054795,2021.95852054795,314
46,17,Kings,Kings,0.000570000000000001,0.03266,0.03209,2021.95795054795,2021.95852054795,314
46,18,Kings,Kings,0.000570000000000001,0.03266,0.03209,2021.95795054795,2021.95852054795,314
48,20,Kings,Kings,0.000570000000000001,0.03266,0.03209,2021.95795054795,2021.95852054795,314
48,21,Kings,Suffolk,0.000570000000000001,0.03266,0.03209,2021.95795054795,2021.95852054795,314
34,35,Kings,Queens,0.00910999999999999,0.03298,0.02387,2021.94973054795,2021.95884054795,314
49,53,Kings,Bronx,0.0073,0.03482,0.02752,2021.95338054795,2021.96068054795,314
35,36,Queens,Nassau,0.00185,0.03483,0.03298,2021.95884054795,2021.96069054795,314
35,37,Queens,Queens,0.00185,0.03483,0.03298,2021.95884054795,2021.96069054795,314
53,26,Bronx,Bronx,0.00084,0.03566,0.03482,2021.96068054795,2021.96152054795,314
36,7,Nassau,Nassau,0.000829999999999997,0.03566,0.03483,2021.96069054795,2021.96152054795,314
36,8,Nassau,Nassau,0.000829999999999997,0.03566,0.03483,2021.96069054795,2021.96152054795,314
37,9,Queens,Nassau,0.000829999999999997,0.03566,0.03483,2021.96069054795,2021.96152054795,314
37,10,Queens,Queens,0.000829999999999997,0.03566,0.03483,2021.96069054795,2021.96152054795,314
49,50,Kings,Kings,0.0082,0.03572,0.02752,2021.95338054795,2021.96158054795,314
50,51,Kings,Kings,0.00185,0.03757,0.03572,2021.96158054795,2021.96343054795,314
50,52,Kings,Kings,0.00185,0.03757,0.03572,2021.96158054795,2021.96343054795,314
51,22,Kings,Kings,0.0000899999999200013,0.03765999999992,0.03757,2021.96343054795,2021.96352054795,314
51,23,Kings,Westchester,0.0000899999999200013,0.03765999999992,0.03757,2021.96343054795,2021.96352054795,314
52,24,Kings,NewYork,0.0000899999999200013,0.03765999999992,0.03757,2021.96343054795,2021.96352054795,314
53,27,Bronx,Kings,0.00584,0.04066,0.03482,2021.96068054795,2021.96652054795,314
52,25,Kings,Kings,0.00609,0.04366,0.03757,2021.96343054795,2021.96952054795,314
29,2,NewYork,Westchester,0.06672,0.06866,0.00194,2021.92780054795,2021.99452054795,314
4,1,NewYork,NewYork,0.00016,0.00016,0,2022.04863452055,2022.04879452055,320
4,5,NewYork,Westchester,0.0037,0.0037,0,2022.04863452055,2022.05233452055,320
5,2,Westchester,Westchester,0.00246,0.00616,0.0037,2022.05233452055,2022.05479452055,320
5,3,Westchester,Westchester,0.00246,0.00616,0.0037,2022.05233452055,2022.05479452055,320
5,6,Kings,NewYork,0.00274,0.00274,0,2021.94605465753,2021.94879465753,331
5,4,Kings,Kings,0.00237,0.00237,0,2021.94605465753,2021.94842465753,331
6,7,NewYork,NewYork,0.00185,0.00459,0.00274,2021.94879465753,2021.95064465753,331
6,3,NewYork,NewYork,0.00263,0.00537,0.00274,2021.94879465753,2021.95142465753,331
7,2,NewYork,NewYork,0.00078,0.00537,0.00459,2021.95064465753,2021.95142465753,331
7,1,NewYork,NewYork,0.00278,0.00737,0.00459,2021.95064465753,2021.95342465753,331
6,7,Bronx,Bronx,0.00185,0.00185,0,2021.95673328767,2021.95858328767,35
7,1,Bronx,Bronx,0.000539999999999999,0.00239,0.00185,2021.95858328767,2021.95912328767,35
7,2,Bronx,Queens,0.000539999999999999,0.00239,0.00185,2021.95858328767,2021.95912328767,35
6,8,Bronx,Bronx,0.00458,0.00458,0,2021.95673328767,2021.96131328767,35
8,3,Bronx,Bronx,0.00081,0.00539,0.00458,2021.96131328767,2021.96212328767,35
8,9,Bronx,Bronx,0.00548,0.01006,0.00458,2021.96131328767,2021.96679328767,35
9,4,Bronx,Bronx,0.0003300000001,0.0103900000001,0.01006,2021.96679328767,2021.96712328767,35
9,5,Bronx,Kings,0.0003300000001,0.0103900000001,0.01006,2021.96679328767,2021.96712328767,35
4,1,NewYork,Queens,0.000279999999899999,0.000279999999899999,0,2021.95610356164,2021.95638356164,36
4,5,NewYork,NewYork,0.00548,0.00548,0,2021.95610356164,2021.96158356164,36
5,2,NewYork,Westchester,0.0008,0.00628,0.00548,2021.96158356164,2021.96238356164,36
5,3,NewYork,NewYork,0.0028,0.00828,0.00548,2021.96158356164,2021.96438356164,36
6,1,NewYork,Queens,0.00436,0.00436,0,2021.94628383562,2021.95064383562,363
6,7,NewYork,NewYork,0.00174,0.00174,0,2021.94628383562,2021.94802383562,363
7,8,NewYork,NewYork,0.00185,0.00359,0.00174,2021.94802383562,2021.94987383562,363
7,5,NewYork,NewYork,0.00262,0.00436,0.00174,2021.94802383562,2021.95064383562,363
8,2,NewYork,NewYork,0.00077,0.00436,0.00359,2021.94987383562,2021.95064383562,363
8,9,NewYork,NewYork,0.00274,0.00633,0.00359,2021.94987383562,2021.95261383562,363
9,3,NewYork,NewYork,0.0000299999999500006,0.00635999999995,0.00633,2021.95261383562,2021.95264383562,363
9,4,NewYork,Kings,0.00903,0.01536,0.00633,2021.95261383562,2021.96164383562,363
4,1,Westchester,Westchester,0.03234,0.03234,0,2021.95413945205,2021.98647945205,400
4,5,Westchester,Westchester,0.01572,0.01572,0,2021.95413945205,2021.96985945205,400
5,3,Westchester,Westchester,0.000620000000000002,0.01634,0.01572,2021.96985945205,2021.97047945205,400
5,2,Westchester,Westchester,0.03562,0.05134,0.01572,2021.96985945205,2022.00547945205,400
4,1,NewYork,Queens,0.002832445588,0.002832445588,0,2021.95355111605,2021.95638356164,409
4,5,NewYork,NewYork,0.000741546260700001,0.000741546260700001,0,2021.95355111605,2021.95429266231,409
5,3,NewYork,NewYork,0.002090899327,0.0028324455877,0.000741546260700001,2021.95429266231,2021.95638356164,409
5,2,NewYork,Kings,0.01009089933,0.0108324455907,0.000741546260700001,2021.95429266231,2021.96438356164,409
5,1,Kings,Kings,0.000319999999899998,0.000319999999899998,0,2021.95563890411,2021.95595890411,416
5,6,Kings,Westchester,0.00548,0.00548,0,2021.95563890411,2021.96111890411,416
6,2,Westchester,Westchester,0.00084,0.00632,0.00548,2021.96111890411,2021.96195890411,416
6,7,Westchester,NewYork,0.04384,0.04932,0.00548,2021.96111890411,2022.00495890411,416
7,3,NewYork,NewYork,0.0000000000000857092175010621,0.0493200000000857,0.04932,2022.00495890411,2022.00495890411,416
7,4,NewYork,Suffolk,0.006,0.05532,0.04932,2022.00495890411,2022.01095890411,416
12,1,Queens,Queens,0.03182175934,0.03182175934,0,2021.92435632284,2021.95617808218,423
12,13,Queens,Queens,0.000292099628900006,0.000292099628900006,0,2021.92435632284,2021.92464842247,423
13,14,Queens,Queens,0.00112724462699999,0.0014193442559,0.000292099628900006,2021.92464842247,2021.9257756671,423
14,15,Queens,Queens,0.000284068183800001,0.0017034124397,0.0014193442559,2021.9257756671,2021.92605973528,423
15,16,Queens,Queens,0.00113202509,0.0028354375297,0.0017034124397,2021.92605973528,2021.92719176037,423
16,18,Queens,Queens,0.000184831379799993,0.0030202689095,0.0028354375297,2021.92719176037,2021.92737659175,423
18,19,Queens,Queens,0.001709243203,0.0047295121125,0.0030202689095,2021.92737659175,2021.92908583496,423
19,20,Queens,Queens,0.00105168502899999,0.00578119714149999,0.0047295121125,2021.92908583496,2021.93013751999,423
20,21,Queens,Queens,0.000890562201199999,0.00667175934269999,0.00578119714149999,2021.93013751999,2021.93102808219,423
16,17,Queens,Kings,0.03141632181,0.0342517593397,0.0028354375297,2021.92719176037,2021.95860808218,423
13,2,Queens,Queens,0.03452965971,0.0348217593389,0.000292099628900006,2021.92464842247,2021.95917808218,423
18,7,Queens,Queens,0.03180149043,0.0348217593395,0.0030202689095,2021.92737659175,2021.95917808218,423
17,5,Kings,Kings,0.000570000000000001,0.0348217593397,0.0342517593397,2021.95860808218,2021.95917808218,423
17,6,Kings,NewYork,0.00357,0.0378217593397,0.0342517593397,2021.95860808218,2021.96217808218,423
20,9,Queens,Queens,0.0400405622,0.0458217593415,0.00578119714149999,2021.93013751999,2021.97017808219,423
21,10,Queens,Queens,0.03915,0.0458217593427,0.00667175934269999,2021.93102808219,2021.97017808219,423
19,8,Queens,Westchester,0.04409224723,0.0488217593425,0.0047295121125,2021.92908583496,2021.97317808219,423
21,11,Queens,Westchester,0.04215,0.0488217593427,0.00667175934269999,2021.93102808219,2021.97317808219,423
15,4,Queens,Westchester,0.0931183469,0.0948217593397,0.0017034124397,2021.92605973528,2022.01917808218,423
14,3,Queens,Nassau,0.09340241509,0.0948217593459,0.0014193442559,2021.9257756671,2022.01917808219,423
8,9,Kings,Kings,0.00174,0.00174,0,2021.94407438356,2021.94581438356,43
9,10,Kings,Kings,0.00185,0.00359,0.00174,2021.94581438356,2021.94766438356,43
9,1,Kings,Queens,0.00235,0.00409,0.00174,2021.94581438356,2021.94816438356,43
10,2,Kings,Suffolk,0.0005000000001,0.0040900000001,0.00359,2021.94766438356,2021.94816438356,43
8,11,Kings,Kings,0.00448,0.00448,0,2021.94407438356,2021.94855438356,43
11,12,Kings,NewYork,0.00185,0.00633,0.00448,2021.94855438356,2021.95040438356,43
10,3,Kings,Kings,0.0035,0.00709,0.00359,2021.94766438356,2021.95116438356,43
12,4,NewYork,NewYork,0.00076,0.00709,0.00633,2021.95040438356,2021.95116438356,43
12,5,NewYork,NewYork,0.00076,0.00709,0.00633,2021.95040438356,2021.95116438356,43
11,13,Kings,Kings,0.00733,0.01181,0.00448,2021.94855438356,2021.95588438356,43
13,6,Kings,Queens,0.000279999999900001,0.0120899999999,0.01181,2021.95588438356,2021.95616438356,43
13,7,Kings,Kings,0.000279999999900001,0.0120899999999,0.01181,2021.95588438356,2021.95616438356,43
4,1,Westchester,Westchester,0.01486,0.01486,0,2021.95809890411,2021.97295890411,432
4,5,Westchester,Nassau,0.04774,0.04774,0,2021.95809890411,2022.00583890411,432
5,3,Nassau,Nassau,0.00212,0.04986,0.04774,2022.00583890411,2022.00795890411,432
5,2,Nassau,Richmond,0.00512,0.05286,0.04774,2022.00583890411,2022.01095890411,432
4,1,Nassau,Nassau,0.000839999999999994,0.000839999999999994,0,2021.96117369863,2021.96201369863,437
4,5,Nassau,Queens,0.02996,0.02996,0,2021.96117369863,2021.99113369863,437
5,3,Queens,Kings,0.05788,0.08784,0.02996,2021.99113369863,2022.04901369863,437
5,2,Queens,Suffolk,0.07188,0.10184,0.02996,2021.99113369863,2022.06301369863,437
4,1,Westchester,Westchester,0.000919999999900001,0.000919999999900001,0,2021.98281972603,2021.98373972603,451
4,5,Westchester,Queens,0.01918,0.01918,0,2021.98281972603,2022.00199972603,451
5,2,Queens,Queens,0.000739999999900001,0.0199199999999,0.01918,2022.00199972603,2022.00273972603,451
5,3,Queens,Queens,0.000739999999900001,0.0199199999999,0.01918,2022.00199972603,2022.00273972603,451
4,1,Suffolk,Suffolk,0.08214382749,0.08214382749,0,2022.01896576155,2022.10110958904,462
4,5,Suffolk,Suffolk,0.000443827485899995,0.000443827485899995,0,2022.01896576155,2022.01940958904,462
5,3,Suffolk,Nassau,0.0817,0.0821438274859,0.000443827485899995,2022.01940958904,2022.10110958904,462
5,2,Suffolk,Richmond,0.0847,0.0851438274859,0.000443827485899995,2022.01940958904,2022.10410958904,462
6,1,Queens,NewYork,0.02566347479,0.02566347479,0,2021.99891186769,2022.02457534248,521
6,7,Queens,Queens,0.000844397662500003,0.000844397662500003,0,2021.99891186769,2021.99975626535,521
7,8,Queens,Queens,0.000291204478799996,0.0011356021413,0.000844397662500003,2021.99975626535,2022.00004746983,521
8,9,Queens,Queens,0.001860660818,0.0029962629593,0.0011356021413,2022.00004746983,2022.00190813065,521
8,3,Queens,Queens,0.04052787264,0.0416634747813,0.0011356021413,2022.00004746983,2022.04057534247,521
9,4,Queens,NewYork,0.03866721183,0.0416634747893,0.0029962629593,2022.00190813065,2022.04057534248,521
9,5,Queens,Nassau,0.03866721183,0.0416634747893,0.0029962629593,2022.00190813065,2022.04057534248,521
7,2,Queens,Queens,0.04681907712,0.0476634747825,0.000844397662500003,2021.99975626535,2022.04657534247,521
23,24,Suffolk,Suffolk,0.00181,0.00181,0,2021.91297547945,2021.91478547945,527
24,1,Suffolk,Suffolk,0.0004199999999,0.0022299999999,0.00181,2021.91478547945,2021.91520547945,527
23,25,Suffolk,NewYork,0.00831,0.00831,0,2021.91297547945,2021.92128547945,527
25,26,NewYork,Queens,0.00181,0.01012,0.00831,2021.92128547945,2021.92309547945,527
26,27,Queens,Queens,0.0018,0.01192,0.01012,2021.92309547945,2021.92489547945,527
26,30,Queens,Queens,0.0018,0.01192,0.01012,2021.92309547945,2021.92489547945,527
30,31,Queens,Queens,0.00174,0.01366,0.01192,2021.92489547945,2021.92663547945,527
25,34,NewYork,NewYork,0.00541,0.01372,0.00831,2021.92128547945,2021.92669547945,527
27,28,Queens,Nassau,0.00359,0.01551,0.01192,2021.92489547945,2021.92848547945,527
27,29,Queens,Suffolk,0.00359,0.01551,0.01192,2021.92489547945,2021.92848547945,527
30,33,Queens,Westchester,0.00359,0.01551,0.01192,2021.92489547945,2021.92848547945,527
31,32,Queens,Queens,0.00185,0.01551,0.01366,2021.92663547945,2021.92848547945,527
31,7,Queens,Queens,0.00257,0.01623,0.01366,2021.92663547945,2021.92920547945,527
34,12,NewYork,Bronx,0.00251,0.01623,0.01372,2021.92669547945,2021.92920547945,527
28,3,Nassau,Kings,0.000720000000099998,0.0162300000001,0.01551,2021.92848547945,2021.92920547945,527
28,4,Nassau,Nassau,0.000720000000099998,0.0162300000001,0.01551,2021.92848547945,2021.92920547945,527
29,5,Suffolk,Suffolk,0.000720000000099998,0.0162300000001,0.01551,2021.92848547945,2021.92920547945,527
29,6,Suffolk,Suffolk,0.000720000000099998,0.0162300000001,0.01551,2021.92848547945,2021.92920547945,527
32,8,Queens,Queens,0.000720000000099998,0.0162300000001,0.01551,2021.92848547945,2021.92920547945,527
32,9,Queens,Suffolk,0.000720000000099998,0.0162300000001,0.01551,2021.92848547945,2021.92920547945,527
33,10,Westchester,Westchester,0.000720000000099998,0.0162300000001,0.01551,2021.92848547945,2021.92920547945,527
34,35,NewYork,NewYork,0.00642,0.02014,0.01372,2021.92669547945,2021.93311547945,527
24,2,Suffolk,Westchester,0.01942,0.02123,0.00181,2021.91478547945,2021.93420547945,527
35,36,NewYork,NewYork,0.00174,0.02188,0.02014,2021.93311547945,2021.93485547945,527
36,38,NewYork,NewYork,0.00185,0.02373,0.02188,2021.93485547945,2021.93670547945,527
33,11,Westchester,Nassau,0.00872,0.02423,0.01551,2021.92848547945,2021.93720547945,527
38,15,NewYork,NewYork,0.000499999999900001,0.0242299999999,0.02373,2021.93670547945,2021.93720547945,527
35,40,NewYork,NewYork,0.00448,0.02462,0.02014,2021.93311547945,2021.93759547945,527
36,37,NewYork,Bronx,0.00459,0.02647,0.02188,2021.93485547945,2021.93944547945,527
38,39,NewYork,Bronx,0.00274,0.02647,0.02373,2021.93670547945,2021.93944547945,527
40,41,NewYork,NewYork,0.00185,0.02647,0.02462,2021.93759547945,2021.93944547945,527
40,43,NewYork,NewYork,0.00185,0.02647,0.02462,2021.93759547945,2021.93944547945,527
37,13,Bronx,Bronx,0.00076,0.02723,0.02647,2021.93944547945,2021.94020547945,527
37,14,Bronx,Bronx,0.00076,0.02723,0.02647,2021.93944547945,2021.94020547945,527
39,16,Bronx,Westchester,0.00076,0.02723,0.02647,2021.93944547945,2021.94020547945,527
39,17,Bronx,Bronx,0.00076,0.02723,0.02647,2021.93944547945,2021.94020547945,527
41,18,NewYork,NewYork,0.00076,0.02723,0.02647,2021.93944547945,2021.94020547945,527
43,21,NewYork,Westchester,0.00076,0.02723,0.02647,2021.93944547945,2021.94020547945,527
41,42,NewYork,Queens,0.00548,0.03195,0.02647,2021.93944547945,2021.94492547945,527
43,22,NewYork,Bronx,0.00576,0.03223,0.02647,2021.93944547945,2021.94520547945,527
42,19,Queens,Queens,0.000279999999899999,0.0322299999999,0.03195,2021.94492547945,2021.94520547945,527
42,20,Queens,Nassau,0.000279999999899999,0.0322299999999,0.03195,2021.94492547945,2021.94520547945,527
26,27,Suffolk,Suffolk,0.00185,0.00185,0,2021.90967493151,2021.91152493151,534
27,1,Suffolk,Suffolk,0.00016,0.00201,0.00185,2021.91152493151,2021.91168493151,534
27,2,Suffolk,Westchester,0.00316,0.00501,0.00185,2021.91152493151,2021.91468493151,534
26,28,Suffolk,Suffolk,0.00554,0.00554,0,2021.90967493151,2021.91521493151,534
28,3,Suffolk,Suffolk,0.00247,0.00801,0.00554,2021.91521493151,2021.91768493151,534
28,29,Suffolk,Nassau,0.0101,0.01564,0.00554,2021.91521493151,2021.92531493151,534
29,38,Nassau,NewYork,0.0018,0.01744,0.01564,2021.92531493151,2021.92711493151,534
29,30,Nassau,Nassau,0.00181,0.01745,0.01564,2021.92531493151,2021.92712493151,534
38,39,NewYork,NewYork,0.00174,0.01918,0.01744,2021.92711493151,2021.92885493151,534
38,45,NewYork,NewYork,0.00174,0.01918,0.01744,2021.92711493151,2021.92885493151,534
30,31,Nassau,Nassau,0.00272,0.02017,0.01745,2021.92712493151,2021.92984493151,534
39,40,NewYork,NewYork,0.00185,0.02103,0.01918,2021.92885493151,2021.93070493151,534
45,46,NewYork,NewYork,0.00185,0.02103,0.01918,2021.92885493151,2021.93070493151,534
31,34,Nassau,Nassau,0.00174,0.02191,0.02017,2021.92984493151,2021.93158493151,534
30,12,Nassau,Nassau,0.00456,0.02201,0.01745,2021.92712493151,2021.93168493151,534
40,13,NewYork,NewYork,0.000980000000000002,0.02201,0.02103,2021.93070493151,2021.93168493151,534
46,20,NewYork,NewYork,0.000980000000000002,0.02201,0.02103,2021.93070493151,2021.93168493151,534
31,32,Nassau,Nassau,0.00359,0.02376,0.02017,2021.92984493151,2021.93343493151,534
34,35,Nassau,Kings,0.00185,0.02376,0.02191,2021.93158493151,2021.93343493151,534
40,41,NewYork,NewYork,0.00274,0.02377,0.02103,2021.93070493151,2021.93344493151,534
46,21,NewYork,Queens,0.00298,0.02401,0.02103,2021.93070493151,2021.93368493151,534
32,4,Nassau,Nassau,0.0002499999999,0.0240099999999,0.02376,2021.93343493151,2021.93368493151,534
35,7,Kings,Suffolk,0.0002499999999,0.0240099999999,0.02376,2021.93343493151,2021.93368493151,534
41,14,NewYork,Westchester,0.000239999999900001,0.0240099999999,0.02377,2021.93344493151,2021.93368493151,534
41,15,NewYork,NewYork,0.000239999999900001,0.0240099999999,0.02377,2021.93344493151,2021.93368493151,534
39,42,NewYork,NewYork,0.00548,0.02466,0.01918,2021.92885493151,2021.93433493151,534
45,47,NewYork,NewYork,0.00548,0.02466,0.01918,2021.92885493151,2021.93433493151,534
34,37,Nassau,Bronx,0.00459,0.0265,0.02191,2021.93158493151,2021.93617493151,534
32,33,Nassau,Queens,0.00274,0.0265,0.02376,2021.93343493151,2021.93617493151,534
35,36,Kings,Kings,0.00274,0.0265,0.02376,2021.93343493151,2021.93617493151,534
33,5,Queens,Queens,0.0005099999999,0.0270099999999,0.0265,2021.93617493151,2021.93668493151,534
33,6,Queens,Queens,0.0005099999999,0.0270099999999,0.0265,2021.93617493151,2021.93668493151,534
36,8,Kings,Kings,0.0005099999999,0.0270099999999,0.0265,2021.93617493151,2021.93668493151,534
36,9,Kings,Bronx,0.0005099999999,0.0270099999999,0.0265,2021.93617493151,2021.93668493151,534
37,10,Bronx,Bronx,0.0005099999999,0.0270099999999,0.0265,2021.93617493151,2021.93668493151,534
37,11,Bronx,Westchester,0.0005099999999,0.0270099999999,0.0265,2021.93617493151,2021.93668493151,534
47,22,NewYork,NewYork,0.00235,0.02701,0.02466,2021.93433493151,2021.93668493151,534
42,43,NewYork,NewYork,0.00558,0.03024,0.02466,2021.93433493151,2021.93991493151,534
43,44,NewYork,NewYork,0.00174,0.03198,0.03024,2021.93991493151,2021.94165493151,534
42,16,NewYork,Kings,0.00735,0.03201,0.02466,2021.93433493151,2021.94168493151,534
44,17,NewYork,Suffolk,0.0000299999999799974,0.03200999999998,0.03198,2021.94165493151,2021.94168493151,534
43,19,NewYork,Queens,0.00477,0.03501,0.03024,2021.93991493151,2021.94468493151,534
47,48,NewYork,NewYork,0.01281,0.03747,0.02466,2021.93433493151,2021.94714493151,534
44,18,NewYork,NewYork,0.00603,0.03801,0.03198,2021.94165493151,2021.94768493151,534
48,23,NewYork,Bronx,0.000540000000100002,0.0380100000001,0.03747,2021.94714493151,2021.94768493151,534
48,49,NewYork,NewYork,0.00274,0.04021,0.03747,2021.94714493151,2021.94988493151,534
49,24,NewYork,NewYork,0.000800000000000002,0.04101,0.04021,2021.94988493151,2021.95068493151,534
49,25,NewYork,Bronx,0.000800000000000002,0.04101,0.04021,2021.94988493151,2021.95068493151,534
8,9,Nassau,Nassau,0.00189,0.00189,0,2021.94424465753,2021.94613465753,539
8,10,Nassau,NewYork,0.00189,0.00189,0,2021.94424465753,2021.94613465753,539
10,12,NewYork,NewYork,0.00174,0.00363,0.00189,2021.94613465753,2021.94787465753,539
9,1,Nassau,NewYork,0.00229,0.00418,0.00189,2021.94613465753,2021.94842465753,539
9,2,Nassau,Nassau,0.00229,0.00418,0.00189,2021.94613465753,2021.94842465753,539
12,5,NewYork,NewYork,0.0005500000001,0.0041800000001,0.00363,2021.94787465753,2021.94842465753,539
10,11,NewYork,Kings,0.00722,0.00911,0.00189,2021.94613465753,2021.95335465753,539
12,13,NewYork,NewYork,0.00548,0.00911,0.00363,2021.94787465753,2021.95335465753,539
11,3,Kings,Kings,0.0000699999999500007,0.00917999999995,0.00911,2021.95335465753,2021.95342465753,539
11,4,Kings,Queens,0.0000699999999500007,0.00917999999995,0.00911,2021.95335465753,2021.95342465753,539
13,6,NewYork,Suffolk,0.0000699999999500007,0.00917999999995,0.00911,2021.95335465753,2021.95342465753,539
13,7,NewYork,NewYork,0.0000699999999500007,0.00917999999995,0.00911,2021.95335465753,2021.95342465753,539
4,1,NewYork,NewYork,0.0005500000001,0.0005500000001,0,2021.94787465753,2021.94842465753,542
4,5,NewYork,Bronx,0.00548,0.00548,0,2021.94787465753,2021.95335465753,542
5,2,Bronx,Bronx,0.0000699999999499998,0.00554999999995,0.00548,2021.95335465753,2021.95342465753,542
5,3,Bronx,Bronx,0.0000699999999499998,0.00554999999995,0.00548,2021.95335465753,2021.95342465753,542
4,1,Nassau,NewYork,0.0008,0.0008,0,2021.95036438356,2021.95116438356,548
4,5,Nassau,Nassau,0.00548,0.00548,0,2021.95036438356,2021.95584438356,548
5,2,Nassau,Nassau,0.0003199999999,0.0057999999999,0.00548,2021.95584438356,2021.95616438356,548
5,3,Nassau,Kings,0.0003199999999,0.0057999999999,0.00548,2021.95584438356,2021.95616438356,548
6,1,Bronx,Bronx,0.000719999999999998,0.000719999999999998,0,2021.93963616438,2021.94035616438,57
6,7,Bronx,Bronx,0.0137,0.0137,0,2021.93963616438,2021.95333616438,57
7,2,Bronx,Bronx,0.0000199999999499906,0.01371999999995,0.0137,2021.95333616438,2021.95335616438,57
7,8,Bronx,Bronx,0.00548,0.01918,0.0137,2021.95333616438,2021.95881616438,57
8,3,Bronx,Kings,0.000539999999999999,0.01972,0.01918,2021.95881616438,2021.95935616438,57
8,9,Bronx,Bronx,0.00273999999999999,0.02192,0.01918,2021.95881616438,2021.96155616438,57
9,4,Bronx,Bronx,0.000800000000000009,0.02272,0.02192,2021.96155616438,2021.96235616438,57
9,5,Bronx,Westchester,0.0768,0.09872,0.02192,2021.96155616438,2022.03835616438,57
4,1,Kings,Kings,0.0007200000001,0.0007200000001,0,2021.92852657534,2021.92924657534,605
4,5,Kings,NewYork,0.00548,0.00548,0,2021.92852657534,2021.93400657534,605
5,2,NewYork,NewYork,0.0002399999999,0.0057199999999,0.00548,2021.93400657534,2021.93424657534,605
5,3,NewYork,NewYork,0.0002399999999,0.0057199999999,0.00548,2021.93400657534,2021.93424657534,605
5,6,NewYork,NewYork,0.00185,0.00185,0,2021.94281520548,2021.94466520548,613
6,1,NewYork,Suffolk,0.0002799999999,0.0021299999999,0.00185,2021.94466520548,2021.94494520548,613
6,2,NewYork,NewYork,0.0002799999999,0.0021299999999,0.00185,2021.94466520548,2021.94494520548,613
5,7,NewYork,NewYork,0.00459,0.00459,0,2021.94281520548,2021.94740520548,613
7,3,NewYork,NewYork,0.0005400000001,0.0051300000001,0.00459,2021.94740520548,2021.94794520548,613
7,4,NewYork,NewYork,0.0005400000001,0.0051300000001,0.00459,2021.94740520548,2021.94794520548,613
12,1,Queens,Queens,0.04436944728,0.04436944728,0,2022.0293017856,2022.07367123288,615
12,13,Queens,Queens,0.001149447278,0.001149447278,0,2022.0293017856,2022.03045123288,615
13,17,Queens,Queens,0.000829999999999997,0.001979447278,0.001149447278,2022.03045123288,2022.03128123288,615
17,19,Queens,NewYork,0.01356515692,0.015544604198,0.001979447278,2022.03128123288,2022.0448463898,615
19,20,NewYork,NewYork,0.000537017174399995,0.0160816213724,0.015544604198,2022.0448463898,2022.04538340697,615
20,21,NewYork,NewYork,0.000404043389400005,0.0164856647618,0.0160816213724,2022.04538340697,2022.04578745036,615
13,14,Queens,Nassau,0.02795,0.029099447278,0.001149447278,2022.03045123288,2022.05840123288,615
17,18,Queens,Queens,0.03092,0.032899447278,0.001979447278,2022.03128123288,2022.06220123288,615
18,7,Queens,Queens,0.000470000000100002,0.0333694472781,0.032899447278,2022.06220123288,2022.06267123288,615
14,15,Nassau,Nassau,0.01202,0.041119447278,0.029099447278,2022.05840123288,2022.07042123288,615
15,3,Nassau,Nassau,0.000249999999899997,0.0413694472779,0.041119447278,2022.07042123288,2022.07067123288,615
14,2,Nassau,Nassau,0.01527,0.044369447278,0.029099447278,2022.05840123288,2022.07367123288,615
15,16,Nassau,Nassau,0.00822,0.049339447278,0.041119447278,2022.07042123288,2022.07864123288,615
19,8,NewYork,Bronx,0.03382484308,0.049369447278,0.015544604198,2022.0448463898,2022.07867123288,615
16,4,Nassau,Nassau,0.0000299999999300027,0.04936944727793,0.049339447278,2022.07864123288,2022.07867123288,615
16,5,Nassau,Nassau,0.0000299999999300027,0.04936944727793,0.049339447278,2022.07864123288,2022.07867123288,615
20,9,NewYork,Kings,0.0362878259,0.0523694472724,0.0160816213724,2022.04538340697,2022.08167123287,615
21,10,NewYork,NewYork,0.03888378251,0.0553694472718,0.0164856647618,2022.04578745036,2022.08467123287,615
21,11,NewYork,NewYork,0.03888378251,0.0553694472718,0.0164856647618,2022.04578745036,2022.08467123287,615
18,6,Queens,Suffolk,0.02547,0.058369447278,0.032899447278,2022.06220123288,2022.08767123288,615
7,8,Kings,Kings,0.00174,0.00174,0,2021.94861438356,2021.95035438356,622
7,10,Kings,Kings,0.00174,0.00174,0,2021.94861438356,2021.95035438356,622
8,1,Kings,Suffolk,0.00081,0.00255,0.00174,2021.95035438356,2021.95116438356,622
10,4,Kings,Kings,0.00081,0.00255,0.00174,2021.95035438356,2021.95116438356,622
8,9,Kings,Kings,0.00548,0.00722,0.00174,2021.95035438356,2021.95583438356,622
10,11,Kings,Kings,0.00548,0.00722,0.00174,2021.95035438356,2021.95583438356,622
9,2,Kings,Suffolk,0.0003299999999,0.0075499999999,0.00722,2021.95583438356,2021.95616438356,622
9,3,Kings,Kings,0.0003299999999,0.0075499999999,0.00722,2021.95583438356,2021.95616438356,622
11,5,Kings,Queens,0.0003299999999,0.0075499999999,0.00722,2021.95583438356,2021.95616438356,622
11,6,Kings,Kings,0.0003299999999,0.0075499999999,0.00722,2021.95583438356,2021.95616438356,622
4,1,Bronx,Bronx,0.0005400000001,0.0005400000001,0,2021.94714493151,2021.94768493151,635
4,5,Bronx,Bronx,0.00274,0.00274,0,2021.94714493151,2021.94988493151,635
5,2,Bronx,Bronx,0.0008,0.00354,0.00274,2021.94988493151,2021.95068493151,635
5,3,Bronx,Westchester,0.0008,0.00354,0.00274,2021.94988493151,2021.95068493151,635
4,1,Queens,NewYork,0.01225252106,0.01225252106,0,2022.10829542415,2022.12054794521,642
4,5,Queens,Queens,0.0003425210584,0.0003425210584,0,2022.10829542415,2022.10863794521,642
5,2,Queens,Queens,0.000909999999899999,0.0012525210583,0.0003425210584,2022.10863794521,2022.10954794521,642
5,3,Queens,Queens,0.000909999999899999,0.0012525210583,0.0003425210584,2022.10863794521,2022.10954794521,642
4,1,Kings,Kings,0.0000999999999999998,0.0000999999999999998,0,2022.0270369863,2022.0271369863,647
4,5,Kings,Kings,0.00274,0.00274,0,2022.0270369863,2022.0297769863,647
5,2,Kings,Kings,0.0003599999999,0.0030999999999,0.00274,2022.0297769863,2022.0301369863,647
5,3,Kings,NewYork,0.0003599999999,0.0030999999999,0.00274,2022.0297769863,2022.0301369863,647
4,1,Kings,Kings,0.0002399999999,0.0002399999999,0,2021.93374630137,2021.93398630137,667
4,5,Kings,Queens,0.00274,0.00274,0,2021.93374630137,2021.93648630137,667
5,2,Queens,Suffolk,0.0004999999999,0.0032399999999,0.00274,2021.93648630137,2021.93698630137,667
5,3,Queens,Queens,0.0004999999999,0.0032399999999,0.00274,2021.93648630137,2021.93698630137,667
4,1,NewYork,NewYork,0.0000599999999500002,0.0000599999999500002,0,2021.95284410959,2021.95290410959,668
4,5,NewYork,NewYork,0.00548,0.00548,0,2021.95284410959,2021.95832410959,668
5,2,NewYork,Bronx,0.00058,0.00606,0.00548,2021.95832410959,2021.95890410959,668
5,3,NewYork,Queens,0.00058,0.00606,0.00548,2021.95832410959,2021.95890410959,668
4,1,Westchester,Westchester,0.000410000000000001,0.000410000000000001,0,2021.97763109589,2021.97804109589,672
4,5,Westchester,Westchester,0.00548,0.00548,0,2021.97763109589,2021.98311109589,672
5,2,Westchester,Westchester,0.0009299999999,0.0064099999999,0.00548,2021.98311109589,2021.98404109589,672
5,3,Westchester,Westchester,0.00593,0.01141,0.00548,2021.98311109589,2021.98904109589,672
4,1,Kings,Kings,0.00062,0.00062,0,2021.96972246575,2021.97034246575,676
4,5,Kings,Westchester,0.00548,0.00548,0,2021.96972246575,2021.97520246575,676
5,2,Westchester,Westchester,0.0001399999999,0.0056199999999,0.00548,2021.97520246575,2021.97534246575,676
5,3,Westchester,Nassau,0.0001399999999,0.0056199999999,0.00548,2021.97520246575,2021.97534246575,676
6,7,Bronx,Bronx,0.00185,0.00185,0,2021.94007520548,2021.94192520548,703
6,9,Bronx,Bronx,0.00185,0.00185,0,2021.94007520548,2021.94192520548,703
7,1,Bronx,Bronx,0.0000199999999800004,0.00186999999998,0.00185,2021.94192520548,2021.94194520548,703
9,4,Bronx,Bronx,0.0000199999999800004,0.00186999999998,0.00185,2021.94192520548,2021.94194520548,703
7,8,Bronx,Bronx,0.00548,0.00733,0.00185,2021.94192520548,2021.94740520548,703
9,5,Bronx,Queens,0.00602,0.00787,0.00185,2021.94192520548,2021.94794520548,703
8,2,Bronx,Queens,0.0005400000001,0.0078700000001,0.00733,2021.94740520548,2021.94794520548,703
8,3,Bronx,Bronx,0.0005400000001,0.0078700000001,0.00733,2021.94740520548,2021.94794520548,703
4,1,Kings,Kings,0.0005400000001,0.0005400000001,0,2021.94788465753,2021.94842465753,705
4,5,Kings,Kings,0.00548,0.00548,0,2021.94788465753,2021.95336465753,705
5,2,Kings,NewYork,0.0000599999999500002,0.00553999999995,0.00548,2021.95336465753,2021.95342465753,705
5,3,Kings,Kings,0.0000599999999500002,0.00553999999995,0.00548,2021.95336465753,2021.95342465753,705
4,1,Westchester,Westchester,0.0009299999999,0.0009299999999,0,2021.98311109589,2021.98404109589,714
4,5,Westchester,Westchester,0.00548,0.00548,0,2021.98311109589,2021.98859109589,714
5,2,Westchester,Westchester,0.00045,0.00593,0.00548,2021.98859109589,2021.98904109589,714
5,3,Westchester,Queens,0.00045,0.00593,0.00548,2021.98859109589,2021.98904109589,714
5,6,Kings,Kings,0.00185,0.00185,0,2021.94831410959,2021.95016410959,74
5,7,Kings,Kings,0.00185,0.00185,0,2021.94831410959,2021.95016410959,74
6,1,Kings,Queens,0.000739999999999999,0.00259,0.00185,2021.95016410959,2021.95090410959,74
6,2,Kings,Kings,0.000739999999999999,0.00259,0.00185,2021.95016410959,2021.95090410959,74
7,3,Kings,Kings,0.000739999999999999,0.00259,0.00185,2021.95016410959,2021.95090410959,74
7,4,Kings,Queens,0.00874,0.01059,0.00185,2021.95016410959,2021.95890410959,74
4,1,NewYork,NewYork,0.000790000000000013,0.000790000000000013,0,2021.95036068493,2021.95115068493,747
4,5,NewYork,NewYork,0.02344,0.02344,0,2021.95036068493,2021.97380068493,747
5,2,NewYork,Bronx,0.04535,0.06879,0.02344,2021.97380068493,2022.01915068493,747
5,3,NewYork,Bronx,0.11935,0.14279,0.02344,2021.97380068493,2022.09315068493,747
10,1,Queens,Bronx,0.03312,0.03312,0,2021.91822246575,2021.95134246575,748
10,11,Queens,Queens,0.00125,0.00125,0,2021.91822246575,2021.91947246575,748
11,12,Queens,Westchester,0.03050840307,0.03175840307,0.00125,2021.91947246575,2021.94998086882,748
12,17,Westchester,Westchester,0.000571596927399998,0.0323299999974,0.03175840307,2021.94998086882,2021.95055246575,748
17,9,Westchester,Westchester,0.000789999999999999,0.0331199999974,0.0323299999974,2021.95055246575,2021.95134246575,748
12,13,Westchester,Westchester,0.008791596927,0.040549999997,0.03175840307,2021.94998086882,2021.95877246575,748
13,3,Westchester,Westchester,0.000570000000000001,0.041119999997,0.040549999997,2021.95877246575,2021.95934246575,748
11,2,Queens,NewYork,0.04287,0.04412,0.00125,2021.91947246575,2021.96234246575,748
13,14,Westchester,Westchester,0.01185,0.052399999997,0.040549999997,2021.95877246575,2021.97062246575,748
14,16,Westchester,Westchester,0.00185,0.054249999997,0.052399999997,2021.97062246575,2021.97247246575,748
16,6,Westchester,Westchester,0.000869999999899999,0.0551199999969,0.054249999997,2021.97247246575,2021.97334246575,748
16,7,Westchester,Westchester,0.000869999999899999,0.0551199999969,0.054249999997,2021.97247246575,2021.97334246575,748
14,15,Westchester,Westchester,0.00459,0.056989999997,0.052399999997,2021.97062246575,2021.97521246575,748
15,4,Westchester,Westchester,0.000129999999900002,0.0571199999969,0.056989999997,2021.97521246575,2021.97534246575,748
15,5,Westchester,Westchester,0.000129999999900002,0.0571199999969,0.056989999997,2021.97521246575,2021.97534246575,748
17,8,Westchester,Westchester,0.02479,0.0571199999974,0.0323299999974,2021.95055246575,2021.97534246575,748
5,1,Westchester,Westchester,0.000239999999900001,0.000239999999900001,0,2021.93384219178,2021.93408219178,765
5,6,Westchester,Nassau,0.00946,0.00946,0,2021.93384219178,2021.94330219178,765
6,7,Nassau,Nassau,0.00424,0.0137,0.00946,2021.94330219178,2021.94754219178,765
7,3,Nassau,Nassau,0.000540000000099999,0.0142400000001,0.0137,2021.94754219178,2021.94808219178,765
7,4,Nassau,Kings,0.00354,0.01724,0.0137,2021.94754219178,2021.95108219178,765
6,2,Nassau,NewYork,0.03478,0.04424,0.00946,2021.94330219178,2021.97808219178,765
4,1,Westchester,Westchester,0.00081,0.00081,0,2021.95009410959,2021.95090410959,772
4,5,Westchester,Westchester,0.00637,0.00637,0,2021.95009410959,2021.95646410959,772
5,2,Westchester,Westchester,0.00244,0.00881,0.00637,2021.95646410959,2021.95890410959,772
5,3,Westchester,Westchester,0.00244,0.00881,0.00637,2021.95646410959,2021.95890410959,772
5,1,Nassau,Nassau,0.00285,0.00285,0,2021.92961575342,2021.93246575342,798
5,6,Nassau,NewYork,0.00185,0.00185,0,2021.92961575342,2021.93146575342,798
6,2,NewYork,NewYork,0.000999999999999999,0.00285,0.00185,2021.93146575342,2021.93246575342,798
6,7,NewYork,NewYork,0.00911,0.01096,0.00185,2021.93146575342,2021.94057575342,798
7,3,NewYork,Westchester,0.00189,0.01285,0.01096,2021.94057575342,2021.94246575342,798
7,4,NewYork,NewYork,0.00189,0.01285,0.01096,2021.94057575342,2021.94246575342,798
5,1,NewYork,NewYork,0.0000799999999499985,0.0000799999999499985,0,2021.9527830137,2021.9528630137,824
5,6,NewYork,NewYork,0.01185,0.01185,0,2021.9527830137,2021.9646330137,824
6,7,NewYork,NewYork,0.00185,0.0137,0.01185,2021.9646330137,2021.9664830137,824
6,2,NewYork,Bronx,0.00223,0.01408,0.01185,2021.9646330137,2021.9668630137,824
7,4,NewYork,Kings,0.0003800000001,0.0140800000001,0.0137,2021.9664830137,2021.9668630137,824
7,3,NewYork,NewYork,0.00338,0.01708,0.0137,2021.9664830137,2021.9698630137,824
4,1,Queens,Queens,0.02027,0.02027,0,2022.02082589041,2022.04109589041,837
4,5,Queens,Queens,0.01988,0.01988,0,2022.02082589041,2022.04070589041,837
5,2,Queens,Queens,0.000389999999900002,0.0202699999999,0.01988,2022.04070589041,2022.04109589041,837
5,3,Queens,Queens,0.000389999999900002,0.0202699999999,0.01988,2022.04070589041,2022.04109589041,837
7,8,Bronx,Bronx,0.05472151195,0.05472151195,0,2021.89778013189,2021.95250164384,838
7,10,Bronx,Bronx,0.001721511946,0.001721511946,0,2021.89778013189,2021.89950164384,838
10,11,Bronx,Bronx,0.053,0.054721511946,0.001721511946,2021.89950164384,2021.95250164384,838
11,5,Bronx,Bronx,0.0000599999999500028,0.05478151194595,0.054721511946,2021.95250164384,2021.95256164384,838
11,6,Bronx,Bronx,0.0000599999999500028,0.05478151194595,0.054721511946,2021.95250164384,2021.95256164384,838
8,1,Bronx,Bronx,0.0000599999999500028,0.05478151194995,0.05472151195,2021.95250164384,2021.95256164384,838
8,9,Bronx,Bronx,0.00548,0.06020151195,0.05472151195,2021.95250164384,2021.95798164384,838
9,3,Bronx,Bronx,0.000579999999999997,0.06078151195,0.06020151195,2021.95798164384,2021.95856164384,838
10,4,Bronx,Bronx,0.06706,0.068781511946,0.001721511946,2021.89950164384,2021.96656164384,838
9,2,Bronx,Westchester,0.02558,0.08578151195,0.06020151195,2021.95798164384,2021.98356164384,838
10,11,Kings,Kings,0.0018,0.0018,0,2021.93651410959,2021.93831410959,847
10,15,Kings,Queens,0.00265,0.00265,0,2021.93651410959,2021.93916410959,847
11,1,Kings,Kings,0.00159,0.00339,0.0018,2021.93831410959,2021.93990410959,847
15,6,Queens,Queens,0.000740000000000001,0.00339,0.00265,2021.93916410959,2021.93990410959,847
11,12,Kings,Kings,0.00174,0.00354,0.0018,2021.93831410959,2021.94005410959,847
12,13,Kings,Kings,0.001817230693,0.005357230693,0.00354,2021.94005410959,2021.94187134028,847
12,2,Kings,Queens,0.00185,0.00539,0.00354,2021.94005410959,2021.94190410959,847
13,3,Kings,Kings,0.000032769307280002,0.00539000000028,0.005357230693,2021.94187134028,2021.94190410959,847
15,16,Queens,Queens,0.00363,0.00628,0.00265,2021.93916410959,2021.94279410959,847
16,17,Queens,Queens,0.00185,0.00813,0.00628,2021.94279410959,2021.94464410959,847
17,7,Queens,Queens,0.0002599999999,0.0083899999999,0.00813,2021.94464410959,2021.94490410959,847
17,8,Queens,Queens,0.0002599999999,0.0083899999999,0.00813,2021.94464410959,2021.94490410959,847
16,9,Queens,NewYork,0.00211,0.00839,0.00628,2021.94279410959,2021.94490410959,847
13,14,Kings,Queens,0.005512769307,0.01087,0.005357230693,2021.94187134028,2021.94738410959,847
14,4,Queens,Queens,0.000520000000099999,0.0113900000001,0.01087,2021.94738410959,2021.94790410959,847
14,5,Queens,NewYork,0.01152,0.02239,0.01087,2021.94738410959,2021.95890410959,847
4,1,Nassau,NewYork,0.06462,0.06462,0,2021.97931150685,2022.04393150685,879
4,5,Nassau,Nassau,0.00801,0.00801,0,2021.97931150685,2021.98732150685,879
5,2,Nassau,Queens,0.09761,0.10562,0.00801,2021.98732150685,2022.08493150685,879
5,3,Nassau,Bronx,0.09761,0.10562,0.00801,2021.98732150685,2022.08493150685,879
13,1,Nassau,Nassau,0.00227,0.00227,0,2021.91315465753,2021.91542465753,89
13,14,Nassau,Nassau,0.00185,0.00185,0,2021.91315465753,2021.91500465753,89
14,2,Nassau,Nassau,0.0004199999999,0.0022699999999,0.00185,2021.91500465753,2021.91542465753,89
14,15,Nassau,Nassau,0.01733,0.01918,0.00185,2021.91500465753,2021.93233465753,89
15,16,Nassau,Nassau,0.00185,0.02103,0.01918,2021.93233465753,2021.93418465753,89
16,4,Nassau,Nassau,0.000239999999900001,0.0212699999999,0.02103,2021.93418465753,2021.93442465753,89
16,3,Nassau,Nassau,0.00324,0.02427,0.02103,2021.93418465753,2021.93742465753,89
15,17,Nassau,Nassau,0.0147,0.03388,0.01918,2021.93233465753,2021.94703465753,89
17,18,Nassau,Nassau,0.00174,0.03562,0.03388,2021.94703465753,2021.94877465753,89
17,21,Nassau,NewYork,0.00174,0.03562,0.03388,2021.94703465753,2021.94877465753,89
18,19,Nassau,Nassau,0.00185,0.03747,0.03562,2021.94877465753,2021.95062465753,89
18,20,Nassau,Nassau,0.00185,0.03747,0.03562,2021.94877465753,2021.95062465753,89
21,22,NewYork,NewYork,0.00185,0.03747,0.03562,2021.94877465753,2021.95062465753,89
19,5,Nassau,Nassau,0.000800000000000002,0.03827,0.03747,2021.95062465753,2021.95142465753,89
19,6,Nassau,NewYork,0.000800000000000002,0.03827,0.03747,2021.95062465753,2021.95142465753,89
20,7,Nassau,Nassau,0.000800000000000002,0.03827,0.03747,2021.95062465753,2021.95142465753,89
20,8,Nassau,Kings,0.000800000000000002,0.03827,0.03747,2021.95062465753,2021.95142465753,89
22,9,NewYork,NewYork,0.000800000000000002,0.03827,0.03747,2021.95062465753,2021.95142465753,89
22,10,NewYork,NewYork,0.000800000000000002,0.03827,0.03747,2021.95062465753,2021.95142465753,89
21,23,NewYork,NewYork,0.00459,0.04021,0.03562,2021.94877465753,2021.95336465753,89
23,11,NewYork,NewYork,0.0000599999999500028,0.04026999999995,0.04021,2021.95336465753,2021.95342465753,89
23,12,NewYork,Kings,0.0000599999999500028,0.04026999999995,0.04021,2021.95336465753,2021.95342465753,89
4,1,Westchester,Westchester,0.0002999999999,0.0002999999999,0,2021.95582328767,2021.95612328767,936
4,5,Westchester,Westchester,0.01096,0.01096,0,2021.95582328767,2021.96678328767,936
5,2,Westchester,Westchester,0.0003400000001,0.0113000000001,0.01096,2021.96678328767,2021.96712328767,936
5,3,Westchester,Westchester,0.0003400000001,0.0113000000001,0.01096,2021.96678328767,2021.96712328767,936
4,5,Queens,Nassau,0.01405657735,0.01405657735,0,2021.93301616238,2021.94707273973,95
5,1,Nassau,Nassau,0.000530000000099999,0.0145865773501,0.01405657735,2021.94707273973,2021.94760273973,95
5,2,Nassau,Nassau,0.01453,0.02858657735,0.01405657735,2021.94707273973,2021.96160273973,95
4,3,Queens,Queens,0.03958657735,0.03958657735,0,2021.93301616238,2021.97260273973,95
4,1,Queens,Queens,0.001603843084,0.001603843084,0,2022.06414958158,2022.06575342466,957
4,5,Queens,Queens,0.000883843084,0.000883843084,0,2022.06414958158,2022.06503342466,957
5,2,Queens,Queens,0.00072,0.001603843084,0.000883843084,2022.06503342466,2022.06575342466,957
5,3,Queens,Queens,0.00072,0.001603843084,0.000883843084,2022.06503342466,2022.06575342466,957
6,7,Queens,Queens,0.00185,0.00185,0,2021.9536930137,2021.9555430137,987
7,2,Queens,Queens,0.000319999999899999,0.0021699999999,0.00185,2021.9555430137,2021.9558630137,987
6,8,Queens,Queens,0.00459,0.00459,0,2021.9536930137,2021.9582830137,987
8,3,Queens,Queens,0.000580000000000001,0.00517,0.00459,2021.9582830137,2021.9588630137,987
7,1,Queens,Nassau,0.00632,0.00817,0.00185,2021.9555430137,2021.9618630137,987
8,9,Queens,Queens,0.00548,0.01007,0.00459,2021.9582830137,2021.9637630137,987
9,4,Queens,Queens,0.0000999999999199992,0.01016999999992,0.01007,2021.9637630137,2021.9638630137,987
9,5,Queens,NewYork,0.0061,0.01617,0.01007,2021.9637630137,2021.9698630137,987
