node1,node2,length,startLat,startLon,endLat,endLon,endNodeL,startNodeL,startYear,endYear,treeID
4,1,0.124853642,40.6707932816012,-74.0779656970118,40.7248194955321,-74.0082674889308,0.124853642,0,2021.53779019363,2021.66264383563,80000000
4,5,0.04792821649,40.6707932816012,-74.0779656970118,40.6937245910362,-73.9864455318174,0.04792821649,0,2021.53779019363,2021.58571841012,80000000
5,2,0.0189254255,40.6937245910362,-73.9864455318174,40.7208298698912,-73.9972256332404,0.06685364199,0.04792821649,2021.58571841012,2021.60464383562,80000000
5,3,0.1759254255,40.6937245910362,-73.9864455318174,40.6432879077675,-73.9437726465198,0.22385364199,0.04792821649,2021.58571841012,2021.76164383562,80000000
10,6,0.1005291131,40.9888287249505,-74.0045140667518,40.6410840746653,-74.015080879711,0.1005291131,0,2021.54878595539,2021.64931506849,80000000
10,11,0.05611149854,40.9888287249505,-74.0045140667518,40.7960313975924,-73.8033682276473,0.05611149854,0,2021.54878595539,2021.60489745393,80000000
11,9,0.02241761459,40.7960313975924,-73.8033682276473,40.8839948944539,-73.8876904582498,0.07852911313,0.05611149854,2021.60489745393,2021.62731506852,80000000
11,12,0.000880562714199999,40.7960313975924,-73.8033682276473,40.8098577509303,-73.7391416048427,0.0569920612542,0.05611149854,2021.60489745393,2021.60577801664,80000000
12,7,0.02153705188,40.8098577509303,-73.7391416048427,40.7438732252584,-73.6275485648146,0.0785291131342,0.0569920612542,2021.60577801664,2021.62731506852,80000000
12,8,0.02753705188,40.8098577509303,-73.7391416048427,40.8096629929461,-73.9283602822801,0.0845291131342,0.0569920612542,2021.60577801664,2021.63331506852,80000000
17,13,0.06161429323,40.7173709566424,-73.7091069831262,40.7062837769168,-73.65221016531,0.06161429323,0,2021.77964598072,2021.84126027395,80000000
17,18,0.08535185876,40.7173709566424,-73.7091069831262,40.5382377104047,-73.7335143880053,0.08535185876,0,2021.77964598072,2021.86499783948,80000000
18,14,0.05626243447,40.5382377104047,-73.7335143880053,40.6965405674545,-73.6304965177918,0.14161429323,0.08535185876,2021.86499783948,2021.92126027395,80000000
18,19,0.01111553939,40.5382377104047,-73.7335143880053,40.8053815778391,-73.4030655018356,0.09646739815,0.08535185876,2021.86499783948,2021.87611337887,80000000
19,15,0.01414689508,40.8053815778391,-73.4030655018356,40.757390696332,-73.6222312327972,0.11061429323,0.09646739815,2021.87611337887,2021.89026027395,80000000
19,16,0.1211468951,40.8053815778391,-73.4030655018356,40.6983848053978,-73.6504745459427,0.21761429325,0.09646739815,2021.87611337887,2021.99726027397,80000000
26,20,0.0047674076,40.5828224334423,-74.0525191508955,40.6260674045384,-74.0395728470922,0.0047674076,0,2021.67195861976,2021.67672602736,80000000
26,27,0.06190373399,40.5828224334423,-74.0525191508955,40.6850031832541,-74.0512726191879,0.06190373399,0,2021.67195861976,2021.73386235375,80000000
27,28,0.08467800512,40.6850031832541,-74.0512726191879,40.6049609080285,-74.0425377445737,0.14658173911,0.06190373399,2021.73386235375,2021.81854035887,80000000
27,29,0.04774786428,40.6850031832541,-74.0512726191879,40.6727896707113,-73.9845153099685,0.10965159827,0.06190373399,2021.73386235375,2021.78161021803,80000000
28,21,0.02518566849,40.6049609080285,-74.0425377445737,40.6081436725573,-74.0048790264152,0.1717674076,0.14658173911,2021.81854035887,2021.84372602736,80000000
28,22,0.1021856685,40.6049609080285,-74.0425377445737,40.6253818878197,-74.0313974960772,0.24876740761,0.14658173911,2021.81854035887,2021.92072602737,80000000
29,25,0.01011580933,40.6727896707113,-73.9845153099685,40.6290510085967,-74.0084296580541,0.1197674076,0.10965159827,2021.78161021803,2021.79172602736,80000000
29,30,0.01004322257,40.6727896707113,-73.9845153099685,40.6442164147876,-73.9913544365664,0.11969482084,0.10965159827,2021.78161021803,2021.7916534406,80000000
30,23,7.25867599400132e-05,40.6442164147876,-73.9913544365664,40.6455555100281,-73.9941137275105,0.11976740759994,0.11969482084,2021.7916534406,2021.79172602736,80000000
30,24,0.1480725868,40.6442164147876,-73.9913544365664,40.6987874307723,-73.9720696072323,0.26776740764,0.11969482084,2021.7916534406,2021.9397260274,80000000
39,38,0.1619615671,40.7646074167728,-73.4665881103739,40.6205556171549,-73.6285760862896,0.1619615671,0,2021.77790144659,2021.93986301369,80000000
39,40,6.18983326599876e-05,40.7646074167728,-73.4665881103739,40.7631651887701,-73.4644048290868,6.18983326599876e-05,0,2021.77790144659,2021.77796334492,80000000
40,37,0.04389966877,40.7631651887701,-73.4644048290868,40.7233898756576,-73.4492806422332,0.04396156710266,6.18983326599876e-05,2021.77796334492,2021.82186301369,80000000
40,41,0.03435889528,40.7631651887701,-73.4644048290868,40.6963946709053,-73.6871876196773,0.03442079361266,6.18983326599876e-05,2021.77796334492,2021.8123222402,80000000
41,31,0.1575407735,40.6963946709053,-73.6871876196773,40.7460960477396,-73.9792882611793,0.19196156711266,0.03442079361266,2021.8123222402,2021.9698630137,80000000
41,42,0.01916633057,40.6963946709053,-73.6871876196773,40.7083742639931,-73.6804574662571,0.05358712418266,0.03442079361266,2021.8123222402,2021.83148857077,80000000
42,43,0.05744353775,40.7083742639931,-73.6804574662571,40.7078127489353,-73.6537357086904,0.11103066193266,0.05358712418266,2021.83148857077,2021.88893210852,80000000
42,44,0.01513037291,40.7083742639931,-73.6804574662571,40.7206249515282,-73.6769718713795,0.06871749709266,0.05358712418266,2021.83148857077,2021.84661894368,80000000
43,32,0.006930905167,40.7078127489353,-73.6537357086904,40.7182578218681,-73.6432948353071,0.11796156709966,0.11103066193266,2021.88893210852,2021.89586301369,80000000
43,33,0.04793090517,40.7078127489353,-73.6537357086904,40.718706098149,-73.6752783479995,0.15896156710266,0.11103066193266,2021.88893210852,2021.93686301369,80000000
44,34,0.08524407,40.7206249515282,-73.6769718713795,40.7638571461887,-73.7752140221992,0.15396156709266,0.06871749709266,2021.84661894368,2021.93186301368,80000000
44,45,0.007276193931,40.7206249515282,-73.6769718713795,40.6790088076506,-73.6860666291276,0.07599369102366,0.06871749709266,2021.84661894368,2021.85389513761,80000000
45,35,0.06096787607,40.6790088076506,-73.6860666291276,40.8214701118619,-73.370553567291,0.13696156709366,0.07599369102366,2021.85389513761,2021.91486301368,80000000
45,36,0.003967876073,40.6790088076506,-73.6860666291276,40.6795260773444,-73.6380657493802,0.07996156709666,0.07599369102366,2021.85389513761,2021.85786301368,80000000
49,46,0.1020965707,40.8677886485819,-73.8191242109598,40.7179062350592,-73.9921202781079,0.1020965707,0,2021.42646507315,2021.52856164385,80000000
49,50,0.04792572919,40.8677886485819,-73.8191242109598,40.8319246622159,-73.740177155984,0.04792572919,0,2021.42646507315,2021.47439080234,80000000
50,47,0.07317084146,40.8319246622159,-73.740177155984,40.5967680853079,-73.9054434586885,0.12109657065,0.04792572919,2021.47439080234,2021.5475616438,80000000
50,48,0.1091708415,40.8319246622159,-73.740177155984,40.6895128214582,-73.8872778797404,0.15709657069,0.04792572919,2021.47439080234,2021.58356164384,80000000
59,51,0.00489539541600001,40.7869895054927,-73.8992706116882,40.8608082513226,-73.4771998263089,0.00489539541600001,0,2021.54266624842,2021.54756164384,80000000
59,60,0.01706757586,40.7869895054927,-73.8992706116882,40.8290794489068,-73.865303217822,0.01706757586,0,2021.54266624842,2021.55973382428,80000000
60,52,0.01482781956,40.8290794489068,-73.865303217822,41.257773656978,-73.6826623737333,0.03189539542,0.01706757586,2021.55973382428,2021.57456164384,80000000
60,61,0.05947175288,40.8290794489068,-73.865303217822,40.7542001522866,-73.9275373863023,0.07653932874,0.01706757586,2021.55973382428,2021.61920557716,80000000
61,53,0.06535606668,40.7542001522866,-73.9275373863023,41.03899040284,-73.8654615086605,0.14189539542,0.07653932874,2021.61920557716,2021.68456164384,80000000
61,62,0.006968292568,40.7542001522866,-73.9275373863023,40.6352058294491,-73.9371681434488,0.083507621308,0.07653932874,2021.61920557716,2021.62617386973,80000000
62,54,0.07238777411,40.6352058294491,-73.9371681434488,40.6676900428717,-73.8653160180776,0.155895395418,0.083507621308,2021.62617386973,2021.69856164384,80000000
62,63,0.0186099235,40.6352058294491,-73.9371681434488,40.7190901902202,-74.0387544926748,0.102117544808,0.083507621308,2021.62617386973,2021.64478379323,80000000
63,55,0.05077785061,40.7190901902202,-74.0387544926748,40.7322677863548,-73.9768099531547,0.152895395418,0.102117544808,2021.64478379323,2021.69556164384,80000000
63,64,0.02230338816,40.7190901902202,-74.0387544926748,40.7990324613916,-73.9886840729557,0.124420932968,0.102117544808,2021.64478379323,2021.66708718139,80000000
64,56,0.03347446245,40.7990324613916,-73.9886840729557,40.7482867497354,-74.0037465153991,0.157895395418,0.124420932968,2021.66708718139,2021.70056164384,80000000
64,65,0.02323062748,40.7990324613916,-73.9886840729557,40.7362725572156,-74.0250198373598,0.147651560448,0.124420932968,2021.66708718139,2021.69031780887,80000000
65,57,0.09324383497,40.7362725572156,-74.0250198373598,40.7623548478947,-73.9958854741623,0.240895395418,0.147651560448,2021.69031780887,2021.78356164384,80000000
65,58,0.00224383496800001,40.7362725572156,-74.0250198373598,40.7418133136187,-73.9752067516074,0.149895395416,0.147651560448,2021.69031780887,2021.69256164384,80000000
69,66,0.02338827236,40.6939899289394,-73.816322648609,40.7430173916378,-73.9848521785004,0.02338827236,0,2021.5297761112,2021.55316438356,80000000
69,70,0.01551085021,40.6939899289394,-73.816322648609,40.8039703840107,-73.7202885589867,0.01551085021,0,2021.5297761112,2021.54528696141,80000000
70,67,0.01087742215,40.8039703840107,-73.7202885589867,40.6543792562759,-73.6172833965569,0.02638827236,0.01551085021,2021.54528696141,2021.55616438356,80000000
70,68,0.01087742215,40.8039703840107,-73.7202885589867,40.7127107162093,-73.9668791048875,0.02638827236,0.01551085021,2021.54528696141,2021.55616438356,80000000
74,71,0.006888618219,40.5923395326452,-74.0743212864037,40.6040215099916,-74.004350374286,0.006888618219,0,2021.7035771352,2021.71046575342,80000000
74,75,0.01172089163,40.5923395326452,-74.0743212864037,40.276354643254,-73.9739585053561,0.01172089163,0,2021.7035771352,2021.71529802683,80000000
75,72,0.02716772659,40.276354643254,-73.9739585053561,40.5892032151483,-73.6029608408295,0.03888861822,0.01172089163,2021.71529802683,2021.74246575342,80000000
75,73,0.02716772659,40.276354643254,-73.9739585053561,40.5904731434928,-73.5930840865099,0.03888861822,0.01172089163,2021.71529802683,2021.74246575342,80000000
82,83,0.004391574245,40.7100609431947,-73.9613257991567,40.697990361396,-73.9429249949674,0.004391574245,0,2021.88120458009,2021.88559615433,80000000
82,85,0.05991594136,40.7100609431947,-73.9613257991567,40.6544434146339,-74.0206867266094,0.05991594136,0,2021.88120458009,2021.94112052145,80000000
83,76,0.0357874073,40.697990361396,-73.9429249949674,40.604573805547,-74.0213267529564,0.040178981545,0.004391574245,2021.88559615433,2021.92138356164,80000000
83,84,0.00224405385699999,40.697990361396,-73.9429249949674,40.665180527704,-73.9661041890217,0.006635628102,0.004391574245,2021.88559615433,2021.88784020819,80000000
84,77,0.02454335345,40.665180527704,-73.9661041890217,40.6223443226934,-74.029193019046,0.031178981552,0.006635628102,2021.88784020819,2021.91238356164,80000000
84,78,0.02254335345,40.665180527704,-73.9661041890217,40.6123555421685,-74.011016483888,0.029178981552,0.006635628102,2021.88784020819,2021.91038356164,80000000
85,86,0.00226041384,40.6544434146339,-74.0206867266094,40.6933266096194,-74.0002535230946,0.0621763552,0.05991594136,2021.94112052145,2021.94338093529,80000000
85,79,0.02326304019,40.6544434146339,-74.0206867266094,40.779069227973,-73.3209213940022,0.08317898155,0.05991594136,2021.94112052145,2021.96438356164,80000000
86,80,0.01900262635,40.6933266096194,-74.0002535230946,40.6520206715514,-73.910136566771,0.08117898155,0.0621763552,2021.94338093529,2021.96238356164,80000000
86,81,0.01000262635,40.6933266096194,-74.0002535230946,40.7477796062727,-73.9785405044932,0.07217898155,0.0621763552,2021.94338093529,2021.95338356164,80000000
95,94,0.03430845263,40.6657156674454,-74.0817711874821,40.6644904646641,-73.9984977035132,0.03430845263,0,2021.59819839671,2021.63250684934,80000000
95,96,0.009406900931,40.6657156674454,-74.0817711874821,40.8079304499205,-73.9285242666475,0.009406900931,0,2021.59819839671,2021.60760529764,80000000
96,93,0.0599015517,40.8079304499205,-73.9285242666475,40.7198267197296,-74.0003527077014,0.069308452631,0.009406900931,2021.60760529764,2021.66750684934,80000000
96,97,0.01568228696,40.8079304499205,-73.9285242666475,40.7756052650186,-73.9736026945268,0.025089187891,0.009406900931,2021.60760529764,2021.6232875846,80000000
97,87,0.06621926474,40.7756052650186,-73.9736026945268,40.7646801219317,-73.9626078255706,0.091308452631,0.025089187891,2021.6232875846,2021.68950684934,80000000
97,98,0.01776802173,40.7756052650186,-73.9736026945268,40.7294082817822,-73.9194913561142,0.042857209621,0.025089187891,2021.6232875846,2021.64105560633,80000000
98,88,0.02645124301,40.7294082817822,-73.9194913561142,40.7199997017474,-74.0098413226865,0.069308452631,0.042857209621,2021.64105560633,2021.66750684934,80000000
98,99,0.05111052158,40.7294082817822,-73.9194913561142,40.5773369965951,-73.7813899023627,0.093967731201,0.042857209621,2021.64105560633,2021.69216612791,80000000
99,100,0.05843209031,40.5773369965951,-73.7813899023627,40.728424746345,-73.5243573383448,0.152399821511,0.093967731201,2021.69216612791,2021.75059821822,80000000
99,89,0.02834072143,40.5773369965951,-73.7813899023627,40.7080676841236,-73.6269868567284,0.122308452631,0.093967731201,2021.69216612791,2021.72050684934,80000000
100,101,0.0757758033,40.728424746345,-73.5243573383448,40.7350998715007,-73.5651572351686,0.228175624811,0.152399821511,2021.75059821822,2021.82637402152,80000000
100,90,0.04890863112,40.728424746345,-73.5243573383448,40.7596532150098,-73.5266038928942,0.201308452631,0.152399821511,2021.75059821822,2021.79950684934,80000000
101,91,0.01113282782,40.7350998715007,-73.5651572351686,40.7760340918396,-73.5695327617097,0.239308452631,0.228175624811,2021.82637402152,2021.83750684934,80000000
101,92,0.1051328278,40.7350998715007,-73.5651572351686,40.7249853350075,-73.7098432007001,0.333308452611,0.228175624811,2021.82637402152,2021.93150684932,80000000
105,104,0.04830483828,40.7115218898397,-73.4851912535391,40.7606683963276,-73.4641740302642,0.04830483828,0,2021.84216091514,2021.89046575342,80000000
105,106,0.0580966583,40.7115218898397,-73.4851912535391,40.6890032027754,-73.5714559386665,0.0580966583,0,2021.84216091514,2021.90025757344,80000000
106,102,0.03420817998,40.6890032027754,-73.5714559386665,40.6549156730784,-73.8536928819176,0.09230483828,0.0580966583,2021.90025757344,2021.93446575342,80000000
106,103,0.04220817998,40.6890032027754,-73.5714559386665,40.6596257066278,-73.5124441683494,0.10030483828,0.0580966583,2021.90025757344,2021.94246575342,80000000
111,107,0.04942247924,40.6565088556185,-74.1155952813873,40.7302619506235,-74.0035227424656,0.04942247924,0,2021.71494738374,2021.76436986298,80000000
111,112,0.007715190072,40.6565088556185,-74.1155952813873,40.672900284626,-74.156369204518,0.007715190072,0,2021.71494738374,2021.72266257381,80000000
112,108,0.05870728917,40.672900284626,-74.156369204518,40.7686587705161,-73.9847018638693,0.066422479242,0.007715190072,2021.72266257381,2021.78136986298,80000000
112,113,0.1635768287,40.672900284626,-74.156369204518,40.5392618906313,-74.1110157719641,0.171292018772,0.007715190072,2021.72266257381,2021.88623940251,80000000
113,109,0.0101304605,40.5392618906313,-74.1110157719641,40.5931018729717,-74.1589638952001,0.181422479272,0.171292018772,2021.88623940251,2021.89636986301,80000000
113,110,0.0151304605,40.5392618906313,-74.1110157719641,40.6355159470964,-73.9657110439852,0.186422479272,0.171292018772,2021.88623940251,2021.90136986301,80000000
117,114,0.03312935789,41.2315024973062,-73.2663441427759,40.8244689285338,-73.3938060832063,0.03312935789,0,2021.4956377654,2021.52876712328,80000000
117,118,0.02433019088,41.2315024973062,-73.2663441427759,40.9859170645178,-73.2074139320446,0.02433019088,0,2021.4956377654,2021.51996795627,80000000
118,115,0.005799167015,40.9859170645178,-73.2074139320446,40.7767234324891,-73.3457039582811,0.030129357895,0.02433019088,2021.51996795627,2021.52576712329,80000000
118,116,0.008799167015,40.9859170645178,-73.2074139320446,40.7766481475881,-73.3484721262827,0.033129357895,0.02433019088,2021.51996795627,2021.52876712329,80000000
123,119,0.00906422133099999,40.6478695923098,-73.1278102030943,40.7751190597388,-72.9215901951295,0.00906422133099999,0,2021.65683988826,2021.66590410959,80000000
123,124,0.1161279673,40.6478695923098,-73.1278102030943,40.6517099488129,-73.3839144320917,0.1161279673,0,2021.65683988826,2021.77296785556,80000000
124,120,0.05193625403,40.6517099488129,-73.3839144320917,40.8638071438886,-73.4128556745563,0.16806422133,0.1161279673,2021.77296785556,2021.82490410959,80000000
124,125,0.04477901193,40.6517099488129,-73.3839144320917,40.6985171864939,-73.4111955600087,0.16090697923,0.1161279673,2021.77296785556,2021.81774686749,80000000
125,121,0.0721572421,40.6985171864939,-73.4111955600087,40.724211981439,-73.4312877263852,0.23306422133,0.16090697923,2021.81774686749,2021.88990410959,80000000
125,122,0.1411572421,40.6985171864939,-73.4111955600087,40.7220389110583,-73.6378750496303,0.30206422133,0.16090697923,2021.81774686749,2021.95890410959,80000000
129,126,0.01308272583,40.8220304379014,-73.8397986372221,40.8716096020749,-73.5977459079749,0.01308272583,0,2021.61367069883,2021.62675342466,80000000
129,130,0.01336022536,40.8220304379014,-73.8397986372221,40.880111023144,-73.547459177644,0.01336022536,0,2021.61367069883,2021.62703092419,80000000
130,127,0.008722500473,40.880111023144,-73.547459177644,40.7562745699098,-73.4696092778111,0.022082725833,0.01336022536,2021.62703092419,2021.63575342466,80000000
130,128,0.03872250047,40.880111023144,-73.547459177644,40.7484352707634,-73.6306251568296,0.05208272583,0.01336022536,2021.62703092419,2021.66575342466,80000000
134,131,0.09741235089,40.832108236194,-73.761535523408,40.7530939695677,-73.6163979949725,0.09741235089,0,2021.82087532034,2021.91828767123,80000000
134,135,0.03306553815,40.832108236194,-73.761535523408,40.6544639543199,-73.5346880668962,0.03306553815,0,2021.82087532034,2021.85394085849,80000000
135,132,0.06934681274,40.6544639543199,-73.5346880668962,40.7473480725908,-73.6432763758914,0.10241235089,0.03306553815,2021.85394085849,2021.92328767123,80000000
135,133,0.02034681274,40.6544639543199,-73.5346880668962,40.7182260531386,-73.5781406900323,0.05341235089,0.03306553815,2021.85394085849,2021.87428767123,80000000
143,136,0.01114794059,40.7251937010633,-73.9358561672928,40.7708891605448,-73.9308313799357,0.01114794059,0,2021.58413973065,2021.59528767124,80000000
143,144,0.00766411808699999,40.7251937010633,-73.9358561672928,40.6329675092889,-73.9068268941732,0.00766411808699999,0,2021.58413973065,2021.59180384873,80000000
144,137,0.00548382249900001,40.6329675092889,-73.9068268941732,40.6563151618609,-73.9158127530269,0.013147940586,0.00766411808699999,2021.59180384873,2021.59728767123,80000000
144,145,0.009898227206,40.6329675092889,-73.9068268941732,40.7684762348924,-73.8745875997703,0.017562345293,0.00766411808699999,2021.59180384873,2021.60170207594,80000000
145,146,0.03368378979,40.7684762348924,-73.8745875997703,40.56557091567,-74.1263855109477,0.051246135083,0.017562345293,2021.60170207594,2021.63538586573,80000000
145,147,0.02463286669,40.7684762348924,-73.8745875997703,40.7124161656534,-73.9134332442245,0.042195211983,0.017562345293,2021.60170207594,2021.62633494263,80000000
146,138,0.0879018055,40.56557091567,-74.1263855109477,40.6375081568442,-74.0317195130006,0.139147940583,0.051246135083,2021.63538586573,2021.72328767123,80000000
146,139,0.0659018055,40.56557091567,-74.1263855109477,40.6356607543157,-74.018876281846,0.117147940583,0.051246135083,2021.63538586573,2021.70128767123,80000000
147,140,0.0589527286,40.7124161656534,-73.9134332442245,40.7766941430955,-73.9531417402715,0.101147940583,0.042195211983,2021.62633494263,2021.68528767123,80000000
147,148,0.01788907885,40.7124161656534,-73.9134332442245,40.7220886933581,-73.7951277917089,0.060084290833,0.042195211983,2021.62633494263,2021.64422402148,80000000
148,141,0.01906364976,40.7220886933581,-73.7951277917089,40.7075711648906,-74.008657247782,0.079147940593,0.060084290833,2021.64422402148,2021.66328767124,80000000
148,142,0.01606364976,40.7220886933581,-73.7951277917089,40.8161907405403,-73.3867773655279,0.076147940593,0.060084290833,2021.64422402148,2021.66028767124,80000000
152,149,0.1117773393,40.6771026515478,-73.6124822972536,40.7421554309246,-73.6895872360769,0.1117773393,0,2021.83068841412,2021.94246575342,80000000
152,153,0.05855088632,40.6771026515478,-73.6124822972536,40.7000769145045,-73.4425378892968,0.05855088632,0,2021.83068841412,2021.88923930044,80000000
153,150,0.00422645298,40.7000769145045,-73.4425378892968,40.7080183135987,-73.4805790348362,0.0627773393,0.05855088632,2021.88923930044,2021.89346575342,80000000
153,151,0.02922645298,40.7000769145045,-73.4425378892968,40.6777264732046,-73.4538008760026,0.0877773393,0.05855088632,2021.88923930044,2021.91846575342,80000000
157,156,0.03661511863,40.8247469925773,-73.5074895391556,40.7864551041187,-73.6535252622313,0.03661511863,0,2021.86254926493,2021.89916438356,80000000
157,158,0.01167668949,40.8247469925773,-73.5074895391556,40.8814623948271,-73.5964647406657,0.01167668949,0,2021.86254926493,2021.87422595442,80000000
158,154,0.08193842914,40.8814623948271,-73.5964647406657,40.7492749058977,-73.5725170819894,0.09361511863,0.01167668949,2021.87422595442,2021.95616438356,80000000
158,155,0.01593842914,40.8814623948271,-73.5964647406657,40.721282439009,-73.726852144683,0.02761511863,0.01167668949,2021.87422595442,2021.89016438356,80000000
162,159,0.1292323558,40.760474977109,-73.511410068287,40.7073618966374,-73.6617019618468,0.1292323558,0,2021.79953476749,2021.92876712329,80000000
162,163,0.05512564914,40.760474977109,-73.511410068287,40.8116433663982,-73.5403500863959,0.05512564914,0,2021.79953476749,2021.85466041663,80000000
163,160,0.03510670663,40.8116433663982,-73.5403500863959,40.7277063984775,-73.6594594357333,0.09023235577,0.05512564914,2021.85466041663,2021.88976712326,80000000
163,161,0.04110670663,40.8116433663982,-73.5403500863959,40.7504465501169,-73.6929248137681,0.09623235577,0.05512564914,2021.85466041663,2021.89576712326,80000000
169,164,0.06110509934,40.8986069656886,-73.6320502071393,40.6796698186452,-73.9748071776717,0.06110509934,0,2021.50926476368,2021.57036986302,80000000
169,170,0.02223296935,40.8986069656886,-73.6320502071393,40.7319203563564,-73.5407914854013,0.02223296935,0,2021.50926476368,2021.53149773303,80000000
170,165,0.11787213,40.7319203563564,-73.5407914854013,40.6446428555511,-73.5573995769847,0.14010509935,0.02223296935,2021.53149773303,2021.64936986303,80000000
170,171,0.01628351928,40.7319203563564,-73.5407914854013,40.5945286716996,-73.6491243341929,0.03851648863,0.02223296935,2021.53149773303,2021.54778125231,80000000
171,168,0.1535886107,40.5945286716996,-73.6491243341929,40.6847995308245,-73.3816752029121,0.19210509933,0.03851648863,2021.54778125231,2021.70136986301,80000000
171,172,0.04016542933,40.5945286716996,-73.6491243341929,40.8532860551356,-73.8107932823809,0.07868191796,0.03851648863,2021.54778125231,2021.58794668164,80000000
172,166,0.03942318139,40.8532860551356,-73.8107932823809,40.6774602101786,-73.9735818698699,0.11810509935,0.07868191796,2021.58794668164,2021.62736986303,80000000
172,167,0.03942318139,40.8532860551356,-73.8107932823809,40.6682811053906,-73.9376039034488,0.11810509935,0.07868191796,2021.58794668164,2021.62736986303,80000000
178,179,0.03459995505,40.6761400977339,-73.4694662252273,40.6242000814754,-73.5245895022451,0.03459995505,0,2021.81996056171,2021.85456051676,80000000
178,180,0.03136970237,40.6761400977339,-73.4694662252273,40.6623351482987,-73.6630623986991,0.03136970237,0,2021.81996056171,2021.85133026408,80000000
179,173,0.00498742843900001,40.6242000814754,-73.5245895022451,40.6937573650424,-73.4891212930374,0.039587383489,0.03459995505,2021.85456051676,2021.8595479452,80000000
179,174,0.00498742843900001,40.6242000814754,-73.5245895022451,40.6738645993747,-73.4850149540019,0.039587383489,0.03459995505,2021.85456051676,2021.8595479452,80000000
180,175,0.05821768112,40.6623351482987,-73.6630623986991,40.6851371812043,-73.6911531957536,0.08958738349,0.03136970237,2021.85133026408,2021.9095479452,80000000
180,181,0.00350619505700001,40.6623351482987,-73.6630623986991,40.6260540924343,-73.6668560145161,0.034875897427,0.03136970237,2021.85133026408,2021.85483645914,80000000
181,176,0.06571148607,40.6260540924343,-73.6668560145161,40.7808408699935,-73.6552568218505,0.100587383497,0.034875897427,2021.85483645914,2021.92054794521,80000000
181,177,0.03771148607,40.6260540924343,-73.6668560145161,40.6489836375706,-73.6662596236208,0.072587383497,0.034875897427,2021.85483645914,2021.89254794521,80000000
187,182,0.00817791123799999,40.8151811316829,-73.6392440668733,40.7490026311036,-73.6825324904513,0.00817791123799999,0,2021.82190428056,2021.8300821918,80000000
187,188,0.00595183634900001,40.8151811316829,-73.6392440668733,40.6899023656451,-73.6847713242722,0.00595183634900001,0,2021.82190428056,2021.82785611691,80000000
188,183,0.06522607489,40.6899023656451,-73.6847713242722,40.7174607551385,-73.5599392744974,0.071177911239,0.00595183634900001,2021.82785611691,2021.8930821918,80000000
188,189,0.00259629526999999,40.6899023656451,-73.6847713242722,40.6392777973309,-73.6616467874774,0.008548131619,0.00595183634900001,2021.82785611691,2021.83045241218,80000000
189,184,0.1476297796,40.6392777973309,-73.6616467874774,40.6057763925016,-73.9913805928239,0.156177911219,0.008548131619,2021.83045241218,2021.97808219178,80000000
189,190,0.01139586633,40.6392777973309,-73.6616467874774,40.6647085329224,-73.6165130115431,0.019943997949,0.008548131619,2021.83045241218,2021.84184827851,80000000
190,185,0.00223391329299999,40.6647085329224,-73.6165130115431,40.6713465501768,-73.6592311063194,0.022177911242,0.019943997949,2021.84184827851,2021.8440821918,80000000
190,186,0.01823391329,40.6647085329224,-73.6165130115431,40.6761440728696,-73.4927819661239,0.038177911239,0.019943997949,2021.84184827851,2021.8600821918,80000000
196,191,0.01503027381,40.6500038128611,-73.8081636407264,40.646776186373,-73.6748273361882,0.01503027381,0,2021.87495602756,2021.88998630137,80000000
196,197,0.01309456671,40.6500038128611,-73.8081636407264,40.5484992713044,-73.7062493416878,0.01309456671,0,2021.87495602756,2021.88805059427,80000000
197,192,0.0109357071,40.5484992713044,-73.7062493416878,40.7536001733044,-73.5637938347617,0.02403027381,0.01309456671,2021.88805059427,2021.89898630137,80000000
197,198,0.005607910236,40.5484992713044,-73.7062493416878,40.6832725682344,-73.6389823913481,0.018702476946,0.01309456671,2021.88805059427,2021.89365850451,80000000
198,193,0.002327796861,40.6832725682344,-73.6389823913481,40.6679611305717,-73.6732169657602,0.021030273807,0.018702476946,2021.89365850451,2021.89598630137,80000000
198,199,0.008786782792,40.6832725682344,-73.6389823913481,40.5880640727238,-73.6460513915853,0.027489259738,0.018702476946,2021.89365850451,2021.9024452873,80000000
199,194,0.004541014069,40.5880640727238,-73.6460513915853,40.5950170566855,-73.8829781124014,0.032030273807,0.027489259738,2021.9024452873,2021.90698630137,80000000
199,195,0.03454101407,40.5880640727238,-73.6460513915853,40.8870692566342,-73.9202974284721,0.062030273808,0.027489259738,2021.9024452873,2021.93698630137,80000000
203,200,0.2040586994,40.8041844693009,-73.474115066219,40.6731317667192,-73.6281076127264,0.2040586994,0,2021.75484541019,2021.95890410959,80000000
203,204,0.1176851174,40.8041844693009,-73.474115066219,40.8457099384313,-73.4944624595173,0.1176851174,0,2021.75484541019,2021.87253052759,80000000
204,201,0.00937358203100001,40.8457099384313,-73.4944624595173,40.7567868609005,-73.5173525303701,0.127058699431,0.1176851174,2021.87253052759,2021.88190410962,80000000
204,202,0.05637358203,40.8457099384313,-73.4944624595173,40.7400988449175,-73.5841607964717,0.17405869943,0.1176851174,2021.87253052759,2021.92890410962,80000000
208,205,0.1074147226,40.7788718993012,-73.5092380266062,40.7872272155265,-73.8995231346083,0.1074147226,0,2021.56331130488,2021.67072602748,80000000
208,209,0.06986344812,40.7788718993012,-73.5092380266062,40.5316275766672,-73.5356145007566,0.06986344812,0,2021.56331130488,2021.633174753,80000000
209,206,0.1035512744,40.5316275766672,-73.5356145007566,40.5934999141241,-73.9251543168875,0.17341472252,0.06986344812,2021.633174753,2021.7367260274,80000000
209,207,0.1065512744,40.5316275766672,-73.5356145007566,40.6828735203802,-73.4525326903026,0.17641472252,0.06986344812,2021.633174753,2021.7397260274,80000000
215,210,0.06280372998,40.8824070830951,-73.5999901536175,40.6811478270921,-73.4816116618964,0.06280372998,0,2021.75296339331,2021.81576712329,80000000
215,216,0.01097029626,40.8824070830951,-73.5999901536175,40.7271459099391,-73.5209503744728,0.01097029626,0,2021.75296339331,2021.76393368957,80000000
216,211,0.1648334337,40.7271459099391,-73.5209503744728,40.6974041891023,-73.693795559373,0.17580372996,0.01097029626,2021.76393368957,2021.92876712327,80000000
216,217,0.1120404261,40.7271459099391,-73.5209503744728,40.725545055229,-73.6503912286795,0.12301072236,0.01097029626,2021.76393368957,2021.87597411567,80000000
217,212,0.04179300762,40.725545055229,-73.6503912286795,40.7426353567912,-73.6507064567198,0.16480372998,0.12301072236,2021.87597411567,2021.91776712329,80000000
217,218,0.02967543744,40.725545055229,-73.6503912286795,40.7263402717546,-73.5795459074473,0.1526861598,0.12301072236,2021.87597411567,2021.90564955311,80000000
218,213,0.01511757018,40.7263402717546,-73.5795459074473,40.7492092983122,-73.6498376046839,0.16780372998,0.1526861598,2021.90564955311,2021.92076712329,80000000
218,214,0.02311757018,40.7263402717546,-73.5795459074473,40.7540198716837,-73.6276274560899,0.17580372998,0.1526861598,2021.90564955311,2021.92876712329,80000000
225,224,0.06975164805,40.7519047198646,-74.0098810214123,40.7816360921743,-73.9483960684206,0.06975164805,0,2021.53508396839,2021.60483561644,80000000
225,226,0.03377192648,40.7519047198646,-74.0098810214123,40.8672321053967,-73.931573601096,0.03377192648,0,2021.53508396839,2021.56885589487,80000000
226,227,0.02722924153,40.8672321053967,-73.931573601096,40.7515432796057,-74.0213080117942,0.06100116801,0.03377192648,2021.56885589487,2021.5960851364,80000000
226,229,0.01433025439,40.8672321053967,-73.931573601096,40.7813825995095,-73.9355801585099,0.04810218087,0.03377192648,2021.56885589487,2021.58318614926,80000000
227,219,0.01475048004,40.7515432796057,-74.0213080117942,40.7358107330748,-73.9991569175542,0.07575164805,0.06100116801,2021.5960851364,2021.61083561644,80000000
227,228,0.01034700856,40.7515432796057,-74.0213080117942,40.8046636332886,-73.8663840571088,0.07134817657,0.06100116801,2021.5960851364,2021.60643214496,80000000
228,220,0.01840347148,40.8046636332886,-73.8663840571088,40.7426924339036,-73.9769582081419,0.08975164805,0.07134817657,2021.60643214496,2021.62483561644,80000000
228,221,0.00740347147500001,40.8046636332886,-73.8663840571088,40.6470306115116,-73.8839270396428,0.078751648045,0.07134817657,2021.60643214496,2021.61383561643,80000000
229,222,0.04364946718,40.7813825995095,-73.9355801585099,40.6292873597209,-73.9755580352438,0.09175164805,0.04810218087,2021.58318614926,2021.62683561644,80000000
229,223,0.06064946718,40.7813825995095,-73.9355801585099,40.7355439721808,-73.9980903882881,0.10875164805,0.04810218087,2021.58318614926,2021.64383561644,80000000
233,230,0.03348298479,40.8339529714147,-73.5551369602356,40.7177327599295,-73.7346982152967,0.03348298479,0,2021.8924211248,2021.92590410959,80000000
233,234,0.02294874781,40.8339529714147,-73.5551369602356,40.3858363415559,-74.0787491085756,0.02294874781,0,2021.8924211248,2021.91536987261,80000000
234,231,0.03253423698,40.3858363415559,-74.0787491085756,40.7244084492114,-73.6791842415586,0.05548298479,0.02294874781,2021.91536987261,2021.94790410959,80000000
234,232,0.04353423698,40.3858363415559,-74.0787491085756,40.7242543501303,-73.6063792189438,0.06648298479,0.02294874781,2021.91536987261,2021.95890410959,80000000
239,240,0.03100593144,40.7539728259875,-73.688984223404,40.6709453311728,-73.6149847139424,0.03100593144,0,2021.85689536247,2021.88790129391,80000000
239,241,0.02189195662,40.7539728259875,-73.688984223404,40.7662310605715,-73.6625103928642,0.02189195662,0,2021.85689536247,2021.87878731909,80000000
240,235,0.00178363760500001,40.6709453311728,-73.6149847139424,40.6529898430095,-73.6502086828727,0.032789569045,0.03100593144,2021.88790129391,2021.88968493152,80000000
240,236,0.0297836376,40.6709453311728,-73.6149847139424,40.7774485068696,-73.3279222952714,0.06078956904,0.03100593144,2021.88790129391,2021.91768493151,80000000
241,237,0.07189761242,40.7662310605715,-73.6625103928642,40.7689113162603,-73.8270734971148,0.09378956904,0.02189195662,2021.87878731909,2021.95068493151,80000000
241,238,0.01389761242,40.7662310605715,-73.6625103928642,40.7834204024026,-73.4969660820729,0.03578956904,0.02189195662,2021.87878731909,2021.89268493151,80000000
246,247,0.1248263785,41.0456513190083,-73.5987632448563,40.8526563997093,-73.8326383459197,0.1248263785,0,2021.68965508761,2021.81448146611,80000000
246,248,0.009750252529,41.0456513190083,-73.5987632448563,40.9691554880459,-73.5868478012103,0.009750252529,0,2021.68965508761,2021.69940534014,80000000
247,242,0.0106144243,40.8526563997093,-73.8326383459197,40.743106576988,-73.907514050083,0.1354408028,0.1248263785,2021.81448146611,2021.82509589041,80000000
247,243,0.0266144243,40.8526563997093,-73.8326383459197,40.7327632403943,-73.9037929922153,0.1514408028,0.1248263785,2021.81448146611,2021.84109589041,80000000
248,244,0.02369055027,40.9691554880459,-73.5868478012103,40.7991398737268,-73.8170876984506,0.033440802799,0.009750252529,2021.69940534014,2021.72309589041,80000000
248,245,0.05369055027,40.9691554880459,-73.5868478012103,40.7581297582887,-73.9175833024033,0.063440802799,0.009750252529,2021.69940534014,2021.75309589041,80000000
254,249,0.1207039623,40.6467115222108,-73.9916055995157,40.7033003357925,-73.5619586531282,0.1207039623,0,2021.81115905134,2021.93186301364,80000000
254,255,0.02942293375,40.6467115222108,-73.9916055995157,40.701735157239,-74.0044962930151,0.02942293375,0,2021.81115905134,2021.84058198509,80000000
255,250,0.08028102859,40.701735157239,-74.0044962930151,40.6055546668316,-74.0267534467676,0.10970396234,0.02942293375,2021.84058198509,2021.92086301368,80000000
255,256,0.02785434801,40.701735157239,-74.0044962930151,40.7912994606941,-73.9799599872076,0.05727728176,0.02942293375,2021.84058198509,2021.8684363331,80000000
256,251,0.1014266806,40.7912994606941,-73.9799599872076,40.735322516303,-73.9546221418758,0.15870396236,0.05727728176,2021.8684363331,2021.9698630137,80000000
256,257,0.00471887478500001,40.7912994606941,-73.9799599872076,40.7335405507234,-74.0089972126451,0.061996156545,0.05727728176,2021.8684363331,2021.87315520789,80000000
257,252,0.000707805795699998,40.7335405507234,-74.0089972126451,40.7474126683177,-73.9844399856829,0.0627039623407,0.061996156545,2021.87315520789,2021.87386301368,80000000
257,253,0.0717078058,40.7335405507234,-74.0089972126451,40.7358530009481,-73.9934154220049,0.133703962345,0.061996156545,2021.87315520789,2021.94486301368,80000000
261,258,0.09824306106,40.3302291627804,-73.8759414208603,40.7706737520384,-73.7816630943614,0.09824306106,0,2021.87435967867,2021.97260273973,80000000
261,262,0.04776362037,40.3302291627804,-73.8759414208603,40.761514048192,-73.5796185964982,0.04776362037,0,2021.87435967867,2021.92212329904,80000000
262,259,0.01147944069,40.761514048192,-73.5796185964982,40.7282562427389,-73.5446850339031,0.05924306106,0.04776362037,2021.92212329904,2021.93360273973,80000000
262,260,0.01147944069,40.761514048192,-73.5796185964982,40.7382075799312,-73.5767859547032,0.05924306106,0.04776362037,2021.92212329904,2021.93360273973,80000000
274,275,0.00160209763499999,40.7632415766291,-73.8553026805052,40.8031005995921,-73.8342679235894,0.00160209763499999,0,2021.83688851195,2021.83849060959,80000000
274,273,0.07015258394,40.7632415766291,-73.8553026805052,40.7171269880261,-73.5685886580425,0.07015258394,0,2021.83688851195,2021.90704109589,80000000
275,276,0.05872558938,40.8031005995921,-73.8342679235894,40.7940875632583,-73.7054471141048,0.060327687015,0.00160209763499999,2021.83849060959,2021.89721619897,80000000
275,279,0.0166187696,40.8031005995921,-73.8342679235894,40.5452079812086,-73.9541382021503,0.018220867235,0.00160209763499999,2021.83849060959,2021.85510937919,80000000
276,266,0.05382489692,40.7940875632583,-73.7054471141048,40.7514166735521,-73.6568742294158,0.114152583935,0.060327687015,2021.89721619897,2021.95104109589,80000000
276,277,0.00533409199700001,40.7940875632583,-73.7054471141048,40.7919514738395,-73.6520151844643,0.065661779012,0.060327687015,2021.89721619897,2021.90255029097,80000000
277,263,0.03449080492,40.7919514738395,-73.6520151844643,41.2347762552117,-73.6289334351415,0.100152583932,0.065661779012,2021.90255029097,2021.93704109589,80000000
277,278,0.0173392043,40.7919514738395,-73.6520151844643,40.5739664578693,-74.1750348790465,0.083000983312,0.065661779012,2021.90255029097,2021.91988949527,80000000
278,264,0.01715160062,40.5739664578693,-74.1750348790465,40.5646300035592,-74.2102515695438,0.100152583932,0.083000983312,2021.91988949527,2021.93704109589,80000000
278,265,0.02015160062,40.5739664578693,-74.1750348790465,40.5957977675972,-74.1873042786114,0.103152583932,0.083000983312,2021.91988949527,2021.94004109589,80000000
279,267,0.0299317167,40.5452079812086,-73.9541382021503,40.6381453772637,-73.9441404630823,0.048152583935,0.018220867235,2021.85510937919,2021.88504109589,80000000
279,280,0.01504551421,40.5452079812086,-73.9541382021503,40.6395054277711,-73.9769904027975,0.033266381445,0.018220867235,2021.85510937919,2021.8701548934,80000000
280,268,0.01488620249,40.6395054277711,-73.9769904027975,40.6274784941696,-73.9386104096212,0.048152583935,0.033266381445,2021.8701548934,2021.88504109589,80000000
280,281,0.02899466859,40.6395054277711,-73.9769904027975,40.6000776756214,-74.2269478450964,0.062261050035,0.033266381445,2021.8701548934,2021.89914956199,80000000
281,269,0.00789153389699999,40.6000776756214,-74.2269478450964,40.7179583083816,-73.6297184788681,0.070152583932,0.062261050035,2021.89914956199,2021.90704109589,80000000
281,282,0.02128054482,40.6000776756214,-74.2269478450964,40.6105019667416,-74.1495986020131,0.083541594855,0.062261050035,2021.89914956199,2021.92043010681,80000000
282,270,0.01161098908,40.6105019667416,-74.1495986020131,40.6363349565408,-74.1359358998442,0.095152583935,0.083541594855,2021.92043010681,2021.93204109589,80000000
282,283,0.0198456197,40.6105019667416,-74.1495986020131,40.6344966703493,-73.7085736365343,0.103387214555,0.083541594855,2021.92043010681,2021.94027572651,80000000
283,271,0.04876536938,40.6344966703493,-73.7085736365343,40.7473780770125,-73.9988261658792,0.152152583935,0.103387214555,2021.94027572651,2021.98904109589,80000000
283,272,0.00176536938000001,40.6344966703493,-73.7085736365343,40.6610489645295,-73.6589975434899,0.105152583935,0.103387214555,2021.94027572651,2021.94204109589,80000000
289,290,0.03738705186,40.7244614423629,-74.1060571226543,40.7040102805262,-73.9423243234468,0.03738705186,0,2021.80654595704,2021.8439330089,80000000
289,292,0.1036078419,40.7244614423629,-74.1060571226543,40.588213964655,-73.9542032365672,0.1036078419,0,2021.80654595704,2021.91015379894,80000000
290,284,0.00283411438699999,40.7040102805262,-73.9423243234468,40.6828713403236,-73.9735277088794,0.040221166247,0.03738705186,2021.8439330089,2021.84676712329,80000000
290,291,0.00703605334299999,40.7040102805262,-73.9423243234468,40.6863450897478,-73.938615102469,0.044423105203,0.03738705186,2021.8439330089,2021.85096906224,80000000
291,285,0.000798061043799994,40.6863450897478,-73.938615102469,40.7193075265424,-73.9366467338292,0.0452211662468,0.044423105203,2021.85096906224,2021.85176712329,80000000
291,286,0.000798061043799994,40.6863450897478,-73.938615102469,40.6818255367608,-73.9568943449588,0.0452211662468,0.044423105203,2021.85096906224,2021.85176712329,80000000
292,287,0.01561332435,40.588213964655,-73.9542032365672,40.6050060802601,-73.9601121084552,0.11922116625,0.1036078419,2021.91015379894,2021.92576712329,80000000
292,288,0.01861332435,40.588213964655,-73.9542032365672,40.5861804286131,-73.923840664322,0.12222116625,0.1036078419,2021.91015379894,2021.92876712329,80000000
302,304,0.0178370883,40.7272768715476,-73.8168575944419,40.6887422201538,-73.8333222000379,0.0178370883,0,2021.82212828877,2021.83996537707,80000000
302,303,0.07249607058,40.7272768715476,-73.8168575944419,40.7396677911149,-73.816802901865,0.07249607058,0,2021.82212828877,2021.89462435935,80000000
303,293,0.03455372285,40.7396677911149,-73.816802901865,40.7290294731407,-73.852199062427,0.10704979343,0.07249607058,2021.89462435935,2021.9291780822,80000000
303,294,0.05355372285,40.7396677911149,-73.816802901865,40.7258757006761,-73.857417681348,0.12604979343,0.07249607058,2021.89462435935,2021.9481780822,80000000
304,295,0.06421270513,40.6887422201538,-73.8333222000379,40.6427860945982,-73.879773240722,0.08204979343,0.0178370883,2021.83996537707,2021.9041780822,80000000
304,305,0.008829724412,40.6887422201538,-73.8333222000379,40.7469747890807,-73.8327425775533,0.026666812712,0.0178370883,2021.83996537707,2021.84879510148,80000000
305,306,0.02108698623,40.7469747890807,-73.8327425775533,40.7343019323975,-73.8479297679197,0.047753798942,0.026666812712,2021.84879510148,2021.86988208771,80000000
305,308,0.002823576552,40.7469747890807,-73.8327425775533,40.681106395389,-73.8877385412398,0.029490389264,0.026666812712,2021.84879510148,2021.85161867803,80000000
306,307,0.05750311452,40.7343019323975,-73.8479297679197,40.7126738235862,-73.9687367082505,0.105256913462,0.047753798942,2021.86988208771,2021.92738520223,80000000
306,296,0.05929599448,40.7343019323975,-73.8479297679197,40.7171663781145,-73.8604626067569,0.107049793422,0.047753798942,2021.86988208771,2021.92917808219,80000000
307,297,0.09179287996,40.7126738235862,-73.9687367082505,40.7896091958847,-73.977240703721,0.197049793422,0.105256913462,2021.92738520223,2022.01917808219,80000000
307,298,0.01279287996,40.7126738235862,-73.9687367082505,40.5968479970799,-73.7470175810507,0.118049793422,0.105256913462,2021.92738520223,2021.94017808219,80000000
308,299,0.01155940416,40.681106395389,-73.8877385412398,40.7557076139776,-73.911515880901,0.041049793424,0.029490389264,2021.85161867803,2021.86317808219,80000000
308,309,0.009173427555,40.681106395389,-73.8877385412398,40.6671524961656,-73.8419299107004,0.038663816819,0.029490389264,2021.85161867803,2021.86079210559,80000000
309,301,0.04938597661,40.6671524961656,-73.8419299107004,40.7966804894122,-73.6479661291053,0.088049793429,0.038663816819,2021.86079210559,2021.9101780822,80000000
309,300,0.04938597661,40.6671524961656,-73.8419299107004,40.7139054845195,-73.8596010151949,0.088049793429,0.038663816819,2021.86079210559,2021.9101780822,80000000
313,312,0.06099161016,40.7694179881054,-73.8357931765288,40.6604129447399,-73.8595797925454,0.06099161016,0,2021.64625496518,2021.70724657534,80000000
313,314,0.01097022679,40.7694179881054,-73.8357931765288,40.8407552369474,-73.8950852913004,0.01097022679,0,2021.64625496518,2021.65722519197,80000000
314,310,0.05302138337,40.8407552369474,-73.8950852913004,40.6513089064756,-73.984698431704,0.06399161016,0.01097022679,2021.65722519197,2021.71024657534,80000000
314,311,0.07702138337,40.8407552369474,-73.8950852913004,40.5805331862293,-73.9599938327469,0.08799161016,0.01097022679,2021.65722519197,2021.73424657534,80000000
318,315,0.07537129032,41.0212791556306,-73.5954815554234,40.7399951949617,-73.6536031407648,0.07537129032,0,2021.85905336721,2021.93442465753,80000000
318,319,0.03757001995,41.0212791556306,-73.5954815554234,40.8997530274342,-73.8459459928744,0.03757001995,0,2021.85905336721,2021.89662338716,80000000
319,316,0.05680127037,40.8997530274342,-73.8459459928744,40.633508934056,-74.0121920953111,0.09437129032,0.03757001995,2021.89662338716,2021.95342465753,80000000
319,317,0.02480127037,40.8997530274342,-73.8459459928744,40.7555390239383,-73.9990368483753,0.06237129032,0.03757001995,2021.89662338716,2021.92142465753,80000000
323,322,0.08592837145,40.675726358226,-73.8207967821272,40.5952138903852,-73.9369941704453,0.08592837145,0,2021.80375656009,2021.88968493154,80000000
323,324,0.00902769792300001,40.675726358226,-73.8207967821272,40.631726741278,-73.8002845830793,0.00902769792300001,0,2021.80375656009,2021.81278425801,80000000
324,320,0.1379006735,40.631726741278,-73.8002845830793,40.6414845342504,-74.0188162528917,0.146928371423,0.00902769792300001,2021.81278425801,2021.95068493151,80000000
324,321,0.05490067352,40.631726741278,-73.8002845830793,40.7465570489136,-73.7115195723702,0.063928371443,0.00902769792300001,2021.81278425801,2021.86768493153,80000000
328,325,0.06937274285,40.319530237698,-73.9978291892231,40.5954571501985,-73.9404016959073,0.06937274285,0,2021.54624369551,2021.61561643836,80000000
328,329,0.01874813513,40.319530237698,-73.9978291892231,40.4143824111816,-73.9710548708729,0.01874813513,0,2021.54624369551,2021.56499183064,80000000
329,326,0.07062460772,40.4143824111816,-73.9710548708729,40.7402331975605,-73.9845657513117,0.08937274285,0.01874813513,2021.56499183064,2021.63561643836,80000000
329,327,0.06462460772,40.4143824111816,-73.9710548708729,40.7468770381038,-73.9830711474243,0.08337274285,0.01874813513,2021.56499183064,2021.62961643836,80000000
334,330,0.00394220871,40.5956978410055,-74.0748623396516,40.617392644772,-74.0282799121786,0.00394220871,0,2021.73613998307,2021.74008219178,80000000
334,335,0.009686077093,40.5956978410055,-74.0748623396516,40.5915575014014,-74.0659401930572,0.009686077093,0,2021.73613998307,2021.74582606016,80000000
335,331,0.02125613162,40.5915575014014,-74.0659401930572,40.6146564124444,-74.0186531746088,0.030942208713,0.009686077093,2021.74582606016,2021.76708219178,80000000
335,336,0.01463541403,40.5915575014014,-74.0659401930572,40.5730243396722,-74.0725797817713,0.024321491123,0.009686077093,2021.74582606016,2021.76046147419,80000000
336,332,0.01762071759,40.5730243396722,-74.0725797817713,40.5756730930821,-73.9678659325988,0.041942208713,0.024321491123,2021.76046147419,2021.77808219178,80000000
336,333,0.009620717587,40.5730243396722,-74.0725797817713,40.6158869250647,-74.0375009095999,0.03394220871,0.024321491123,2021.76046147419,2021.77008219178,80000000
340,337,0.01589292008,41.2765074966608,-74.2088530199504,40.7465991002047,-73.9818731826293,0.01589292008,0,2021.59194269636,2021.60783561644,80000000
340,341,0.01857793302,41.2765074966608,-74.2088530199504,41.1458682771779,-73.8184328914777,0.01857793302,0,2021.59194269636,2021.61052062938,80000000
341,338,0.000314987055900003,41.1458682771779,-73.8184328914777,40.7859106125708,-73.9748159458724,0.0188929200759,0.01857793302,2021.61052062938,2021.61083561644,80000000
341,339,0.03331498706,41.1458682771779,-73.8184328914777,40.6506082778021,-74.0117849152633,0.05189292008,0.01857793302,2021.61052062938,2021.64383561644,80000000
345,342,0.05407127035,40.7481293193609,-73.7428740114804,40.8589293022782,-73.9171612046094,0.05407127035,0,2021.64729859266,2021.70136986301,80000000
345,346,0.01727551016,40.7481293193609,-73.7428740114804,40.6462159607414,-73.8551808394744,0.01727551016,0,2021.64729859266,2021.66457410282,80000000
346,343,0.03679576019,40.6462159607414,-73.8551808394744,40.8665505101352,-73.8514361663998,0.05407127035,0.01727551016,2021.66457410282,2021.70136986301,80000000
346,344,0.03479576019,40.6462159607414,-73.8551808394744,40.7472261986546,-73.9718434201964,0.05207127035,0.01727551016,2021.66457410282,2021.69936986301,80000000
353,347,0.00672428829600002,40.5963585618454,-73.3037001556138,40.6880725088544,-73.3959298884613,0.00672428829600002,0,2021.53034420488,2021.53706849318,80000000
353,354,0.004615156841,40.5963585618454,-73.3037001556138,40.6923384149458,-73.7947051031359,0.004615156841,0,2021.53034420488,2021.53495936172,80000000
354,355,0.03696874153,40.6923384149458,-73.7947051031359,40.7245556011434,-73.8169021058072,0.041583898371,0.004615156841,2021.53495936172,2021.57192810325,80000000
354,357,0.00734814686399998,40.6923384149458,-73.7947051031359,40.6912500504273,-73.8048196842505,0.011963303705,0.004615156841,2021.53495936172,2021.54230750858,80000000
355,348,0.1021403899,40.7245556011434,-73.8169021058072,40.7053777711275,-73.9318828136921,0.143724288271,0.041583898371,2021.57192810325,2021.67406849315,80000000
355,356,0.1920895805,40.7245556011434,-73.8169021058072,40.6426842538404,-73.9240189882543,0.233673478871,0.041583898371,2021.57192810325,2021.76401768375,80000000
356,350,0.1510508094,40.6426842538404,-73.9240189882543,40.6840294749439,-73.55944014896,0.384724288271,0.233673478871,2021.76401768375,2021.91506849315,80000000
356,349,0.05005080942,40.6426842538404,-73.9240189882543,40.5768251769026,-73.9994900761307,0.283724288291,0.233673478871,2021.76401768375,2021.81406849317,80000000
357,352,0.005760984591,40.6912500504273,-73.8048196842505,40.6835860193184,-73.8343208110508,0.017724288296,0.011963303705,2021.54230750858,2021.54806849318,80000000
357,351,0.00276098459099999,40.6912500504273,-73.8048196842505,40.7328608372032,-73.4563742986726,0.014724288296,0.011963303705,2021.54230750858,2021.54506849317,80000000
361,358,0.04303121787,40.6759316226981,-73.9251697256038,40.6027656947152,-73.9738517659563,0.04303121787,0,2021.72383179583,2021.7668630137,80000000
361,362,0.000787412398699998,40.6759316226981,-73.9251697256038,40.6228216368692,-73.9369995766635,0.000787412398699998,0,2021.72383179583,2021.72461920823,80000000
362,359,0.04224380547,40.6228216368692,-73.9369995766635,40.6068394076998,-73.9774014547967,0.0430312178687,0.000787412398699998,2021.72461920823,2021.7668630137,80000000
362,360,0.04524380547,40.6228216368692,-73.9369995766635,40.5868931705391,-73.9691532698697,0.0460312178687,0.000787412398699998,2021.72461920823,2021.7698630137,80000000
367,363,0.1323545097,40.8006145837153,-73.8124089405622,40.7591970440758,-73.9615171135239,0.1323545097,0,2021.70326192866,2021.83561643836,80000000
367,368,0.01706099915,40.8006145837153,-73.8124089405622,40.741717896432,-73.8728806502672,0.01706099915,0,2021.70326192866,2021.72032292781,80000000
368,364,0.04929351059,40.741717896432,-73.8728806502672,40.7060966396815,-73.9550175329379,0.06635450974,0.01706099915,2021.72032292781,2021.7696164384,80000000
368,369,0.03905958317,40.741717896432,-73.8728806502672,40.5606288368618,-73.9079969845033,0.05612058232,0.01706099915,2021.72032292781,2021.75938251098,80000000
369,365,0.01523392742,40.5606288368618,-73.9079969845033,40.7134873374518,-73.9612052942307,0.07135450974,0.05612058232,2021.75938251098,2021.7746164384,80000000
369,366,0.02423392742,40.5606288368618,-73.9079969845033,40.7441956806488,-73.9926123364869,0.08035450974,0.05612058232,2021.75938251098,2021.7836164384,80000000
375,370,0.02340727947,40.8549705154552,-74.0628095528953,40.7191835829254,-73.8670099454409,0.02340727947,0,2021.57382559724,2021.59723287671,80000000
375,376,0.005959980898,40.8549705154552,-74.0628095528953,40.9624866417462,-73.8751068896981,0.005959980898,0,2021.57382559724,2021.57978557814,80000000
376,371,0.09144729857,40.9624866417462,-73.8751068896981,40.7511499936711,-73.9487072220435,0.097407279468,0.005959980898,2021.57978557814,2021.67123287671,80000000
376,377,0.0345918438,40.9624866417462,-73.8751068896981,40.8115529149457,-73.914712323149,0.040551824698,0.005959980898,2021.57978557814,2021.61437742194,80000000
377,372,0.01585545477,40.8115529149457,-73.914712323149,40.6805539059576,-73.7315728415428,0.056407279468,0.040551824698,2021.61437742194,2021.63023287671,80000000
377,378,0.0194392616,40.8115529149457,-73.914712323149,40.789830212479,-73.8912229724515,0.059991086298,0.040551824698,2021.61437742194,2021.63381668354,80000000
378,373,0.01341619317,40.789830212479,-73.8912229724515,40.9131421353022,-73.3737243753675,0.073407279468,0.059991086298,2021.63381668354,2021.64723287671,80000000
378,374,0.00741619316599999,40.789830212479,-73.8912229724515,40.7374938585261,-73.985708113877,0.067407279464,0.059991086298,2021.63381668354,2021.64123287671,80000000
383,379,0.06940124848,40.5275023117438,-74.1184568109368,40.6133663800567,-74.0346146391615,0.06940124848,0,2021.79884532686,2021.86824657534,80000000
383,384,0.05421298218,40.5275023117438,-74.1184568109368,40.4833878185238,-74.1378289777645,0.05421298218,0,2021.79884532686,2021.85305830904,80000000
384,382,0.0811882663,40.4833878185238,-74.1378289777645,40.6251740746558,-74.0309620330944,0.13540124848,0.05421298218,2021.85305830904,2021.93424657534,80000000
384,385,0.00990259454199999,40.4833878185238,-74.1378289777645,40.4095843158319,-74.1888492920764,0.064115576722,0.05421298218,2021.85305830904,2021.86296090358,80000000
385,380,0.06928567176,40.4095843158319,-74.1888492920764,40.6200023969016,-74.0347042187035,0.133401248482,0.064115576722,2021.86296090358,2021.93224657534,80000000
385,381,0.03028567176,40.4095843158319,-74.1888492920764,40.6238028505674,-74.0222243136239,0.094401248482,0.064115576722,2021.86296090358,2021.89324657534,80000000
393,392,0.1920449569,41.2006261368053,-74.3064720036682,40.7521724080062,-73.5497809680296,0.1920449569,0,2021.47918791981,2021.67123287671,80000000
393,394,0.03718802986,41.2006261368053,-74.3064720036682,40.5793744518825,-73.7433450591054,0.03718802986,0,2021.47918791981,2021.51637594967,80000000
394,395,0.04137900649,40.5793744518825,-73.7433450591054,40.7020366899396,-73.6771804668905,0.07856703635,0.03718802986,2021.51637594967,2021.55775495616,80000000
394,391,0.09185692705,40.5793744518825,-73.7433450591054,40.6428687348176,-73.6036950846275,0.12904495691,0.03718802986,2021.51637594967,2021.60823287672,80000000
395,386,0.01547792055,40.7020366899396,-73.6771804668905,40.694268823496,-73.6185715920133,0.0940449569,0.07856703635,2021.55775495616,2021.57323287671,80000000
395,396,0.01287134143,40.7020366899396,-73.6771804668905,40.7017143028711,-73.6896721232932,0.09143837778,0.07856703635,2021.55775495616,2021.57062629759,80000000
396,397,0.007090387192,40.7017143028711,-73.6896721232932,40.7105151274703,-73.6503703712711,0.098528764972,0.09143837778,2021.57062629759,2021.57771668478,80000000
396,387,0.01060657912,40.7017143028711,-73.6896721232932,40.7203853004638,-73.3553536286364,0.1020449569,0.09143837778,2021.57062629759,2021.58123287671,80000000
397,398,0.008745843147,40.7105151274703,-73.6503703712711,40.7120485974864,-73.605845973949,0.107274608119,0.098528764972,2021.57771668478,2021.58646252793,80000000
397,388,0.006516191932,40.7105151274703,-73.6503703712711,40.7068510248067,-73.5963097429331,0.105044956904,0.098528764972,2021.57771668478,2021.58423287671,80000000
398,390,0.002770348785,40.7120485974864,-73.605845973949,40.7470106125796,-73.5945693726801,0.110044956904,0.107274608119,2021.58646252793,2021.58923287671,80000000
398,389,0.00877034878500001,40.7120485974864,-73.605845973949,40.6843870543412,-73.6403198344466,0.116044956904,0.107274608119,2021.58646252793,2021.59523287671,80000000
402,399,0.02535495803,40.8521587489217,-73.7690466260683,40.7553904268243,-73.8811755159283,0.02535495803,0,2021.63727517896,2021.66263013699,80000000
402,403,0.04195903314,40.8521587489217,-73.7690466260683,40.7075302659076,-74.040376700997,0.04195903314,0,2021.63727517896,2021.6792342121,80000000
403,400,0.01939592489,40.7075302659076,-74.040376700997,40.7139266101721,-73.9813687659938,0.06135495803,0.04195903314,2021.6792342121,2021.69863013699,80000000
403,401,0.005395924887,40.7075302659076,-74.040376700997,40.7104460070072,-73.9803784432962,0.047354958027,0.04195903314,2021.6792342121,2021.68463013699,80000000
407,404,0.003179237159,40.5678736744776,-73.6540769255154,40.5896775184116,-73.6513189590221,0.003179237159,0,2021.66275226969,2021.66593150685,80000000
407,408,0.01572239221,40.5678736744776,-73.6540769255154,40.6936991098473,-73.4598073134126,0.01572239221,0,2021.66275226969,2021.6784746619,80000000
408,405,0.003456844949,40.6936991098473,-73.4598073134126,40.6864206197502,-73.6258484119264,0.019179237159,0.01572239221,2021.6784746619,2021.68193150685,80000000
408,406,0.006456844949,40.6936991098473,-73.4598073134126,40.8869665681155,-73.26721890873,0.022179237159,0.01572239221,2021.6784746619,2021.68493150685,80000000
428,436,0.02882842441,40.6548915077003,-73.5803312734134,40.6810518496091,-73.4414725547716,0.02882842441,0,2021.61620861283,2021.64503703724,80000000
428,429,0.2361098509,40.6548915077003,-73.5803312734134,40.6665066350053,-73.6050225321828,0.2361098509,0,2021.61620861283,2021.85231846373,80000000
429,409,0.01572263214,40.6665066350053,-73.6050225321828,40.6912125864634,-73.632290538786,0.25183248304,0.2361098509,2021.85231846373,2021.86804109587,80000000
429,430,0.000772804610999989,40.6665066350053,-73.6050225321828,40.6474269608849,-73.6283226463667,0.236882655511,0.2361098509,2021.85231846373,2021.85309126835,80000000
430,435,0.02340971155,40.6474269608849,-73.6283226463667,40.6607507176662,-73.662205890707,0.260292367061,0.236882655511,2021.85309126835,2021.8765009799,80000000
430,431,0.03719539732,40.6474269608849,-73.6283226463667,40.6462179769763,-73.6291771953279,0.274078052831,0.236882655511,2021.85309126835,2021.89028666567,80000000
431,410,0.01975443021,40.6462179769763,-73.6291771953279,40.7195360136133,-73.6142185609614,0.293832483041,0.274078052831,2021.89028666567,2021.91004109588,80000000
431,432,0.01685448121,40.6462179769763,-73.6291771953279,40.707563468325,-73.5592631851777,0.290932534041,0.274078052831,2021.89028666567,2021.90714114688,80000000
432,411,0.00289994900099999,40.707563468325,-73.5592631851777,40.7117778965699,-73.6397844712897,0.293832483042,0.290932534041,2021.90714114688,2021.91004109588,80000000
432,433,0.00290902054800002,40.707563468325,-73.5592631851777,40.7103929773389,-73.5767600204149,0.293841554589,0.290932534041,2021.90714114688,2021.91005016742,80000000
433,412,0.01599092845,40.7103929773389,-73.5767600204149,40.7058431367789,-73.5908258737909,0.309832483039,0.293841554589,2021.91005016742,2021.92604109587,80000000
433,434,0.00199253196999999,40.7103929773389,-73.5767600204149,40.7218315513582,-73.5890435028169,0.295834086559,0.293841554589,2021.91005016742,2021.91204269939,80000000
434,413,0.01399839648,40.7218315513582,-73.5890435028169,40.692603984318,-73.584349512757,0.309832483039,0.295834086559,2021.91204269939,2021.92604109587,80000000
434,414,0.02199839648,40.7218315513582,-73.5890435028169,40.7075336069979,-73.5953454816401,0.317832483039,0.295834086559,2021.91204269939,2021.93404109587,80000000
435,416,0.03554011598,40.6607507176662,-73.662205890707,40.7077067139815,-73.6146265592561,0.295832483041,0.260292367061,2021.8765009799,2021.91204109588,80000000
435,415,0.02454011598,40.6607507176662,-73.662205890707,40.6847347460067,-73.6202466858578,0.284832483041,0.260292367061,2021.8765009799,2021.90104109588,80000000
436,417,0.04000405863,40.6810518496091,-73.4414725547716,40.6636175577537,-73.4760961103658,0.06883248304,0.02882842441,2021.64503703724,2021.68504109587,80000000
436,437,0.005336969084,40.6810518496091,-73.4414725547716,40.7278413132433,-73.412659539655,0.034165393494,0.02882842441,2021.64503703724,2021.65037400633,80000000
437,438,0.05730085856,40.7278413132433,-73.412659539655,40.7089821824884,-73.4079350251015,0.091466252054,0.034165393494,2021.65037400633,2021.70767486489,80000000
437,418,0.1196670895,40.7278413132433,-73.412659539655,40.6942960856964,-73.6928514502517,0.153832482994,0.034165393494,2021.65037400633,2021.77004109583,80000000
438,439,0.00887970825599999,40.7089821824884,-73.4079350251015,40.7184636709893,-73.4440321055908,0.10034596031,0.091466252054,2021.70767486489,2021.71655457314,80000000
438,427,0.01336623098,40.7089821824884,-73.4079350251015,40.8095500049549,-73.1610475391402,0.104832483034,0.091466252054,2021.70767486489,2021.72104109587,80000000
439,440,0.04078529104,40.7184636709893,-73.4440321055908,40.6500590888115,-73.4946199989896,0.14113125135,0.10034596031,2021.71655457314,2021.75733986418,80000000
439,419,0.1574865227,40.7184636709893,-73.4440321055908,40.7095996605579,-73.6356175626626,0.25783248301,0.10034596031,2021.71655457314,2021.87404109584,80000000
440,420,0.1767012317,40.6500590888115,-73.4946199989896,40.652312772977,-73.422001753939,0.31783248305,0.14113125135,2021.75733986418,2021.93404109588,80000000
440,441,0.02200196633,40.6500590888115,-73.4946199989896,40.6952266303247,-73.5687665972,0.16313321768,0.14113125135,2021.75733986418,2021.77934183051,80000000
441,421,0.004699265358,40.6952266303247,-73.5687665972,40.6418563240043,-73.5498402520492,0.167832483038,0.16313321768,2021.77934183051,2021.78404109587,80000000
441,442,0.07020608473,40.6952266303247,-73.5687665972,40.7918288296991,-73.5502053895224,0.23333930241,0.16313321768,2021.77934183051,2021.84954791524,80000000
442,422,0.1064931806,40.7918288296991,-73.5502053895224,40.7145946527178,-73.6218032777258,0.33983248301,0.23333930241,2021.84954791524,2021.95604109584,80000000
442,443,0.02352917692,40.7918288296991,-73.5502053895224,40.7535167480691,-73.590905988281,0.25686847933,0.23333930241,2021.84954791524,2021.87307709216,80000000
443,444,0.00585344492500001,40.7535167480691,-73.590905988281,40.7558221878741,-73.6355262110971,0.262721924255,0.25686847933,2021.87307709216,2021.87893053709,80000000
443,423,0.0199640037,40.7535167480691,-73.590905988281,40.8951379707567,-73.4097823758782,0.27683248303,0.25686847933,2021.87307709216,2021.89304109586,80000000
444,424,0.1101105588,40.7558221878741,-73.6355262110971,40.7492788497772,-73.9080761914085,0.372832483055,0.262721924255,2021.87893053709,2021.98904109589,80000000
444,445,0.01236145595,40.7558221878741,-73.6355262110971,40.7623382799538,-73.6359738029028,0.275083380205,0.262721924255,2021.87893053709,2021.89129199304,80000000
445,426,0.03474910282,40.7623382799538,-73.6359738029028,40.6416952064027,-73.7364751625066,0.309832483025,0.275083380205,2021.89129199304,2021.92604109586,80000000
445,425,0.04074910282,40.7623382799538,-73.6359738029028,40.7493382989861,-73.641017865972,0.315832483025,0.275083380205,2021.89129199304,2021.93204109586,80000000
450,446,0.03865295487,40.6981308240203,-73.883439271927,40.6994748503471,-73.7350030387858,0.03865295487,0,2021.64327855196,2021.68193150683,80000000
450,451,0.0200889618,40.6981308240203,-73.883439271927,40.8896213806506,-73.8785643497026,0.0200889618,0,2021.64327855196,2021.66336751376,80000000
451,447,0.04656399307,40.8896213806506,-73.8785643497026,40.6339610036271,-73.9916282737795,0.06665295487,0.0200889618,2021.66336751376,2021.70993150683,80000000
451,452,0.03958964099,40.8896213806506,-73.8785643497026,40.8010521692835,-73.8766728320876,0.05967860279,0.0200889618,2021.66336751376,2021.70295715475,80000000
452,448,0.01497435208,40.8010521692835,-73.8766728320876,40.8115841964865,-73.9357063110701,0.07465295487,0.05967860279,2021.70295715475,2021.71793150683,80000000
452,449,0.1819743521,40.8010521692835,-73.8766728320876,40.6654192664543,-73.9992805412324,0.24165295489,0.05967860279,2021.70295715475,2021.88493150685,80000000
458,453,0.1893584153,40.6305169945744,-74.002324066997,40.7113012784223,-73.9808481266554,0.1893584153,0,2021.49831281758,2021.68767123288,80000000
458,459,0.05173250233,40.6305169945744,-74.002324066997,40.7487906234675,-74.1328219585691,0.05173250233,0,2021.49831281758,2021.55004531991,80000000
459,454,0.02462591298,40.7487906234675,-74.1328219585691,40.7804572872808,-73.9223717772636,0.07635841531,0.05173250233,2021.55004531991,2021.57467123289,80000000
459,460,0.01629604952,40.7487906234675,-74.1328219585691,40.7726804732272,-74.1133704805637,0.06802855185,0.05173250233,2021.55004531991,2021.56634136943,80000000
460,455,0.008329863459,40.7726804732272,-74.1133704805637,40.7459412988909,-73.9794541777047,0.076358415309,0.06802855185,2021.56634136943,2021.57467123289,80000000
460,461,0.000242963782899994,40.7726804732272,-74.1133704805637,40.7819204672867,-74.0904570193099,0.0682715156329,0.06802855185,2021.56634136943,2021.56658433321,80000000
461,456,0.01708689968,40.7819204672867,-74.0904570193099,40.7469664660554,-73.9714557890789,0.0853584153129,0.0682715156329,2021.56658433321,2021.58367123289,80000000
461,457,0.02208689968,40.7819204672867,-74.0904570193099,40.7411668695226,-73.9788979853439,0.0903584153129,0.0682715156329,2021.56658433321,2021.58867123289,80000000
466,467,0.05157833808,40.7652304670277,-73.5819425022331,40.7534196256254,-73.5809909989603,0.05157833808,0,2021.71578123957,2021.76735957765,80000000
466,468,0.03471985525,40.7652304670277,-73.5819425022331,40.8509240785723,-73.5982012581283,0.03471985525,0,2021.71578123957,2021.75050109482,80000000
467,462,0.01399658673,40.7534196256254,-73.5809909989603,40.7596059023638,-73.5856932170313,0.06557492481,0.05157833808,2021.76735957765,2021.78135616438,80000000
467,463,0.02799658673,40.7534196256254,-73.5809909989603,40.7750414754077,-73.5582739550231,0.07957492481,0.05157833808,2021.76735957765,2021.79535616438,80000000
468,464,0.08785506956,40.8509240785723,-73.5982012581283,40.7176634250348,-73.6121455698059,0.12257492481,0.03471985525,2021.75050109482,2021.83835616438,80000000
468,465,0.05285506956,40.8509240785723,-73.5982012581283,40.7604002919009,-73.5647995062304,0.08757492481,0.03471985525,2021.75050109482,2021.80335616438,80000000
474,469,0.02238221535,40.3415880215811,-73.9622681371357,40.6448648025879,-74.0112022672807,0.02238221535,0,2021.78234381202,2021.80472602737,80000000
474,475,0.02008743715,40.3415880215811,-73.9622681371357,40.6130723542562,-73.7948612192223,0.02008743715,0,2021.78234381202,2021.80243124917,80000000
475,470,0.0982947782,40.6130723542562,-73.7948612192223,40.6926180072594,-73.6617470263861,0.11838221535,0.02008743715,2021.80243124917,2021.90072602737,80000000
475,476,0.03070657469,40.6130723542562,-73.7948612192223,40.7135617120077,-73.7227223691736,0.05079401184,0.02008743715,2021.80243124917,2021.83313782386,80000000
476,471,0.05958820351,40.7135617120077,-73.7227223691736,40.6701180753562,-73.5622594122007,0.11038221535,0.05079401184,2021.83313782386,2021.89272602737,80000000
476,477,0.00404003964000001,40.7135617120077,-73.7227223691736,40.6698853915912,-73.7450065811271,0.05483405148,0.05079401184,2021.83313782386,2021.8371778635,80000000
477,472,0.1025481639,40.6698853915912,-73.7450065811271,40.6981579246381,-73.6214984506212,0.15738221538,0.05483405148,2021.8371778635,2021.9397260274,80000000
477,473,0.003548163875,40.6698853915912,-73.7450065811271,40.6425738577775,-73.9869015239582,0.058382215355,0.05483405148,2021.8371778635,2021.84072602738,80000000
481,478,0.004734966911,41.0138993619614,-73.7524569165825,40.7577871817051,-73.6175419283177,0.004734966911,0,2021.71052530706,2021.71526027397,80000000
481,482,0.04686038389,41.0138993619614,-73.7524569165825,40.7077588573971,-73.6386457805809,0.04686038389,0,2021.71052530706,2021.75738569095,80000000
482,479,0.03987458302,40.7077588573971,-73.6386457805809,40.673764307068,-73.5445526289756,0.08673496691,0.04686038389,2021.75738569095,2021.79726027397,80000000
482,480,0.004874583021,40.7077588573971,-73.6386457805809,40.7397575934371,-73.5972710211388,0.051734966911,0.04686038389,2021.75738569095,2021.76226027397,80000000
486,483,0.02214362577,41.3811785157625,-73.5307565665149,40.7577422216443,-73.9132053230436,0.02214362577,0,2021.61069199067,2021.63283561644,80000000
486,487,0.01561017745,41.3811785157625,-73.5307565665149,41.350428791424,-73.6873485871893,0.01561017745,0,2021.61069199067,2021.62630216812,80000000
487,484,0.01453344832,41.350428791424,-73.6873485871893,41.247454750647,-73.7191787310449,0.03014362577,0.01561017745,2021.62630216812,2021.64083561644,80000000
487,485,0.01753344832,41.350428791424,-73.6873485871893,40.733610801825,-73.9471806943451,0.03314362577,0.01561017745,2021.62630216812,2021.64383561644,80000000
491,490,0.01287228832,40.4291011963073,-73.9794782883385,40.7094472224238,-73.6180213849986,0.01287228832,0,2021.88575784867,2021.89863013699,80000000
491,492,0.009235987225,40.4291011963073,-73.9794782883385,40.7174132650295,-73.6193182318285,0.009235987225,0,2021.88575784867,2021.8949938359,80000000
492,488,0.0006363010925,40.7174132650295,-73.6193182318285,40.7072442687147,-73.6110698399979,0.0098722883175,0.009235987225,2021.8949938359,2021.89563013699,80000000
492,489,0.0006363010925,40.7174132650295,-73.6193182318285,40.6977814201525,-73.6218882208805,0.0098722883175,0.009235987225,2021.8949938359,2021.89563013699,80000000
501,493,0.1634806689,40.826510570599,-73.934412007406,40.7218773013621,-73.6016260424228,0.1634806689,0,2021.5762727558,2021.7397534247,80000000
501,502,0.2031787608,40.826510570599,-73.934412007406,40.8575496824399,-73.942851707474,0.2031787608,0,2021.5762727558,2021.7794515166,80000000
502,503,0.03245154512,40.8575496824399,-73.942851707474,40.7334186985948,-73.8647229986839,0.23563030592,0.2031787608,2021.7794515166,2021.81190306172,80000000
502,504,0.05114532105,40.8575496824399,-73.942851707474,40.7803507058802,-74.0351819481291,0.25432408185,0.2031787608,2021.7794515166,2021.83059683765,80000000
503,494,0.00185036293800001,40.7334186985948,-73.8647229986839,40.760180705685,-73.8851730702157,0.237480668858,0.23563030592,2021.81190306172,2021.81375342466,80000000
503,495,0.00685036293800001,40.7334186985948,-73.8647229986839,40.7716516727093,-73.8903860153385,0.242480668858,0.23563030592,2021.81190306172,2021.81875342466,80000000
504,505,0.01328730525,40.7803507058802,-74.0351819481291,40.7322591923852,-73.9762792856867,0.2676113871,0.25432408185,2021.83059683765,2021.8438841429,80000000
504,507,0.0210599363,40.7803507058802,-74.0351819481291,40.6907906049533,-73.8626428828982,0.27538401815,0.25432408185,2021.83059683765,2021.85165677395,80000000
505,496,0.007869281758,40.7322591923852,-73.9762792856867,40.7400392501394,-73.9775467849641,0.275480668858,0.2676113871,2021.8438841429,2021.85175342466,80000000
505,506,0.00563555422299999,40.7322591923852,-73.9762792856867,40.7601779723313,-73.9552458625446,0.273246941323,0.2676113871,2021.8438841429,2021.84951969712,80000000
506,498,0.00223372753500001,40.7601779723313,-73.9552458625446,40.7234665049369,-73.9922391022958,0.275480668858,0.273246941323,2021.84951969712,2021.85175342466,80000000
506,497,0.00223372753500001,40.7601779723313,-73.9552458625446,40.7674380342454,-73.9507340912713,0.275480668858,0.273246941323,2021.84951969712,2021.85175342466,80000000
507,499,0.01409665071,40.6907906049533,-73.8626428828982,40.7720727057693,-73.9646068355158,0.28948066886,0.27538401815,2021.85165677395,2021.86575342466,80000000
507,500,0.01409665071,40.6907906049533,-73.8626428828982,40.7692754335576,-73.9523522281911,0.28948066886,0.27538401815,2021.85165677395,2021.86575342466,80000000
512,508,0.002384294514,40.9502565991026,-73.2422794506136,40.7033330977014,-73.5829506262991,0.002384294514,0,2021.60593077397,2021.60831506849,80000000
512,513,0.009760382708,40.9502565991026,-73.2422794506136,40.8499063290363,-73.2528979955986,0.009760382708,0,2021.60593077397,2021.61569115668,80000000
513,509,0.006623911806,40.8499063290363,-73.2528979955986,40.8294194324957,-72.9964344103865,0.016384294514,0.009760382708,2021.61569115668,2021.62231506849,80000000
513,514,0.01059224532,40.8499063290363,-73.2528979955986,40.7414541405968,-73.7551695690316,0.020352628028,0.009760382708,2021.61569115668,2021.626283402,80000000
514,510,0.001031666486,40.7414541405968,-73.7551695690316,40.7052520059898,-73.6196338928391,0.021384294514,0.020352628028,2021.626283402,2021.62731506849,80000000
514,511,0.02303166649,40.7414541405968,-73.7551695690316,40.869481814915,-73.8883557821581,0.043384294518,0.020352628028,2021.626283402,2021.64931506849,80000000
518,515,0.006487343959,40.6815324276396,-73.8181214650032,40.7275792796511,-73.6859050896665,0.006487343959,0,2021.70329347796,2021.70978082192,80000000
518,519,0.02830357356,40.6815324276396,-73.8181214650032,40.7407826251722,-73.7494414075488,0.02830357356,0,2021.70329347796,2021.73159705152,80000000
519,516,0.0461837704,40.7407826251722,-73.7494414075488,40.6513550069261,-73.5832462398101,0.07448734396,0.02830357356,2021.73159705152,2021.77778082192,80000000
519,517,0.0601837704,40.7407826251722,-73.7494414075488,40.6851081307847,-73.5910755257599,0.08848734396,0.02830357356,2021.73159705152,2021.79178082192,80000000
525,520,0.02658515589,40.8871331940699,-73.4542698007713,40.7719216209647,-73.5750254551781,0.02658515589,0,2021.63378470711,2021.660369863,80000000
525,526,0.1486159103,40.8871331940699,-73.4542698007713,40.7241193938492,-73.6893503384729,0.1486159103,0,2021.63378470711,2021.78240061741,80000000
526,521,0.0539692456,40.7241193938492,-73.6893503384729,40.6924725608387,-73.6251936718485,0.2025851559,0.1486159103,2021.78240061741,2021.83636986301,80000000
526,527,0.02669893269,40.7241193938492,-73.6893503384729,40.6856713883168,-73.6432513159572,0.17531484299,0.1486159103,2021.78240061741,2021.8090995501,80000000
527,522,0.00727031291300001,40.6856713883168,-73.6432513159572,40.7115536400223,-73.6185179734511,0.182585155903,0.17531484299,2021.8090995501,2021.81636986301,80000000
527,528,0.01132678482,40.6856713883168,-73.6432513159572,40.6920690512078,-73.740759049727,0.18664162781,0.17531484299,2021.8090995501,2021.82042633492,80000000
528,523,0.001943528093,40.6920690512078,-73.740759049727,40.7191221559682,-73.612562825594,0.188585155903,0.18664162781,2021.82042633492,2021.82236986301,80000000
528,524,0.08094352809,40.6920690512078,-73.740759049727,40.6773001579445,-73.9694958692445,0.2675851559,0.18664162781,2021.82042633492,2021.90136986301,80000000
533,529,0.0662448723,40.6957492859852,-73.6518754299162,40.7473796589835,-73.6503904510255,0.0662448723,0,2021.6973441688,2021.7635890411,80000000
533,534,0.1663287256,40.6957492859852,-73.6518754299162,40.7246530139268,-73.6144802699438,0.1663287256,0,2021.6973441688,2021.8636728944,80000000
534,530,0.0289161467,40.7246530139268,-73.6144802699438,40.7275441632868,-73.5406045322182,0.1952448723,0.1663287256,2021.8636728944,2021.8925890411,80000000
534,535,0.03063496071,40.7246530139268,-73.6144802699438,40.7827573851443,-73.5871618298431,0.19696368631,0.1663287256,2021.8636728944,2021.89430785511,80000000
535,531,0.01528118599,40.7827573851443,-73.5871618298431,40.7699120484382,-73.6574289341092,0.2122448723,0.19696368631,2021.89430785511,2021.9095890411,80000000
535,532,0.00628118598800001,40.7827573851443,-73.5871618298431,40.7703393328181,-73.5577009597193,0.203244872298,0.19696368631,2021.89430785511,2021.9005890411,80000000
539,536,0.1460197803,40.9104072142577,-73.6501148770006,40.7144874200861,-73.6171250724407,0.1460197803,0,2021.78000761696,2021.92602739726,80000000
539,540,0.1292047066,40.9104072142577,-73.6501148770006,40.7599408941233,-73.9605379292179,0.1292047066,0,2021.78000761696,2021.90921232356,80000000
540,537,0.00881507370500001,40.7599408941233,-73.9605379292179,40.7250368575083,-73.9561401258332,0.138019780305,0.1292047066,2021.90921232356,2021.91802739726,80000000
540,538,0.0138150737,40.7599408941233,-73.9605379292179,40.7185082077961,-73.8882272153624,0.1430197803,0.1292047066,2021.90921232356,2021.92302739726,80000000
544,543,0.03137817877,40.5364685543557,-73.9867933460825,40.7483026810578,-73.9753283843503,0.03137817877,0,2021.48111497186,2021.51249315063,80000000
544,545,0.08070546162,40.5364685543557,-73.9867933460825,40.7904938497344,-73.6514015613472,0.08070546162,0,2021.48111497186,2021.56182043348,80000000
545,541,0.1066727172,40.7904938497344,-73.6514015613472,40.8629064247257,-72.5047019714906,0.18737817882,0.08070546162,2021.56182043348,2021.66849315068,80000000
545,542,0.1046727172,40.7904938497344,-73.6514015613472,40.6484512017924,-74.0082065597244,0.18537817882,0.08070546162,2021.56182043348,2021.66649315068,80000000
553,556,0.03687727104,40.623023076012,-73.720006831344,40.6555232946124,-74.049559674228,0.03687727104,0,2021.80492259354,2021.84179986458,80000000
553,554,0.0713456324,40.623023076012,-73.720006831344,40.7302805568754,-73.4136166397167,0.0713456324,0,2021.80492259354,2021.87626822594,80000000
554,548,0.0278413631,40.7302805568754,-73.4136166397167,40.8723196201791,-73.304332966534,0.0991869955,0.0713456324,2021.87626822594,2021.90410958904,80000000
554,555,0.01577262486,40.7302805568754,-73.4136166397167,40.777521746607,-73.3217949913326,0.08711825726,0.0713456324,2021.87626822594,2021.8920408508,80000000
555,546,0.00406873824200001,40.777521746607,-73.3217949913326,40.8573516152631,-73.3000836364272,0.091186995502,0.08711825726,2021.8920408508,2021.89610958904,80000000
555,547,0.00406873824200001,40.777521746607,-73.3217949913326,40.8477436709569,-73.331106194312,0.091186995502,0.08711825726,2021.8920408508,2021.89610958904,80000000
556,549,0.002309724462,40.6555232946124,-74.049559674228,40.6374118064251,-74.0093119330317,0.039186995502,0.03687727104,2021.84179986458,2021.84410958904,80000000
556,557,0.000804055108400002,40.6555232946124,-74.049559674228,40.7218703924852,-73.9901198302802,0.0376813261484,0.03687727104,2021.84179986458,2021.84260391969,80000000
557,558,0.008142024114,40.7218703924852,-73.9901198302802,40.6602940494081,-74.0205045456289,0.0458233502624,0.0376813261484,2021.84260391969,2021.8507459438,80000000
557,550,0.004505669354,40.7218703924852,-73.9901198302802,40.7189622646066,-73.9783544481881,0.0421869955024,0.0376813261484,2021.84260391969,2021.84710958904,80000000
558,551,0.00736364524,40.6602940494081,-74.0205045456289,40.646226984311,-73.5113193340152,0.0531869955024,0.0458233502624,2021.8507459438,2021.85810958904,80000000
558,552,0.00136364524,40.6602940494081,-74.0205045456289,40.6360297047005,-74.1249663833994,0.0471869955024,0.0458233502624,2021.8507459438,2021.85210958904,80000000
562,559,0.03937562502,40.5214372115654,-74.0178681035335,40.6573113685035,-74.0178046989085,0.03937562502,0,2021.61011752566,2021.64949315068,80000000
562,563,0.01601024041,40.5214372115654,-74.0178681035335,40.7120638878704,-74.0012973168274,0.01601024041,0,2021.61011752566,2021.62612776607,80000000
563,560,0.02636538461,40.7120638878704,-74.0012973168274,40.6441624621624,-73.9980918630927,0.04237562502,0.01601024041,2021.62612776607,2021.65249315068,80000000
563,561,0.04236538461,40.7120638878704,-74.0012973168274,40.646255208468,-73.9987375718872,0.05837562502,0.01601024041,2021.62612776607,2021.66849315068,80000000
567,564,0.03292834659,40.6046742033425,-74.2106373799187,40.6525698829218,-73.9594289513496,0.03292834659,0,2021.86283877669,2021.89576712328,80000000
567,568,0.05309937782,40.6046742033425,-74.2106373799187,40.6243245021239,-73.9815699811964,0.05309937782,0,2021.86283877669,2021.91593815451,80000000
568,565,0.001828968775,40.6243245021239,-73.9815699811964,40.6690394678668,-73.9220686688953,0.054928346595,0.05309937782,2021.91593815451,2021.91776712329,80000000
568,566,0.01282896878,40.6243245021239,-73.9815699811964,40.6100996158954,-74.0271728711203,0.0659283466,0.05309937782,2021.91593815451,2021.92876712329,80000000
576,579,0.02664427046,40.6246143212754,-74.1126222794534,40.7193355834235,-74.0365313099909,0.02664427046,0,2021.77455609522,2021.80120036568,80000000
576,577,0.03224142903,40.6246143212754,-74.1126222794534,40.6286456166158,-73.9705356275124,0.03224142903,0,2021.77455609522,2021.80679752425,80000000
577,571,0.05070932504,40.6286456166158,-73.9705356275124,40.6238776861207,-74.0174200214864,0.08295075407,0.03224142903,2021.80679752425,2021.85750684929,80000000
577,578,0.08249359775,40.6286456166158,-73.9705356275124,40.6656128774575,-74.0417546252355,0.11473502678,0.03224142903,2021.80679752425,2021.889291122,80000000
578,569,0.03621572729,40.6656128774575,-74.0417546252355,40.6281009369326,-74.0360531760717,0.15095075407,0.11473502678,2021.889291122,2021.92550684929,80000000
578,570,0.00621572729,40.6656128774575,-74.0417546252355,40.7092282174018,-74.0157180691881,0.12095075407,0.11473502678,2021.889291122,2021.89550684929,80000000
579,572,0.1023064836,40.7193355834235,-74.0365313099909,40.7903640936251,-73.9738395570116,0.12895075406,0.02664427046,2021.80120036568,2021.90350684928,80000000
579,580,0.00182637614100001,40.7193355834235,-74.0365313099909,40.7427881000717,-73.9895431716293,0.028470646601,0.02664427046,2021.80120036568,2021.80302674182,80000000
580,581,0.09595926443,40.7427881000717,-73.9895431716293,40.803406114175,-73.923060991395,0.124429911031,0.028470646601,2021.80302674182,2021.89898600625,80000000
580,573,0.1284801075,40.7427881000717,-73.9895431716293,40.6076143471729,-74.0114466119409,0.156950754101,0.028470646601,2021.80302674182,2021.93150684932,80000000
581,574,0.01252084305,40.803406114175,-73.923060991395,40.7265047369471,-73.8709672635144,0.136950754081,0.124429911031,2021.89898600625,2021.9115068493,80000000
581,575,0.01052084305,40.803406114175,-73.923060991395,40.761292642042,-73.9492906500813,0.134950754081,0.124429911031,2021.89898600625,2021.9095068493,80000000
585,582,0.1308694159,41.2934760698284,-74.307860075433,40.6655793895138,-73.7304491321568,0.1308694159,0,2021.46122647455,2021.59209589045,80000000
585,586,0.09385695005,41.2934760698284,-74.307860075433,40.8929129383204,-73.6121870307205,0.09385695005,0,2021.46122647455,2021.5550834246,80000000
586,583,0.08601246581,40.8929129383204,-73.6121870307205,40.7167860679702,-73.7032233290205,0.17986941586,0.09385695005,2021.5550834246,2021.64109589041,80000000
586,584,0.0150124658,40.8929129383204,-73.6121870307205,40.7336501987273,-73.9766523455047,0.10886941585,0.09385695005,2021.5550834246,2021.5700958904,80000000
590,587,0.0523054138,40.850206576848,-73.371894577205,40.7114885940588,-73.7519933071336,0.0523054138,0,2021.51799595606,2021.57030136986,80000000
590,591,0.01075285799,40.850206576848,-73.371894577205,40.7641499579609,-73.3374955624651,0.01075285799,0,2021.51799595606,2021.52874881405,80000000
591,588,0.05755255581,40.7641499579609,-73.3374955624651,40.7667082815238,-73.5797758833439,0.0683054138,0.01075285799,2021.52874881405,2021.58630136986,80000000
591,589,0.02455255581,40.7641499579609,-73.3374955624651,40.8317009101709,-73.3335811053567,0.0353054138,0.01075285799,2021.52874881405,2021.55330136986,80000000
595,592,0.02154588344,40.7789367764509,-73.6457988675444,40.7303777522475,-73.5559306597481,0.02154588344,0,2021.49039932204,2021.51194520548,80000000
595,596,0.02856469343,40.7789367764509,-73.6457988675444,40.8867183817266,-73.5322312137396,0.02856469343,0,2021.49039932204,2021.51896401547,80000000
596,593,0.02898119001,40.8867183817266,-73.5322312137396,40.6993026892937,-73.5277514272457,0.05754588344,0.02856469343,2021.51896401547,2021.54794520548,80000000
596,594,0.01498119001,40.8867183817266,-73.5322312137396,40.7101058827017,-73.5729112451466,0.04354588344,0.02856469343,2021.51896401547,2021.53394520548,80000000
600,599,0.03017835078,40.7120276153004,-73.9152052391523,40.5949894664535,-74.0020033280056,0.03017835078,0,2021.6546298684,2021.68480821918,80000000
600,601,0.01033635057,40.7120276153004,-73.9152052391523,40.9797981391356,-73.8736281560401,0.01033635057,0,2021.6546298684,2021.66496621897,80000000
601,597,0.05284200021,40.9797981391356,-73.8736281560401,40.8185587210625,-73.9587685986949,0.06317835078,0.01033635057,2021.66496621897,2021.71780821918,80000000
601,598,0.03084200021,40.9797981391356,-73.8736281560401,40.7404168931212,-73.9806164854433,0.04117835078,0.01033635057,2021.66496621897,2021.69580821918,80000000
605,602,0.04748019599,40.7074973925657,-73.9648749544248,40.6147203210251,-73.982820502971,0.04748019599,0,2021.88916363964,2021.93664383563,80000000
605,606,0.01878046407,40.7074973925657,-73.9648749544248,40.7114089877115,-73.9990645477884,0.01878046407,0,2021.88916363964,2021.90794410371,80000000
606,603,0.009699731911,40.7114089877115,-73.9990645477884,40.7151583502496,-73.9816273860994,0.028480195981,0.01878046407,2021.90794410371,2021.91764383562,80000000
606,604,0.05369973191,40.7114089877115,-73.9990645477884,40.6010933599965,-73.991303410881,0.07248019598,0.01878046407,2021.90794410371,2021.96164383562,80000000
610,607,0.003895859291,40.6596188234278,-73.5943101981643,40.7073710227447,-73.5352817634013,0.003895859291,0,2021.71688496263,2021.72078082192,80000000
610,611,0.03323807887,40.6596188234278,-73.5943101981643,40.6694856690073,-73.7096012434742,0.03323807887,0,2021.71688496263,2021.7501230415,80000000
611,608,0.02465778042,40.6694856690073,-73.7096012434742,40.7127123421677,-73.747750388686,0.05789585929,0.03323807887,2021.7501230415,2021.77478082192,80000000
611,609,0.04165778042,40.6694856690073,-73.7096012434742,40.7025763359055,-73.7419408956581,0.07489585929,0.03323807887,2021.7501230415,2021.79178082192,80000000
615,612,0.07241084683,40.7817982994598,-73.6983431077737,40.6563930848875,-73.6299862468478,0.07241084683,0,2021.63739737231,2021.70980821914,80000000
615,616,0.00263283516700002,40.7817982994598,-73.6983431077737,40.7700230882807,-73.6978153999767,0.00263283516700002,0,2021.63739737231,2021.64003020748,80000000
616,613,0.2777780117,40.7700230882807,-73.6978153999767,40.6508014640501,-74.0001474352072,0.280410846867,0.00263283516700002,2021.64003020748,2021.91780821918,80000000
616,614,0.1677780117,40.7700230882807,-73.6978153999767,40.7851561987948,-73.8002862216579,0.170410846867,0.00263283516700002,2021.64003020748,2021.80780821918,80000000
622,623,0.03640230737,40.5841440373986,-73.8794257176874,40.5721272333104,-74.2579314933705,0.03640230737,0,2021.89100684998,2021.92740915735,80000000
622,624,0.006400173851,40.5841440373986,-73.8794257176874,40.552159700753,-74.0651515957154,0.006400173851,0,2021.89100684998,2021.89740702383,80000000
623,617,0.02327577416,40.5721272333104,-74.2579314933705,40.7402578724897,-73.9749403949208,0.05967808153,0.03640230737,2021.92740915735,2021.95068493151,80000000
623,618,0.004275774157,40.5721272333104,-74.2579314933705,40.5890085683849,-74.1863568013496,0.040678081527,0.03640230737,2021.92740915735,2021.93168493151,80000000
624,619,0.02827790768,40.552159700753,-74.0651515957154,40.5932931235112,-73.9617216308885,0.034678081531,0.006400173851,2021.89740702383,2021.92568493151,80000000
624,625,0.01239450398,40.552159700753,-74.0651515957154,40.6612891553716,-73.9140602492248,0.018794677831,0.006400173851,2021.89740702383,2021.90980152781,80000000
625,620,0.0158834037,40.6612891553716,-73.9140602492248,40.6039199113252,-73.9758569048,0.034678081531,0.018794677831,2021.90980152781,2021.92568493151,80000000
625,621,0.0158834037,40.6612891553716,-73.9140602492248,40.6056556037652,-73.9700410042618,0.034678081531,0.018794677831,2021.90980152781,2021.92568493151,80000000
630,631,0.02324653832,40.5980090704604,-74.1830794389222,40.6319241006588,-73.9983549684796,0.02324653832,0,2021.53649707786,2021.55974361618,80000000
630,632,0.03411104727,40.5980090704604,-74.1830794389222,40.6509828990634,-73.9320647993295,0.03411104727,0,2021.53649707786,2021.57060812513,80000000
631,626,0.03751665779,40.6319241006588,-73.9983549684796,40.7334505671462,-73.9867396745192,0.06076319611,0.02324653832,2021.55974361618,2021.59726027397,80000000
631,627,0.01551665779,40.6319241006588,-73.9983549684796,40.5952493071251,-73.9405896897213,0.03876319611,0.02324653832,2021.55974361618,2021.57526027397,80000000
632,628,0.01365214884,40.6509828990634,-73.9320647993295,40.5393879827205,-74.1893928904986,0.04776319611,0.03411104727,2021.57060812513,2021.58426027397,80000000
632,629,0.02165214884,40.6509828990634,-73.9320647993295,40.6694656246062,-73.8786675550296,0.05576319611,0.03411104727,2021.57060812513,2021.59226027397,80000000
638,633,0.0962193731,40.6164298495776,-73.6662051529455,40.7263585286885,-73.6952464204234,0.0962193731,0,2021.68976692827,2021.78598630137,80000000
638,639,0.08456357322,40.6164298495776,-73.6662051529455,40.6202581495509,-73.5467696828263,0.08456357322,0,2021.68976692827,2021.77433050149,80000000
639,637,0.08865579988,40.6202581495509,-73.5467696828263,40.7600219458515,-73.6325631893362,0.1732193731,0.08456357322,2021.77433050149,2021.86298630137,80000000
639,640,0.06669034868,40.6202581495509,-73.5467696828263,40.6731906230877,-73.4956806985473,0.1512539219,0.08456357322,2021.77433050149,2021.84102085017,80000000
640,634,0.0799654512,40.6731906230877,-73.4956806985473,40.724757505591,-73.5405921351227,0.2312193731,0.1512539219,2021.84102085017,2021.92098630137,80000000
640,641,0.07636328657,40.6731906230877,-73.4956806985473,40.8381943672945,-73.6759579385876,0.22761720847,0.1512539219,2021.84102085017,2021.91738413674,80000000
641,635,0.01660216463,40.8381943672945,-73.6759579385876,40.7775692028108,-73.5266634966436,0.2442193731,0.22761720847,2021.91738413674,2021.93398630137,80000000
641,636,0.01960216463,40.8381943672945,-73.6759579385876,40.75212907024,-73.5149900075555,0.2472193731,0.22761720847,2021.91738413674,2021.93698630137,80000000
645,642,0.1602749141,40.9679099443648,-73.4669103748213,40.7096848538297,-73.5151332550953,0.1602749141,0,2021.78219083932,2021.94246575342,80000000
645,646,0.1126834974,40.9679099443648,-73.4669103748213,40.6974825355672,-73.7879753491761,0.1126834974,0,2021.78219083932,2021.89487433672,80000000
646,643,0.00659141667300001,40.6974825355672,-73.7879753491761,40.7246208910194,-73.8785014243494,0.119274914073,0.1126834974,2021.89487433672,2021.90146575339,80000000
646,644,0.01559141667,40.6974825355672,-73.7879753491761,40.6203088958324,-73.950827187415,0.12827491407,0.1126834974,2021.89487433672,2021.91046575339,80000000
651,650,0.05935514602,40.4376434524596,-73.7991860434156,40.7540318809963,-73.6321482202857,0.05935514602,0,2021.5896996485,2021.64905479452,80000000
651,652,0.0124276909,40.4376434524596,-73.7991860434156,40.5680877416074,-73.919275025666,0.0124276909,0,2021.5896996485,2021.6021273394,80000000
652,647,0.01992745512,40.5680877416074,-73.919275025666,40.597730233008,-73.9130774317321,0.03235514602,0.0124276909,2021.6021273394,2021.62205479452,80000000
652,653,0.0121534249,40.5680877416074,-73.919275025666,40.6433798141272,-73.956705307202,0.0245811158,0.0124276909,2021.6021273394,2021.6142807643,80000000
653,648,0.03777403022,40.6433798141272,-73.956705307202,40.6309410861242,-74.0234211701276,0.06235514602,0.0245811158,2021.6142807643,2021.65205479452,80000000
653,649,0.02977403022,40.6433798141272,-73.956705307202,40.6425776631617,-74.0307463581774,0.05435514602,0.0245811158,2021.6142807643,2021.64405479452,80000000
