node1,node2,startLoc,endLoc,length,endNodeL,startNodeL,startYear,endYear,cladeID
4,1,NewYork,NewYork,0.05922948976,0.05922948976,0,2021.30515407188,2021.36438356164,107
4,5,NewYork,NewYork,0.01244219615,0.01244219615,0,2021.30515407188,2021.31759626803,107
5,2,NewYork,NewYork,0.000787293611000002,0.013229489761,0.01244219615,2021.31759626803,2021.31838356164,107
5,3,NewYork,NewYork,0.03578729361,0.04822948976,0.01244219615,2021.31759626803,2021.35338356164,107
6,1,NewYork,Bronx,0.07674810478,0.07674810478,0,2021.08763545686,2021.16438356164,122
6,7,NewYork,Westchester,0.03022701056,0.03022701056,0,2021.08763545686,2021.11786246742,122
7,8,Westchester,Westchester,0.02049547774,0.0507224883,0.03022701056,2021.11786246742,2021.13835794516,122
8,9,Westchester,Westchester,0.000989945337200003,0.0517124336372,0.0507224883,2021.13835794516,2021.1393478905,122
7,2,Westchester,Westchester,0.02452109422,0.05474810478,0.03022701056,2021.11786246742,2021.14238356164,122
9,4,Westchester,Westchester,0.006035671138,0.0577481047752,0.0517124336372,2021.1393478905,2021.14538356164,122
8,3,Westchester,Westchester,0.007025616476,0.057748104776,0.0507224883,2021.13835794516,2021.14538356164,122
9,5,Westchester,Westchester,0.009035671138,0.0607481047752,0.0517124336372,2021.1393478905,2021.14838356164,122
13,14,NewYork,NewYork,0.00914975683500002,0.00914975683500002,0,2021.02827872716,2021.037428484,129
13,21,NewYork,Westchester,0.08141481011,0.08141481011,0,2021.02827872716,2021.10969353728,129
14,15,NewYork,NewYork,0.1214575324,0.130607289235,0.00914975683500002,2021.037428484,2021.1588860164,129
14,16,NewYork,NewYork,0.1215187935,0.130668550335,0.00914975683500002,2021.037428484,2021.1589472775,129
16,17,NewYork,NewYork,0.01678283466,0.147451384995,0.130668550335,2021.1589472775,2021.17573011216,129
16,3,NewYork,Bronx,0.03281984579,0.163488396125,0.130668550335,2021.1589472775,2021.19176712329,129
17,18,NewYork,NewYork,0.02579583325,0.173247218245,0.147451384995,2021.17573011216,2021.20152594541,129
15,2,NewYork,Kings,0.04888110692,0.179488396155,0.130607289235,2021.1588860164,2021.20776712332,129
18,5,NewYork,NewYork,0.01224117788,0.185488396125,0.173247218245,2021.20152594541,2021.21376712329,129
21,9,Westchester,Westchester,0.106073586,0.18748839611,0.08141481011,2021.10969353728,2021.21576712327,129
15,1,NewYork,NewYork,0.06288110692,0.193488396155,0.130607289235,2021.1588860164,2021.22176712332,129
21,22,Westchester,Queens,0.1181244152,0.19953922531,0.08141481011,2021.10969353728,2021.22781795247,129
17,19,NewYork,NewYork,0.05575112937,0.203202514365,0.147451384995,2021.17573011216,2021.23148124153,129
22,10,Queens,Queens,0.01294917085,0.21248839616,0.19953922531,2021.22781795247,2021.24076712332,129
18,4,NewYork,NewYork,0.04224117788,0.215488396125,0.173247218245,2021.20152594541,2021.24376712329,129
19,8,NewYork,NewYork,0.01528588176,0.218488396125,0.203202514365,2021.23148124153,2021.24676712329,129
22,23,Queens,Queens,0.02053112222,0.22007034753,0.19953922531,2021.22781795247,2021.24834907469,129
23,11,Queens,Queens,0.00941804862699999,0.229488396157,0.22007034753,2021.24834907469,2021.25776712332,129
23,12,Queens,Richmond,0.01741804863,0.23748839616,0.22007034753,2021.24834907469,2021.26576712332,129
19,20,NewYork,NewYork,0.03965599415,0.242858508515,0.203202514365,2021.23148124153,2021.27113723568,129
20,6,NewYork,NewYork,0.002629887612,0.245488396127,0.242858508515,2021.27113723568,2021.27376712329,129
20,7,NewYork,NewYork,0.05762988761,0.300488396125,0.242858508515,2021.27113723568,2021.32876712329,129
4,1,Suffolk,Suffolk,0.0411504511,0.0411504511,0,2021.17769886397,2021.21884931507,132
4,5,Suffolk,Suffolk,0.04115388767,0.04115388767,0,2021.17769886397,2021.21885275164,132
5,3,Suffolk,Suffolk,0.05499656343,0.0961504511,0.04115388767,2021.21885275164,2021.27384931507,132
5,2,Suffolk,Suffolk,0.08799656343,0.1291504511,0.04115388767,2021.21885275164,2021.30684931507,132
4,5,Kings,Kings,0.1474964642,0.1474964642,0,2021.04655912745,2021.19405559165,136
4,3,Kings,Kings,0.1394956671,0.1394956671,0,2021.04655912745,2021.18605479455,136
5,2,Kings,Kings,0.02499920287,0.17249566707,0.1474964642,2021.19405559165,2021.21905479452,136
5,1,Kings,Queens,0.05799920287,0.20549566707,0.1474964642,2021.19405559165,2021.25205479452,136
9,10,Bronx,Bronx,0.00313259781400001,0.00313259781400001,0,2021.08484209894,2021.08797469675,139
9,11,Bronx,Bronx,0.001103488687,0.001103488687,0,2021.08484209894,2021.08594558762,139
11,12,Bronx,NewYork,0.00407822085499999,0.00518170954199999,0.001103488687,2021.08594558762,2021.09002380848,139
10,1,Bronx,Bronx,0.00836776900099999,0.011500366815,0.00313259781400001,2021.08797469675,2021.09634246575,139
10,2,Bronx,Bronx,0.00836776900099999,0.011500366815,0.00313259781400001,2021.08797469675,2021.09634246575,139
12,3,NewYork,NewYork,0.01431865727,0.019500366812,0.00518170954199999,2021.09002380848,2021.10434246575,139
12,4,NewYork,NewYork,0.01431865727,0.019500366812,0.00518170954199999,2021.09002380848,2021.10434246575,139
11,13,Bronx,Bronx,0.01942141517,0.020524903857,0.001103488687,2021.08594558762,2021.10536700279,139
13,14,Bronx,Bronx,0.00776968387800001,0.028294587735,0.020524903857,2021.10536700279,2021.11313668667,139
14,6,Bronx,Bronx,0.00520577908,0.033500366815,0.028294587735,2021.11313668667,2021.11834246575,139
13,5,Bronx,Bronx,0.01297546296,0.033500366817,0.020524903857,2021.10536700279,2021.11834246575,139
14,15,Bronx,Bronx,0.0186524481,0.046947035835,0.028294587735,2021.11313668667,2021.13178913477,139
15,8,Bronx,Kings,0.01955333098,0.066500366815,0.046947035835,2021.13178913477,2021.15134246575,139
15,7,Bronx,Bronx,0.04355333098,0.090500366815,0.046947035835,2021.13178913477,2021.17534246575,139
15,16,Nassau,Nassau,0.01347319002,0.01347319002,0,2021.03299839804,2021.04647158806,141
15,18,Nassau,Nassau,0.01349095449,0.01349095449,0,2021.03299839804,2021.04648935253,141
18,19,Nassau,Nassau,0.00219180010100001,0.015682754591,0.01349095449,2021.04648935253,2021.04868115263,141
19,4,Nassau,NewYork,0.05012706657,0.065809821161,0.015682754591,2021.04868115263,2021.0988082192,141
19,5,Nassau,Suffolk,0.05212706657,0.067809821161,0.015682754591,2021.04868115263,2021.1008082192,141
16,17,Nassau,Nassau,0.05767278464,0.07114597466,0.01347319002,2021.04647158806,2021.1041443727,141
18,20,Nassau,Nassau,0.08525113576,0.09874209025,0.01349095449,2021.04648935253,2021.13174048829,141
20,21,Nassau,Nassau,0.00303061191500001,0.101772702165,0.09874209025,2021.13174048829,2021.1347711002,141
21,27,Nassau,Nassau,0.00412703437599998,0.105899736541,0.101772702165,2021.1347711002,2021.13889813458,141
17,2,Nassau,Nassau,0.0436638465,0.11480982116,0.07114597466,2021.1041443727,2021.1478082192,141
17,3,Nassau,Nassau,0.0436638465,0.11480982116,0.07114597466,2021.1041443727,2021.1478082192,141
16,1,Nassau,Nassau,0.1093366311,0.12280982112,0.01347319002,2021.04647158806,2021.15580821916,141
21,22,Nassau,Nassau,0.05326620292,0.155038905085,0.101772702165,2021.1347711002,2021.18803730312,141
20,6,Nassau,Nassau,0.06806773091,0.16680982116,0.09874209025,2021.13174048829,2021.1998082192,141
22,23,Nassau,Nassau,0.03369966469,0.188738569775,0.155038905085,2021.18803730312,2021.22173696781,141
27,14,Nassau,Nassau,0.08291008462,0.188809821161,0.105899736541,2021.13889813458,2021.2218082192,141
22,7,Nassau,Nassau,0.05577091608,0.210809821165,0.155038905085,2021.18803730312,2021.2438082192,141
23,24,Nassau,Nassau,0.03104399179,0.219782561565,0.188738569775,2021.22173696781,2021.2527809596,141
24,25,Nassau,Nassau,0.00343940817499999,0.22322196974,0.219782561565,2021.2527809596,2021.25622036778,141
24,9,Nassau,Nassau,0.0100272596,0.229809821165,0.219782561565,2021.2527809596,2021.2628082192,141
25,10,Nassau,Nassau,0.009587851423,0.232809821163,0.22322196974,2021.25622036778,2021.2658082192,141
23,8,Nassau,Nassau,0.04407125139,0.232809821165,0.188738569775,2021.22173696781,2021.2658082192,141
25,26,Nassau,Nassau,0.02578582656,0.2490077963,0.22322196974,2021.25622036778,2021.28200619434,141
26,12,Nassau,Nassau,0.00580202486300002,0.254809821163,0.2490077963,2021.28200619434,2021.2878082192,141
26,11,Nassau,Nassau,0.01680202486,0.26580982116,0.2490077963,2021.28200619434,2021.2988082192,141
27,13,Nassau,Nassau,0.1789100846,0.284809821141,0.105899736541,2021.13889813458,2021.31780821918,141
60,61,Nassau,Nassau,0.01633860251,0.01633860251,0,2020.99564080011,2021.01197940262,142
60,65,Nassau,Nassau,0.00426312091300002,0.00426312091300002,0,2020.99564080011,2020.99990392102,142
65,73,Nassau,Nassau,0.000399172876799969,0.00466229378979999,0.00426312091300002,2020.99990392102,2021.0003030939,142
73,81,Nassau,Nassau,0.00592618063200001,0.0105884744218,0.00466229378979999,2021.0003030939,2021.00622927453,142
81,83,Nassau,Nassau,0.00030352062279998,0.0108919950446,0.0105884744218,2021.00622927453,2021.00653279515,142
81,82,Nassau,NewYork,0.01003867255,0.0206271469718,0.0105884744218,2021.00622927453,2021.01626794708,142
83,84,Nassau,Nassau,0.0160870545,0.0269790495446,0.0108919950446,2021.00653279515,2021.02261984965,142
82,22,NewYork,NewYork,0.01937588855,0.0400030355218,0.0206271469718,2021.01626794708,2021.03564383563,142
82,23,NewYork,NewYork,0.01937588855,0.0400030355218,0.0206271469718,2021.01626794708,2021.03564383563,142
65,66,Nassau,Nassau,0.037771893,0.042035013913,0.00426312091300002,2020.99990392102,2021.03767581402,142
61,63,Nassau,Nassau,0.04095109634,0.05728969885,0.01633860251,2021.01197940262,2021.05293049896,142
66,68,Nassau,Nassau,0.01881199802,0.060847011933,0.042035013913,2021.03767581402,2021.05648781204,142
83,85,Nassau,Nassau,0.05472102053,0.0656130155746,0.0108919950446,2021.00653279515,2021.06125381568,142
85,89,Nassau,Nassau,0.000454138203400012,0.066067153778,0.0656130155746,2021.06125381568,2021.06170795388,142
89,91,Nassau,Nassau,0.000957914716399999,0.0670250684944,0.066067153778,2021.06170795388,2021.0626658686,142
85,86,Nassau,Nassau,0.00522527827300001,0.0708382938476,0.0656130155746,2021.06125381568,2021.06647909395,142
73,74,Nassau,Nassau,0.06934117495,0.0740034687398,0.00466229378979999,2021.0003030939,2021.06964426885,142
74,75,Nassau,Nassau,0.00669550778299999,0.0806989765228,0.0740034687398,2021.06964426885,2021.07633977663,142
89,90,Nassau,Nassau,0.01792043953,0.083987593308,0.066067153778,2021.06170795388,2021.07962839342,142
68,72,Nassau,Nassau,0.0232582141,0.084105226033,0.060847011933,2021.05648781204,2021.07974602614,142
91,92,Nassau,Nassau,0.02133142501,0.0883564935044,0.0670250684944,2021.0626658686,2021.08399729361,142
90,31,Nassau,Nassau,0.005015442215,0.089003035523,0.083987593308,2021.07962839342,2021.08464383563,142
66,67,Nassau,Kings,0.04899361888,0.091028632793,0.042035013913,2021.03767581402,2021.0866694329,142
90,30,Nassau,Suffolk,0.008015442215,0.092003035523,0.083987593308,2021.07962839342,2021.08764383563,142
91,32,Nassau,Suffolk,0.02497796703,0.0920030355244,0.0670250684944,2021.0626658686,2021.08764383563,142
92,96,Nassau,Nassau,0.00679872580099999,0.0951552193054,0.0883564935044,2021.08399729361,2021.09079601941,142
75,77,Nassau,Nassau,0.01484525515,0.0955442316728,0.0806989765228,2021.07633977663,2021.09118503178,142
92,93,Nassau,Nassau,0.02218630714,0.1105428006444,0.0883564935044,2021.08399729361,2021.10618360075,142
61,62,Nassau,Nassau,0.09558863481,0.11192723732,0.01633860251,2021.01197940262,2021.10756803743,142
93,94,Nassau,Nassau,0.00336202098099997,0.1139048216254,0.1105428006444,2021.10618360075,2021.10954562173,142
96,37,Nassau,Richmond,0.02384781622,0.1190030355254,0.0951552193054,2021.09079601941,2021.11464383563,142
86,88,Nassau,Nassau,0.0496254539,0.1204637477476,0.0708382938476,2021.06647909395,2021.11610454785,142
93,33,Nassau,Bronx,0.01146023488,0.1220030355244,0.1105428006444,2021.10618360075,2021.11764383563,142
94,95,Nassau,NewYork,0.01228088403,0.1261857056554,0.1139048216254,2021.10954562173,2021.12182650576,142
77,78,Nassau,Suffolk,0.03159791348,0.1271421451528,0.0955442316728,2021.09118503178,2021.12278294526,142
94,34,Nassau,Queens,0.0160982139,0.1300030355254,0.1139048216254,2021.10954562173,2021.12564383563,142
95,35,NewYork,Westchester,0.00681732986799999,0.1330030355234,0.1261857056554,2021.12182650576,2021.12864383563,142
96,97,Nassau,Nassau,0.04149253468,0.1366477539854,0.0951552193054,2021.09079601941,2021.13228855409,142
97,98,Nassau,Nassau,0.00339565557999999,0.1400434095654,0.1366477539854,2021.13228855409,2021.13568420967,142
98,99,Nassau,Nassau,0.00105808634099999,0.1411014959064,0.1400434095654,2021.13568420967,2021.13674229601,142
72,13,Nassau,Bronx,0.05989780948,0.144003035513,0.084105226033,2021.07974602614,2021.13964383562,142
99,100,Nassau,Nassau,0.00401799451000001,0.1451194904164,0.1411014959064,2021.13674229601,2021.14076029052,142
100,103,Nassau,Nassau,0.0004816677908,0.1456011582072,0.1451194904164,2021.14076029052,2021.14124195831,142
98,39,Nassau,Westchester,0.00595962595800001,0.1460030355234,0.1400434095654,2021.13568420967,2021.14164383563,142
95,36,NewYork,NewYork,0.01981732987,0.1460030355254,0.1261857056554,2021.12182650576,2021.14164383563,142
100,101,Nassau,Nassau,0.00227098746000001,0.1473904778764,0.1451194904164,2021.14076029052,2021.14303127798,142
103,104,Nassau,Nassau,0.00420812726,0.1498092854672,0.1456011582072,2021.14124195831,2021.14545008557,142
75,76,Nassau,Nassau,0.0714920944,0.1521910709228,0.0806989765228,2021.07633977663,2021.14783187103,142
62,2,Nassau,Nassau,0.0450757982,0.15700303552,0.11192723732,2021.10756803743,2021.15264383563,142
99,107,Nassau,NewYork,0.01620657444,0.1573080703464,0.1411014959064,2021.13674229601,2021.15294887045,142
72,12,Nassau,Nassau,0.07589780948,0.160003035513,0.084105226033,2021.07974602614,2021.15564383562,142
97,38,Nassau,Suffolk,0.02635528154,0.1630030355254,0.1366477539854,2021.13228855409,2021.15864383563,142
107,108,NewYork,NewYork,0.00594660057800001,0.1632546709244,0.1573080703464,2021.15294887045,2021.15889547103,142
104,105,Nassau,Nassau,0.01420191429,0.1640111997572,0.1498092854672,2021.14545008557,2021.15965199986,142
76,15,Nassau,Queens,0.0138119646,0.1660030355228,0.1521910709228,2021.14783187103,2021.16164383563,142
107,48,NewYork,NewYork,0.01069496518,0.1680030355264,0.1573080703464,2021.15294887045,2021.16364383563,142
108,49,NewYork,Westchester,0.007748364599,0.1710030355234,0.1632546709244,2021.15889547103,2021.16664383563,142
101,40,Nassau,Kings,0.02661255765,0.1740030355264,0.1473904778764,2021.14303127798,2021.16964383563,142
105,106,Nassau,Nassau,0.01349894882,0.1775101485772,0.1640111997572,2021.15965199986,2021.17315094868,142
67,6,Kings,Kings,0.08797440273,0.179003035523,0.091028632793,2021.0866694329,2021.17464383563,142
108,109,NewYork,NewYork,0.01749810855,0.1807527794744,0.1632546709244,2021.15889547103,2021.17639357958,142
103,43,Nassau,Westchester,0.03640187732,0.1820030355272,0.1456011582072,2021.14124195831,2021.17764383563,142
109,111,NewYork,NewYork,0.00208426268199999,0.1828370421564,0.1807527794744,2021.17639357958,2021.17847784226,142
104,44,Nassau,Nassau,0.03519375006,0.1850030355272,0.1498092854672,2021.14545008557,2021.18064383563,142
111,112,NewYork,NewYork,0.00431139870399999,0.1871484408604,0.1828370421564,2021.17847784226,2021.18278924097,142
112,113,NewYork,NewYork,0.00208489665200001,0.1892333375124,0.1871484408604,2021.18278924097,2021.18487413762,142
109,110,NewYork,Richmond,0.008916418983,0.1896691984574,0.1807527794744,2021.17639357958,2021.18530999856,142
67,7,Kings,Kings,0.09897440273,0.190003035523,0.091028632793,2021.0866694329,2021.18564383563,142
110,50,Richmond,Richmond,0.000333837069699999,0.1900030355271,0.1896691984574,2021.18530999856,2021.18564383563,142
84,24,Nassau,Suffolk,0.163023986,0.1900030355446,0.0269790495446,2021.02261984965,2021.18564383565,142
110,51,Richmond,Richmond,0.00333383707000001,0.1930030355274,0.1896691984574,2021.18530999856,2021.18864383563,142
111,52,NewYork,Richmond,0.01316599337,0.1960030355264,0.1828370421564,2021.17847784226,2021.19164383563,142
105,45,Nassau,Richmond,0.03699183577,0.2010030355272,0.1640111997572,2021.15965199986,2021.19664383563,142
74,14,Nassau,Kings,0.1269995668,0.2010030355398,0.0740034687398,2021.06964426885,2021.19664383565,142
106,46,Nassau,Nassau,0.03449288695,0.2120030355272,0.1775101485772,2021.17315094868,2021.20764383563,142
63,64,Nassau,Nassau,0.1613745236,0.21866422245,0.05728969885,2021.05293049896,2021.21430502256,142
62,1,Nassau,Suffolk,0.1110757982,0.22300303552,0.11192723732,2021.10756803743,2021.21864383563,142
78,21,Suffolk,Suffolk,0.09586089037,0.2230030355228,0.1271421451528,2021.12278294526,2021.21864383563,142
106,47,Nassau,Nassau,0.04549288695,0.2230030355272,0.1775101485772,2021.17315094868,2021.21864383563,142
64,3,Nassau,Suffolk,0.00733881307299999,0.226003035523,0.21866422245,2021.21430502256,2021.22164383563,142
78,79,Suffolk,Suffolk,0.1013198857,0.2284620308528,0.1271421451528,2021.12278294526,2021.22410283096,142
68,69,Nassau,Kings,0.1709437141,0.231790726033,0.060847011933,2021.05648781204,2021.22743152614,142
113,115,NewYork,NewYork,0.04285159888,0.2320849363924,0.1892333375124,2021.18487413762,2021.2277257365,142
69,71,Kings,Kings,0.000890003564500003,0.2326807295975,0.231790726033,2021.22743152614,2021.2283215297,142
115,56,NewYork,NewYork,0.00191809913499999,0.2340030355274,0.2320849363924,2021.2277257365,2021.22964383563,142
113,114,NewYork,NewYork,0.04630448946,0.2355378269724,0.1892333375124,2021.18487413762,2021.23117862708,142
79,18,Suffolk,Suffolk,0.01654100466,0.2450030355128,0.2284620308528,2021.22410283096,2021.24064383562,142
114,54,NewYork,NewYork,0.009465208551,0.2450030355234,0.2355378269724,2021.23117862708,2021.24064383563,142
114,55,NewYork,Richmond,0.009465208551,0.2450030355234,0.2355378269724,2021.23117862708,2021.24064383563,142
112,53,NewYork,Kings,0.05785459467,0.2450030355304,0.1871484408604,2021.18278924097,2021.24064383564,142
101,102,Nassau,Nassau,0.09993848139,0.2473289592664,0.1473904778764,2021.14303127798,2021.24296975937,142
77,17,Nassau,NewYork,0.1524588039,0.2480030355728,0.0955442316728,2021.09118503178,2021.24364383568,142
63,5,Nassau,Queens,0.1937133367,0.25100303555,0.05728969885,2021.05293049896,2021.24664383566,142
79,80,Suffolk,Suffolk,0.02758979899,0.2560518298428,0.2284620308528,2021.22410283096,2021.25169262995,142
115,116,NewYork,Nassau,0.03449674712,0.2665816835124,0.2320849363924,2021.2277257365,2021.26222248362,142
80,20,Suffolk,Suffolk,0.01595120567,0.2720030355128,0.2560518298428,2021.25169262995,2021.26764383562,142
64,4,Nassau,Queens,0.05333881307,0.27200303552,0.21866422245,2021.21430502256,2021.26764383563,142
71,11,Kings,NewYork,0.04532230592,0.2780030355175,0.2326807295975,2021.2283215297,2021.27364383562,142
88,29,Nassau,Queens,0.1605392878,0.2810030355476,0.1204637477476,2021.11610454785,2021.27664383565,142
116,117,Nassau,Nassau,0.01560020139,0.2821818849024,0.2665816835124,2021.26222248362,2021.27782268501,142
116,57,Nassau,Suffolk,0.01642135201,0.2830030355224,0.2665816835124,2021.26222248362,2021.27864383563,142
84,25,Nassau,NewYork,0.256023986,0.2830030355446,0.0269790495446,2021.02261984965,2021.27864383565,142
69,70,Kings,Kings,0.05525043439,0.287041160423,0.231790726033,2021.22743152614,2021.28268196053,142
117,59,Nassau,Kings,0.00682115062499999,0.2890030355274,0.2821818849024,2021.27782268501,2021.28464383563,142
76,16,Nassau,NewYork,0.1398119646,0.2920030355228,0.1521910709228,2021.14783187103,2021.28764383563,142
80,19,Suffolk,NewYork,0.03795120567,0.2940030355128,0.2560518298428,2021.25169262995,2021.28964383562,142
102,41,Nassau,Nassau,0.04667407626,0.2940030355264,0.2473289592664,2021.24296975937,2021.28964383563,142
102,42,Nassau,Nassau,0.05267407626,0.3000030355264,0.2473289592664,2021.24296975937,2021.29564383563,142
117,58,Nassau,Nassau,0.02582115062,0.3080030355224,0.2821818849024,2021.27782268501,2021.30364383563,142
86,87,Nassau,Kings,0.2528094698,0.3236477636476,0.0708382938476,2021.06647909395,2021.31928856375,142
71,10,Kings,Kings,0.09432230592,0.3270030355175,0.2326807295975,2021.2283215297,2021.32264383562,142
70,8,Kings,Kings,0.04296187509,0.330003035513,0.287041160423,2021.28268196053,2021.32564383562,142
87,26,Kings,Kings,0.01235527189,0.3360030355376,0.3236477636476,2021.31928856375,2021.33164383564,142
87,27,Kings,Kings,0.01235527189,0.3360030355376,0.3236477636476,2021.31928856375,2021.33164383564,142
88,28,Nassau,Suffolk,0.2175392878,0.3380030355476,0.1204637477476,2021.11610454785,2021.33364383565,142
70,9,Kings,Kings,0.07896187509,0.366003035513,0.287041160423,2021.28268196053,2021.36164383562,142
7,8,NewYork,Bronx,0.1197402991,0.1197402991,0,2021.03005780694,2021.14979810604,150
7,10,NewYork,NewYork,0.00762254387799999,0.00762254387799999,0,2021.03005780694,2021.03768035082,150
10,11,NewYork,NewYork,0.08156481686,0.089187360738,0.00762254387799999,2021.03768035082,2021.11924516768,150
10,6,NewYork,NewYork,0.1214977314,0.129120275278,0.00762254387799999,2021.03768035082,2021.15917808222,150
8,9,Bronx,Bronx,0.01457298581,0.13431328491,0.1197402991,2021.14979810604,2021.16437109185,150
11,4,NewYork,NewYork,0.05093291452,0.140120275258,0.089187360738,2021.11924516768,2021.1701780822,150
11,5,NewYork,Westchester,0.08093291452,0.170120275258,0.089187360738,2021.11924516768,2021.2001780822,150
8,1,Bronx,Kings,0.05337997615,0.17312027525,0.1197402991,2021.14979810604,2021.20317808219,150
9,2,Bronx,Bronx,0.05480699034,0.18912027525,0.13431328491,2021.16437109185,2021.21917808219,150
9,3,Bronx,Bronx,0.05480699034,0.18912027525,0.13431328491,2021.16437109185,2021.21917808219,150
4,1,Queens,Queens,0.1164394923,0.1164394923,0,2021.10297146662,2021.21941095892,152
4,5,Queens,Queens,0.106919376,0.106919376,0,2021.10297146662,2021.20989084262,152
5,2,Queens,NewYork,0.00452011628399999,0.111439492284,0.106919376,2021.20989084262,2021.2144109589,152
5,3,Queens,Queens,0.08052011628,0.18743949228,0.106919376,2021.20989084262,2021.2904109589,152
6,1,NewYork,Westchester,0.05158134898,0.05158134898,0,2021.07188440448,2021.12346575346,156
6,7,NewYork,NewYork,0.01086081256,0.01086081256,0,2021.07188440448,2021.08274521704,156
7,8,NewYork,NewYork,0.06476337178,0.07562418434,0.01086081256,2021.08274521704,2021.14750858882,156
8,9,NewYork,Westchester,0.04783656133,0.12346074567,0.07562418434,2021.14750858882,2021.19534515015,156
9,4,Westchester,Westchester,0.01012060331,0.13358134898,0.12346074567,2021.19534515015,2021.20546575346,156
9,3,Westchester,Westchester,0.03512060331,0.15858134898,0.12346074567,2021.19534515015,2021.23046575346,156
7,5,NewYork,NewYork,0.1777205364,0.18858134896,0.01086081256,2021.08274521704,2021.26046575344,156
8,2,NewYork,NewYork,0.1949571646,0.27058134894,0.07562418434,2021.14750858882,2021.34246575342,156
5,1,Bronx,Bronx,0.04402864437,0.04402864437,0,2021.18625902686,2021.23028767123,158
5,6,Bronx,Bronx,0.02087244992,0.02087244992,0,2021.18625902686,2021.20713147678,158
6,2,Bronx,Bronx,0.00415619444899999,0.025028644369,0.02087244992,2021.20713147678,2021.21128767123,158
6,7,Bronx,Kings,0.03634704912,0.05721949904,0.02087244992,2021.20713147678,2021.2434785259,158
7,3,Kings,Kings,0.02280914533,0.08002864437,0.05721949904,2021.2434785259,2021.26628767123,158
7,4,Kings,Kings,0.07980914533,0.13702864437,0.05721949904,2021.2434785259,2021.32328767123,158
71,1,Nassau,Queens,0.06580973523,0.06580973523,0,2021.04888889492,2021.11469863015,18
71,72,Nassau,Nassau,0.003740374637,0.003740374637,0,2021.04888889492,2021.05262926956,18
72,74,Nassau,Nassau,0.00349993592699999,0.00724031056399999,0.003740374637,2021.05262926956,2021.05612920548,18
74,78,Nassau,Nassau,0.00267678707000002,0.009917097634,0.00724031056399999,2021.05612920548,2021.05880599255,18
78,79,Nassau,Nassau,0.00595604520799997,0.015873142842,0.009917097634,2021.05880599255,2021.06476203776,18
79,80,Nassau,Nassau,0.00228932284200001,0.018162465684,0.015873142842,2021.06476203776,2021.0670513606,18
80,84,Nassau,Nassau,0.01514066737,0.033303133054,0.018162465684,2021.0670513606,2021.08219202797,18
84,86,Nassau,Nassau,0.00137803904099998,0.034681172095,0.033303133054,2021.08219202797,2021.08357006702,18
86,87,Nassau,Nassau,0.000991182624100029,0.0356723547191,0.034681172095,2021.08357006702,2021.08456124964,18
86,100,Nassau,Nassau,0.00245181695800001,0.037132989053,0.034681172095,2021.08357006702,2021.08602188397,18
100,111,Nassau,Nassau,0.000187298917300016,0.0373202879703,0.037132989053,2021.08602188397,2021.08620918289,18
111,116,Nassau,Nassau,0.00116485251299997,0.0384851404833,0.0373202879703,2021.08620918289,2021.0873740354,18
116,117,Nassau,Nassau,0.00213362015500002,0.0406187606383,0.0384851404833,2021.0873740354,2021.08950765556,18
117,47,Nassau,NewYork,0.000190974586699977,0.040809735225,0.0406187606383,2021.08950765556,2021.08969863015,18
117,118,Nassau,Nassau,0.00816475347200002,0.0487835141103,0.0406187606383,2021.08950765556,2021.09767240903,18
87,90,Nassau,Nassau,0.0133675389,0.0490398936191,0.0356723547191,2021.08456124964,2021.09792878854,18
118,120,Nassau,Nassau,0.00100066237099999,0.0497841764813,0.0487835141103,2021.09767240903,2021.0986730714,18
120,123,Nassau,Nassau,0.00729386493099998,0.0570780414123,0.0497841764813,2021.0986730714,2021.10596693633,18
74,75,Nassau,Nassau,0.05328990656,0.060530217124,0.00724031056399999,2021.05612920548,2021.10941911204,18
90,96,Nassau,Nassau,0.01613426718,0.0651741607991,0.0490398936191,2021.09792878854,2021.11406305572,18
84,85,Nassau,Kings,0.03410101303,0.067404146084,0.033303133054,2021.08219202797,2021.11629304101,18
123,53,Nassau,Kings,0.01173169381,0.0688097352223,0.0570780414123,2021.10596693633,2021.11769863014,18
72,73,Nassau,Nassau,0.06578112007,0.069521494707,0.003740374637,2021.05262926956,2021.11841038963,18
123,124,Nassau,Nassau,0.01815888589,0.0752369273023,0.0570780414123,2021.10596693633,2021.12412582222,18
96,97,Nassau,Nassau,0.01079449449,0.0759686552891,0.0651741607991,2021.11406305572,2021.12485755021,18
80,81,Nassau,Nassau,0.05889162838,0.077054094064,0.018162465684,2021.0670513606,2021.12594298898,18
124,125,Nassau,Nassau,0.002359750306,0.0775966776083,0.0752369273023,2021.12412582222,2021.12648557253,18
75,76,Nassau,Nassau,0.01849858038,0.079028797504,0.060530217124,2021.10941911204,2021.12791769242,18
124,126,Nassau,Nassau,0.00531768710299996,0.0805546144053,0.0752369273023,2021.12412582222,2021.12944350933,18
100,101,Nassau,Nassau,0.04469372926,0.081826718313,0.037132989053,2021.08602188397,2021.13071561323,18
120,121,Nassau,Nassau,0.03240092001,0.0821850964913,0.0497841764813,2021.0986730714,2021.13107399141,18
126,128,Nassau,Nassau,0.00441484619100002,0.0849694605963,0.0805546144053,2021.12944350933,2021.13385835552,18
101,103,Nassau,Nassau,0.00322276380299996,0.085049482116,0.081826718313,2021.13071561323,2021.13393837704,18
121,122,Nassau,Nassau,0.00773726239599998,0.0899223588873,0.0821850964913,2021.13107399141,2021.13881125381,18
122,51,Nassau,Nassau,0.00288737633800001,0.0928097352253,0.0899223588873,2021.13881125381,2021.14169863015,18
122,52,Nassau,Nassau,0.00288737633800001,0.0928097352253,0.0899223588873,2021.13881125381,2021.14169863015,18
121,50,Nassau,Nassau,0.01362463873,0.0958097352213,0.0821850964913,2021.13107399141,2021.14469863014,18
90,91,Nassau,Nassau,0.04883306003,0.0978729536491,0.0490398936191,2021.09792878854,2021.14676184857,18
85,14,Kings,Queens,0.03140558914,0.098809735224,0.067404146084,2021.11629304101,2021.14769863014,18
125,54,Nassau,Nassau,0.02121305762,0.0988097352283,0.0775966776083,2021.12648557253,2021.14769863015,18
125,55,Nassau,Nassau,0.02121305762,0.0988097352283,0.0775966776083,2021.12648557253,2021.14769863015,18
128,129,Nassau,Nassau,0.01438795112,0.0993574117163,0.0849694605963,2021.13385835552,2021.14824630664,18
85,15,Kings,Kings,0.03940558914,0.106809735224,0.067404146084,2021.11629304101,2021.15569863015,18
103,104,Nassau,Suffolk,0.02272226106,0.107771743176,0.085049482116,2021.13393837704,2021.1566606381,18
128,58,Nassau,Richmond,0.02484027463,0.1098097352263,0.0849694605963,2021.13385835552,2021.15869863015,18
79,9,Nassau,Nassau,0.09393659239,0.109809735232,0.015873142842,2021.06476203776,2021.15869863015,18
111,112,Nassau,Nassau,0.072556577,0.1098768649703,0.0373202879703,2021.08620918289,2021.15876575989,18
76,77,Nassau,Nassau,0.04456019539,0.123588992894,0.079028797504,2021.12791769242,2021.17247788781,18
129,130,Nassau,Nassau,0.02846144936,0.1278188610763,0.0993574117163,2021.14824630664,2021.176707756,18
91,19,Nassau,Bronx,0.03093678158,0.1288097352291,0.0978729536491,2021.14676184857,2021.17769863015,18
130,131,Nassau,Nassau,0.00122723674799999,0.1290460978243,0.1278188610763,2021.176707756,2021.17793499275,18
75,4,Nassau,Nassau,0.07127951811,0.131809735234,0.060530217124,2021.10941911204,2021.18069863015,18
81,82,Nassau,Westchester,0.05475892603,0.131813020094,0.077054094064,2021.12594298898,2021.18070191501,18
82,83,Westchester,Westchester,0.000222106678700013,0.1320351267727,0.131813020094,2021.18070191501,2021.18092402169,18
131,133,Nassau,Nassau,0.00546057504399999,0.1345066728683,0.1290460978243,2021.17793499275,2021.18339556779,18
130,60,Nassau,Nassau,0.00699087414800001,0.1348097352243,0.1278188610763,2021.176707756,2021.18369863015,18
104,33,Suffolk,Suffolk,0.02703799205,0.134809735226,0.107771743176,2021.1566606381,2021.18369863015,18
131,132,Nassau,Nassau,0.00642492147900001,0.1354710193033,0.1290460978243,2021.17793499275,2021.18435991422,18
104,105,Suffolk,Suffolk,0.02790649725,0.135678240426,0.107771743176,2021.1566606381,2021.18456713535,18
129,59,Nassau,Nassau,0.04045232351,0.1398097352263,0.0993574117163,2021.14824630664,2021.18869863015,18
112,113,Nassau,Nassau,0.03238354149,0.1422604064603,0.1098768649703,2021.15876575989,2021.19114930138,18
133,63,Nassau,Queens,0.00830306235700001,0.1428097352253,0.1345066728683,2021.18339556779,2021.19169863015,18
76,5,Nassau,Nassau,0.06378093773,0.142809735234,0.079028797504,2021.12791769242,2021.19169863015,18
91,92,Nassau,Nassau,0.04543968708,0.1433126407291,0.0978729536491,2021.14676184857,2021.19220153565,18
133,134,Nassau,Nassau,0.0111889681,0.1456956409683,0.1345066728683,2021.18339556779,2021.19458453589,18
101,102,Nassau,Nassau,0.06885725296,0.150683971273,0.081826718313,2021.13071561323,2021.19957286619,18
92,93,Nassau,Nassau,0.00874643802800001,0.1520590787571,0.1433126407291,2021.19220153565,2021.20094797368,18
132,61,Nassau,NewYork,0.01833871592,0.1538097352233,0.1354710193033,2021.18435991422,2021.20269863014,18
105,107,Suffolk,Nassau,0.01826421454,0.153942454966,0.135678240426,2021.18456713535,2021.20283134989,18
105,106,Suffolk,Suffolk,0.01994561675,0.155623857176,0.135678240426,2021.18456713535,2021.2045127521,18
134,135,Nassau,Nassau,0.01007789129,0.1557735322583,0.1456956409683,2021.19458453589,2021.20466242718,18
112,41,Nassau,Suffolk,0.04593287025,0.1558097352203,0.1098768649703,2021.15876575989,2021.20469863014,18
106,34,Suffolk,Suffolk,0.000185878046700005,0.1558097352227,0.155623857176,2021.2045127521,2021.20469863014,18
134,64,Nassau,Nassau,0.01011409426,0.1558097352283,0.1456956409683,2021.19458453589,2021.20469863015,18
83,11,Westchester,Queens,0.02677460846,0.1588097352327,0.1320351267727,2021.18092402169,2021.20769863015,18
81,13,Nassau,Nassau,0.08175564117,0.158809735234,0.077054094064,2021.12594298898,2021.20769863015,18
77,6,Nassau,Nassau,0.03522074234,0.158809735234,0.123588992894,2021.17247788781,2021.20769863015,18
135,137,Nassau,Nassau,0.003082087683,0.1588556199413,0.1557735322583,2021.20466242718,2021.20774451486,18
135,136,Nassau,Kings,0.00537962869700001,0.1611531609553,0.1557735322583,2021.20466242718,2021.21004205588,18
107,108,Nassau,Nassau,0.00730914273800001,0.161251597704,0.153942454966,2021.20283134989,2021.21014049262,18
132,62,Nassau,Nassau,0.02633871592,0.1618097352233,0.1354710193033,2021.18435991422,2021.21069863014,18
78,8,Nassau,Nassau,0.1518926376,0.161809735234,0.009917097634,2021.05880599255,2021.21069863015,18
137,138,Nassau,Nassau,0.00320239122499999,0.1620580111663,0.1588556199413,2021.20774451486,2021.21094690609,18
97,98,Nassau,Queens,0.08726977821,0.1632384334991,0.0759686552891,2021.12485755021,2021.21212732842,18
98,26,Queens,Queens,0.00357130172600001,0.1668097352251,0.1632384334991,2021.21212732842,2021.21569863015,18
108,36,Nassau,Nassau,0.008558137519,0.169809735223,0.161251597704,2021.21014049262,2021.21869863014,18
108,37,Nassau,Suffolk,0.008558137519,0.169809735223,0.161251597704,2021.21014049262,2021.21869863014,18
82,12,Westchester,Westchester,0.03799671514,0.169809735234,0.131813020094,2021.18070191501,2021.21869863015,18
107,109,Nassau,Nassau,0.01619473163,0.170137186596,0.153942454966,2021.20283134989,2021.21902608152,18
113,115,Nassau,Nassau,0.03196664868,0.1742270551403,0.1422604064603,2021.19114930138,2021.22311595006,18
116,46,Nassau,Nassau,0.1373245947,0.1758097351833,0.0384851404833,2021.0873740354,2021.2246986301,18
93,21,Nassau,Nassau,0.02375065647,0.1758097352271,0.1520590787571,2021.20094797368,2021.22469863015,18
138,139,Nassau,Nassau,0.0140331373,0.1760911484663,0.1620580111663,2021.21094690609,2021.22498004339,18
136,65,Kings,Kings,0.01665657427,0.1778097352253,0.1611531609553,2021.21004205588,2021.22669863015,18
106,35,Suffolk,Suffolk,0.02218587805,0.177809735226,0.155623857176,2021.2045127521,2021.22669863015,18
109,38,Nassau,Nassau,0.01067254862,0.180809735216,0.170137186596,2021.21902608152,2021.22969863014,18
136,66,Kings,Kings,0.01965657427,0.1808097352253,0.1611531609553,2021.21004205588,2021.22969863015,18
113,114,Nassau,NewYork,0.03920261425,0.1814630207103,0.1422604064603,2021.19114930138,2021.23035191563,18
137,70,Nassau,NewYork,0.02495411528,0.1838097352213,0.1588556199413,2021.20774451486,2021.23269863014,18
138,67,Nassau,Suffolk,0.02175172406,0.1838097352263,0.1620580111663,2021.21094690609,2021.23269863015,18
93,94,Nassau,Queens,0.03378678119,0.1858458599471,0.1520590787571,2021.20094797368,2021.23473475487,18
73,2,Nassau,NewYork,0.1192882405,0.188809735207,0.069521494707,2021.11841038963,2021.23769863013,18
94,22,Queens,Queens,0.00296387527799999,0.1888097352251,0.1858458599471,2021.23473475487,2021.23769863015,18
139,68,Nassau,Queens,0.01271858676,0.1888097352263,0.1760911484663,2021.22498004339,2021.23769863015,18
109,110,Nassau,Nassau,0.01873823546,0.188875422056,0.170137186596,2021.21902608152,2021.23776431698,18
110,39,Nassau,Queens,0.002934313163,0.191809735219,0.188875422056,2021.23776431698,2021.24069863014,18
118,119,Nassau,Nassau,0.1441313265,0.1929148406103,0.0487835141103,2021.09767240903,2021.24180373553,18
126,127,Nassau,Westchester,0.1140762021,0.1946308165053,0.0805546144053,2021.12944350933,2021.24351971143,18
115,44,Nassau,NewYork,0.02058268008,0.1948097352203,0.1742270551403,2021.22311595006,2021.24369863014,18
139,69,Nassau,Kings,0.01871858676,0.1948097352263,0.1760911484663,2021.22498004339,2021.24369863015,18
73,3,Nassau,Nassau,0.1332882405,0.202809735207,0.069521494707,2021.11841038963,2021.25169863013,18
94,95,Queens,Queens,0.02141911896,0.2072649789071,0.1858458599471,2021.23473475487,2021.25615387383,18
87,88,Nassau,Nassau,0.1724054568,0.2080778115191,0.0356723547191,2021.08456124964,2021.25696670644,18
95,23,Queens,Kings,0.001544756318,0.2088097352251,0.2072649789071,2021.25615387383,2021.25769863015,18
83,10,Westchester,Westchester,0.07677460846,0.2088097352327,0.1320351267727,2021.18092402169,2021.25769863015,18
77,7,Nassau,Nassau,0.08522074234,0.208809735234,0.123588992894,2021.17247788781,2021.25769863015,18
119,48,Nassau,Nassau,0.01589489465,0.2088097352603,0.1929148406103,2021.24180373553,2021.25769863018,18
96,25,Nassau,Nassau,0.1486355744,0.2138097351991,0.0651741607991,2021.11406305572,2021.26269863012,18
103,32,Nassau,Nassau,0.1287602531,0.213809735216,0.085049482116,2021.13393837704,2021.26269863014,18
102,31,Nassau,Suffolk,0.06312576395,0.213809735223,0.150683971273,2021.19957286619,2021.26269863014,18
127,56,Westchester,Westchester,0.02717891874,0.2218097352453,0.1946308165053,2021.24351971143,2021.27069863017,18
127,57,Westchester,Westchester,0.02717891874,0.2218097352453,0.1946308165053,2021.24351971143,2021.27069863017,18
102,30,Nassau,Nassau,0.07412576395,0.224809735223,0.150683971273,2021.19957286619,2021.27369863014,18
119,49,Nassau,Suffolk,0.03689489465,0.2298097352603,0.1929148406103,2021.24180373553,2021.27869863018,18
98,99,Queens,NewYork,0.0688619417,0.2321003751991,0.1632384334991,2021.21212732842,2021.28098927012,18
99,28,NewYork,NewYork,0.003709360026,0.2358097352251,0.2321003751991,2021.28098927012,2021.28469863015,18
110,40,Nassau,Suffolk,0.04993431316,0.238809735216,0.188875422056,2021.23776431698,2021.28769863014,18
92,20,Nassau,Nassau,0.0974970945,0.2408097352291,0.1433126407291,2021.19220153565,2021.28969863015,18
95,24,Queens,Queens,0.03654475632,0.2438097352271,0.2072649789071,2021.25615387383,2021.29269863015,18
88,89,Nassau,Nassau,0.03902573797,0.2471035494891,0.2080778115191,2021.25696670644,2021.29599244441,18
89,17,Nassau,Suffolk,0.00470618575599999,0.2518097352451,0.2471035494891,2021.29599244441,2021.30069863017,18
114,42,NewYork,Bronx,0.08434671451,0.2658097352203,0.1814630207103,2021.23035191563,2021.31469863014,18
114,43,NewYork,NewYork,0.08434671451,0.2658097352203,0.1814630207103,2021.23035191563,2021.31469863014,18
89,18,Nassau,Nassau,0.02470618576,0.2718097352491,0.2471035494891,2021.29599244441,2021.32069863017,18
97,29,Nassau,Suffolk,0.2008410799,0.2768097351891,0.0759686552891,2021.12485755021,2021.32569863011,18
115,45,Nassau,Nassau,0.1245826801,0.2988097352403,0.1742270551403,2021.22311595006,2021.34769863016,18
99,27,NewYork,Suffolk,0.12370936,0.3558097351991,0.2321003751991,2021.28098927012,2021.40469863012,18
88,16,Nassau,NewYork,0.1567319237,0.3648097352191,0.2080778115191,2021.25696670644,2021.41369863014,18
10,1,NewYork,Kings,0.06859365037,0.06859365037,0,2021.17996799347,2021.24856164385,182
10,11,NewYork,NewYork,0.01321586188,0.01321586188,0,2021.17996799347,2021.19318385536,182
11,12,NewYork,NewYork,0.00757115747499998,0.020787019355,0.01321586188,2021.19318385536,2021.20075501283,182
12,14,NewYork,NewYork,0.000625453475200016,0.0214124728302,0.020787019355,2021.20075501283,2021.20138046631,182
11,2,NewYork,NewYork,0.01137778849,0.02459365037,0.01321586188,2021.19318385536,2021.20456164384,182
14,5,NewYork,Nassau,0.01218117754,0.0335936503702,0.0214124728302,2021.20138046631,2021.21356164385,182
14,15,NewYork,Kings,0.01660858484,0.0380210576702,0.0214124728302,2021.20138046631,2021.21798905115,182
15,6,Kings,Kings,0.0115725927,0.0495936503702,0.0380210576702,2021.21798905115,2021.22956164385,182
12,13,NewYork,NewYork,0.04295068591,0.063737705265,0.020787019355,2021.20075501283,2021.24370569874,182
15,16,Kings,Kings,0.0351171213,0.0731381789702,0.0380210576702,2021.21798905115,2021.25310617245,182
16,17,Kings,Kings,0.01284046015,0.0859786391202,0.0731381789702,2021.25310617245,2021.2659466326,182
16,7,Kings,NewYork,0.0174554714,0.0905936503702,0.0731381789702,2021.25310617245,2021.27056164385,182
17,8,Kings,Kings,0.02361501125,0.1095936503702,0.0859786391202,2021.2659466326,2021.28956164385,182
13,3,NewYork,Kings,0.05685594511,0.120593650375,0.063737705265,2021.24370569874,2021.30056164385,182
17,9,Kings,Kings,0.04861501125,0.1345936503702,0.0859786391202,2021.2659466326,2021.31456164385,182
13,4,NewYork,Suffolk,0.1398559451,0.203593650365,0.063737705265,2021.24370569874,2021.38356164384,182
4,5,Kings,Kings,0.02057245583,0.02057245583,0,2021.19776388874,2021.21833634457,183
4,3,Kings,Kings,0.02963337153,0.02963337153,0,2021.19776388874,2021.22739726027,183
5,1,Kings,Kings,0.0090609157,0.02963337153,0.02057245583,2021.21833634457,2021.22739726027,183
5,2,Kings,Kings,0.0090609157,0.02963337153,0.02057245583,2021.21833634457,2021.22739726027,183
6,1,Kings,Kings,0.04026714807,0.04026714807,0,2021.10476024923,2021.1450273973,184
6,7,Kings,Kings,0.00526411660199999,0.00526411660199999,0,2021.10476024923,2021.11002436583,184
7,2,Kings,Kings,0.00800303147100001,0.013267148073,0.00526411660199999,2021.11002436583,2021.1180273973,184
7,8,Kings,Suffolk,0.04195936887,0.047223485472,0.00526411660199999,2021.11002436583,2021.1519837347,184
8,9,Suffolk,Suffolk,0.01349078106,0.060714266532,0.047223485472,2021.1519837347,2021.16547451576,184
8,3,Suffolk,Suffolk,0.0210436626,0.068267148072,0.047223485472,2021.1519837347,2021.1730273973,184
9,5,Suffolk,Suffolk,0.09255288154,0.153267148072,0.060714266532,2021.16547451576,2021.2580273973,184
9,4,Suffolk,Suffolk,0.1605528815,0.221267148032,0.060714266532,2021.16547451576,2021.32602739726,184
10,11,NewYork,NewYork,0.0631259048,0.0631259048,0,2021.12219147828,2021.18531738308,185
10,14,NewYork,NewYork,0.02069564833,0.02069564833,0,2021.12219147828,2021.14288712661,185
14,5,NewYork,NewYork,0.01274301038,0.03343865871,0.02069564833,2021.14288712661,2021.15563013699,185
11,12,NewYork,NewYork,0.00311041329599999,0.066236318096,0.0631259048,2021.18531738308,2021.18842779638,185
14,15,NewYork,NewYork,0.0521323979,0.07282804623,0.02069564833,2021.14288712661,2021.19501952451,185
11,13,NewYork,NewYork,0.01307999243,0.07620589723,0.0631259048,2021.18531738308,2021.19839737551,185
12,1,NewYork,NewYork,0.01620234061,0.082438658706,0.066236318096,2021.18842779638,2021.20463013699,185
12,2,NewYork,NewYork,0.01620234061,0.082438658706,0.066236318096,2021.18842779638,2021.20463013699,185
15,16,NewYork,NewYork,0.00987481128000001,0.08270285751,0.07282804623,2021.19501952451,2021.20489433579,185
13,3,NewYork,Bronx,0.01223276148,0.08843865871,0.07620589723,2021.19839737551,2021.21063013699,185
13,4,NewYork,NewYork,0.03123276148,0.10743865871,0.07620589723,2021.19839737551,2021.22963013699,185
16,9,NewYork,Westchester,0.0357358012,0.11843865871,0.08270285751,2021.20489433579,2021.24063013699,185
15,6,NewYork,Kings,0.05361061248,0.12643865871,0.07282804623,2021.19501952451,2021.24863013699,185
16,17,NewYork,NewYork,0.05382939867,0.13653225618,0.08270285751,2021.20489433579,2021.25872373446,185
17,8,NewYork,Suffolk,0.00390640252800001,0.140438658708,0.13653225618,2021.25872373446,2021.26263013699,185
17,7,NewYork,Kings,0.03990640253,0.17643865871,0.13653225618,2021.25872373446,2021.29863013699,185
7,1,Bronx,Bronx,0.08526438988,0.08526438988,0,2021.12902328135,2021.21428767123,187
7,8,Bronx,NewYork,0.03500093134,0.03500093134,0,2021.12902328135,2021.16402421269,187
8,10,NewYork,NewYork,0.00557538485300002,0.040576316193,0.03500093134,2021.16402421269,2021.16959959754,187
10,11,NewYork,NewYork,0.01809566366,0.058671979853,0.040576316193,2021.16959959754,2021.1876952612,187
11,6,NewYork,NewYork,0.02859241003,0.087264389883,0.058671979853,2021.1876952612,2021.21628767123,187
11,5,NewYork,NewYork,0.07559241003,0.134264389883,0.058671979853,2021.1876952612,2021.26328767123,187
8,9,NewYork,Nassau,0.1235827465,0.15858367784,0.03500093134,2021.16402421269,2021.28760695919,187
9,3,Nassau,Nassau,0.00568071204100001,0.164264389881,0.15858367784,2021.28760695919,2021.29328767123,187
10,4,NewYork,NewYork,0.1346880737,0.175264389893,0.040576316193,2021.16959959754,2021.30428767124,187
9,2,Nassau,Nassau,0.03568071204,0.19426438988,0.15858367784,2021.28760695919,2021.32328767123,187
4,1,Nassau,Kings,0.06976147615,0.06976147615,0,2021.23674537316,2021.30650684931,190
4,5,Nassau,Nassau,0.00101938579499999,0.00101938579499999,0,2021.23674537316,2021.23776475896,190
5,2,Nassau,Nassau,0.08274209036,0.083761476155,0.00101938579499999,2021.23776475896,2021.32050684932,190
5,3,Nassau,Bronx,0.09374209036,0.094761476155,0.00101938579499999,2021.23776475896,2021.33150684932,190
4,1,Suffolk,Nassau,0.0115186796,0.0115186796,0,2021.15259090947,2021.16410958907,20
4,5,Suffolk,Suffolk,0.00875935937399999,0.00875935937399999,0,2021.15259090947,2021.16135026884,20
5,2,Suffolk,Suffolk,0.00275932022300002,0.011518679597,0.00875935937399999,2021.16135026884,2021.16410958906,20
5,3,Suffolk,Suffolk,0.1427593202,0.151518679574,0.00875935937399999,2021.16135026884,2021.30410958904,20
4,1,Kings,Queens,0.04787947963,0.04787947963,0,2021.28362736969,2021.33150684932,205
4,5,Kings,Kings,0.000990478050500003,0.000990478050500003,0,2021.28362736969,2021.28461784774,205
5,2,Kings,Kings,0.04088900157,0.0418794796205,0.000990478050500003,2021.28461784774,2021.32550684931,205
5,3,Kings,Kings,0.04388900157,0.0448794796205,0.000990478050500003,2021.28461784774,2021.32850684931,205
4,1,Kings,Kings,0.1012689195,0.1012689195,0,2021.16925162849,2021.27052054799,208
4,5,Kings,Queens,0.1734201373,0.1734201373,0,2021.16925162849,2021.34267176579,208
5,2,Queens,Queens,0.009848782163,0.183268919463,0.1734201373,2021.34267176579,2021.35252054795,208
5,3,Queens,NewYork,0.05184878216,0.22526891946,0.1734201373,2021.34267176579,2021.39452054795,208
8,9,Westchester,NewYork,0.09160188588,0.09160188588,0,2021.20939443743,2021.30099632331,210
8,11,Westchester,Westchester,0.00352573423899999,0.00352573423899999,0,2021.20939443743,2021.21292017167,210
11,4,Westchester,Westchester,0.01164147215,0.015167206389,0.00352573423899999,2021.21292017167,2021.22456164382,210
11,12,Westchester,Queens,0.02290049588,0.026426230119,0.00352573423899999,2021.21292017167,2021.23582066755,210
12,5,Queens,Queens,0.00474097626299999,0.031167206382,0.026426230119,2021.23582066755,2021.24056164381,210
12,13,Queens,Queens,0.03396192499,0.060388155109,0.026426230119,2021.23582066755,2021.26978259254,210
13,6,Queens,NewYork,0.01177905127,0.072167206379,0.060388155109,2021.26978259254,2021.28156164381,210
9,10,NewYork,NewYork,0.02037988949,0.11198177537,0.09160188588,2021.30099632331,2021.3213762128,210
9,1,NewYork,Bronx,0.0275653205,0.11916720638,0.09160188588,2021.30099632331,2021.32856164381,210
10,2,NewYork,NewYork,0.01518543101,0.12716720638,0.11198177537,2021.3213762128,2021.33656164381,210
10,3,NewYork,Suffolk,0.02318543101,0.13516720638,0.11198177537,2021.3213762128,2021.34456164381,210
13,7,Queens,Queens,0.1137790513,0.174167206409,0.060388155109,2021.26978259254,2021.38356164384,210
5,1,Queens,Queens,0.02801653328,0.02801653328,0,2021.27601086398,2021.30402739726,232
5,6,Queens,Queens,0.0157549952,0.0157549952,0,2021.27601086398,2021.29176585918,232
6,7,Queens,Queens,0.007912426482,0.023667421682,0.0157549952,2021.29176585918,2021.29967828566,232
7,3,Queens,Queens,0.0233491116,0.047016533282,0.023667421682,2021.29967828566,2021.32302739726,232
7,4,Queens,Queens,0.0233491116,0.047016533282,0.023667421682,2021.29967828566,2021.32302739726,232
6,2,Queens,Queens,0.03426153808,0.05001653328,0.0157549952,2021.29176585918,2021.32602739726,232
4,1,NewYork,NewYork,0.01419909765,0.01419909765,0,2021.17829405303,2021.19249315068,241
4,5,NewYork,Queens,0.0572926947,0.0572926947,0,2021.17829405303,2021.23558674773,241
5,2,Queens,Queens,0.01390640295,0.07119909765,0.0572926947,2021.23558674773,2021.24949315068,241
5,3,Queens,Queens,0.03290640295,0.09019909765,0.0572926947,2021.23558674773,2021.26849315068,241
4,1,NewYork,NewYork,0.007307944373,0.007307944373,0,2021.19600712412,2021.20331506849,246
4,5,NewYork,NewYork,0.033917758,0.033917758,0,2021.19600712412,2021.22992488212,246
5,2,NewYork,NewYork,0.008390186373,0.042307944373,0.033917758,2021.22992488212,2021.23831506849,246
5,3,NewYork,NewYork,0.01939018637,0.05330794437,0.033917758,2021.22992488212,2021.24931506849,246
6,7,NewYork,NewYork,0.01329579529,0.01329579529,0,2020.94598890259,2020.95928469788,248
6,8,NewYork,NewYork,0.001581129238,0.001581129238,0,2020.94598890259,2020.94757003183,248
8,9,NewYork,NewYork,0.00338057710200002,0.00496170634000001,0.001581129238,2020.94757003183,2020.95095060893,248
9,4,NewYork,NewYork,0.06320007602,0.06816178236,0.00496170634000001,2020.95095060893,2021.01415068495,248
9,5,NewYork,NewYork,0.07620007602,0.08116178236,0.00496170634000001,2020.95095060893,2021.02715068495,248
7,2,NewYork,NewYork,0.08186598707,0.09516178236,0.01329579529,2020.95928469788,2021.04115068495,248
7,1,NewYork,Bronx,0.1088659871,0.12216178239,0.01329579529,2020.95928469788,2021.06815068498,248
8,3,NewYork,Bronx,0.1455806531,0.147161782338,0.001581129238,2020.94757003183,2021.09315068493,248
5,1,Bronx,Bronx,0.00223855499700001,0.00223855499700001,0,2021.06567925322,2021.06791780822,261
5,6,Bronx,Bronx,0.00292501834600001,0.00292501834600001,0,2021.06567925322,2021.06860427157,261
6,2,Bronx,Bronx,0.00531353665099998,0.00823855499699999,0.00292501834600001,2021.06860427157,2021.07391780822,261
6,7,Bronx,Bronx,0.02378704725,0.026712065596,0.00292501834600001,2021.06860427157,2021.09239131882,261
7,3,Bronx,Bronx,0.000526489401100005,0.0272385549971,0.026712065596,2021.09239131882,2021.09291780822,261
7,4,Bronx,Kings,0.1295264894,0.156238554996,0.026712065596,2021.09239131882,2021.22191780822,261
5,6,NewYork,NewYork,0.01442903771,0.01442903771,0,2021.25290738384,2021.26733642155,267
5,7,NewYork,NewYork,0.0219848601,0.0219848601,0,2021.25290738384,2021.27489224394,267
6,1,NewYork,Bronx,0.009553989408,0.023983027118,0.01442903771,2021.26733642155,2021.27689041096,267
6,2,NewYork,NewYork,0.009553989408,0.023983027118,0.01442903771,2021.26733642155,2021.27689041096,267
7,3,NewYork,NewYork,0.02099816702,0.04298302712,0.0219848601,2021.27489224394,2021.29589041096,267
7,4,NewYork,NewYork,0.02099816702,0.04298302712,0.0219848601,2021.27489224394,2021.29589041096,267
4,1,Queens,Queens,0.0389191602,0.0389191602,0,2021.24327262062,2021.28219178082,279
4,5,Queens,NewYork,0.02423556118,0.02423556118,0,2021.24327262062,2021.2675081818,279
5,2,NewYork,Bronx,0.000683599019799998,0.0249191601998,0.02423556118,2021.2675081818,2021.26819178082,279
5,3,NewYork,NewYork,0.000683599019799998,0.0249191601998,0.02423556118,2021.2675081818,2021.26819178082,279
5,1,Queens,Queens,0.03326122327,0.03326122327,0,2021.14773877673,2021.181,283
5,6,Queens,Queens,0.03205680016,0.03205680016,0,2021.14773877673,2021.17979557689,283
6,2,Queens,Queens,0.00120442311,0.03326122327,0.03205680016,2021.17979557689,2021.181,283
6,7,Queens,NewYork,0.002331072354,0.034387872514,0.03205680016,2021.17979557689,2021.18212664924,283
7,3,NewYork,NewYork,0.01787335076,0.052261223274,0.034387872514,2021.18212664924,2021.2,283
7,4,NewYork,NewYork,0.01787335076,0.052261223274,0.034387872514,2021.18212664924,2021.2,283
5,1,Nassau,Nassau,0.014594816,0.014594816,0,2021.22303532099,2021.23763013699,287
5,6,Nassau,Nassau,0.0053561271,0.0053561271,0,2021.22303532099,2021.22839144809,287
6,7,Nassau,Nassau,0.001322442438,0.006678569538,0.0053561271,2021.22839144809,2021.22971389053,287
7,2,Nassau,Nassau,0.01091624647,0.017594816008,0.006678569538,2021.22971389053,2021.240630137,287
7,3,Nassau,NewYork,0.01091624647,0.017594816008,0.006678569538,2021.22971389053,2021.240630137,287
6,4,Nassau,Bronx,0.0702386889,0.075594816,0.0053561271,2021.22839144809,2021.29863013699,287
5,1,Kings,Kings,0.03189709983,0.03189709983,0,2021.26140427003,2021.29330136986,290
5,6,Kings,Kings,0.1137639239,0.1137639239,0,2021.26140427003,2021.37516819393,290
6,7,Kings,Kings,0.00140277402199999,0.115166697922,0.1137639239,2021.37516819393,2021.37657096795,290
7,3,Kings,Kings,0.009730401906,0.124897099828,0.115166697922,2021.37657096795,2021.38630136986,290
7,4,Kings,Kings,0.009730401906,0.124897099828,0.115166697922,2021.37657096795,2021.38630136986,290
6,2,Kings,Kings,0.01113317593,0.12489709983,0.1137639239,2021.37516819393,2021.38630136986,290
5,1,Nassau,NewYork,0.1367915257,0.1367915257,0,2021.37775641954,2021.51454794524,294
5,6,Nassau,Nassau,0.1247860464,0.1247860464,0,2021.37775641954,2021.50254246594,294
6,7,Nassau,Suffolk,0.008118096911,0.132904143311,0.1247860464,2021.50254246594,2021.51066056286,294
6,2,Nassau,Nassau,0.009005479266,0.133791525666,0.1247860464,2021.50254246594,2021.51154794521,294
7,4,Suffolk,Suffolk,0.006887382355,0.139791525666,0.132904143311,2021.51066056286,2021.51754794521,294
7,3,Suffolk,Suffolk,0.009887382355,0.142791525666,0.132904143311,2021.51066056286,2021.52054794521,294
4,5,Queens,Queens,0.1200729345,0.1200729345,0,2021.14674253641,2021.26681547091,3
5,1,Queens,Queens,0.01000644686,0.13007938136,0.1200729345,2021.26681547091,2021.27682191777,3
4,3,Queens,NewYork,0.1350793814,0.1350793814,0,2021.14674253641,2021.28182191781,3
5,2,Queens,Queens,0.1140064469,0.2340793814,0.1200729345,2021.26681547091,2021.38082191781,3
6,1,Nassau,Nassau,0.0439561481,0.0439561481,0,2021.06778357792,2021.11173972602,308
6,7,Nassau,Nassau,0.08497024497,0.08497024497,0,2021.06778357792,2021.15275382289,308
7,5,Nassau,Nassau,0.04698590313,0.1319561481,0.08497024497,2021.15275382289,2021.19973972602,308
7,8,Nassau,Bronx,0.05798394454,0.14295418951,0.08497024497,2021.15275382289,2021.21073776743,308
8,9,Bronx,Bronx,0.05763739241,0.20059158192,0.14295418951,2021.21073776743,2021.26837515984,308
9,3,Bronx,Bronx,0.05236456618,0.2529561481,0.20059158192,2021.26837515984,2021.32073972602,308
9,4,Bronx,Bronx,0.05736456618,0.2579561481,0.20059158192,2021.26837515984,2021.32573972602,308
8,2,Bronx,Bronx,0.1920019586,0.33495614811,0.14295418951,2021.21073776743,2021.40273972603,308
4,1,NewYork,NewYork,0.03747590402,0.03747590402,0,2021.17622272612,2021.21369863014,32
4,5,NewYork,NewYork,0.01802656937,0.01802656937,0,2021.17622272612,2021.19424929549,32
5,2,NewYork,NewYork,0.01344933465,0.03147590402,0.01802656937,2021.19424929549,2021.20769863014,32
5,3,NewYork,NewYork,0.01644933465,0.03447590402,0.01802656937,2021.19424929549,2021.21069863014,32
4,5,Kings,Kings,0.01845622452,0.01845622452,0,2021.23802091418,2021.2564771387,327
4,3,Kings,Kings,0.02511607208,0.02511607208,0,2021.23802091418,2021.26313698626,327
5,1,Kings,Kings,0.00665984756099999,0.025116072081,0.01845622452,2021.2564771387,2021.26313698626,327
5,2,Kings,Suffolk,0.1736598476,0.19211607212,0.01845622452,2021.2564771387,2021.4301369863,327
5,1,Nassau,Nassau,0.06886171501,0.06886171501,0,2021.17559033978,2021.24445205479,33
5,6,Nassau,Nassau,0.03838788911,0.03838788911,0,2021.17559033978,2021.21397822889,33
6,2,Nassau,Nassau,0.0244738259,0.06286171501,0.03838788911,2021.21397822889,2021.23845205479,33
6,7,Nassau,Nassau,0.0301039827,0.06849187181,0.03838788911,2021.21397822889,2021.24408221159,33
7,3,Nassau,Nassau,0.000369843199400005,0.0688617150094,0.06849187181,2021.24408221159,2021.24445205479,33
7,4,Nassau,Nassau,0.0353698432,0.10386171501,0.06849187181,2021.24408221159,2021.27945205479,33
4,1,Kings,Kings,0.08267184274,0.08267184274,0,2021.16095829425,2021.24363013699,339
4,5,Kings,Suffolk,0.1232276827,0.1232276827,0,2021.16095829425,2021.28418597695,339
5,2,Suffolk,Suffolk,0.01444416004,0.13767184274,0.1232276827,2021.28418597695,2021.29863013699,339
5,3,Suffolk,Suffolk,0.01444416004,0.13767184274,0.1232276827,2021.28418597695,2021.29863013699,339
5,1,Nassau,Kings,0.0266705001,0.0266705001,0,2021.18727470536,2021.21394520546,35
5,6,Nassau,Nassau,0.02348072298,0.02348072298,0,2021.18727470536,2021.21075542834,35
6,2,Nassau,Nassau,0.00818977711999999,0.0316705001,0.02348072298,2021.21075542834,2021.21894520546,35
6,7,Nassau,Nassau,0.00824955863999999,0.03173028162,0.02348072298,2021.21075542834,2021.21900498698,35
7,3,Nassau,Nassau,0.00794021848000001,0.0396705001,0.03173028162,2021.21900498698,2021.22694520546,35
7,4,Nassau,Nassau,0.1289402185,0.16067050012,0.03173028162,2021.21900498698,2021.34794520548,35
4,1,NewYork,Westchester,0.0305917876,0.0305917876,0,2021.13379177404,2021.16438356164,354
4,5,NewYork,NewYork,0.01876646881,0.01876646881,0,2021.13379177404,2021.15255824285,354
5,2,NewYork,NewYork,0.01182531879,0.0305917876,0.01876646881,2021.15255824285,2021.16438356164,354
5,3,NewYork,NewYork,0.01182531879,0.0305917876,0.01876646881,2021.15255824285,2021.16438356164,354
4,5,Kings,Kings,0.02896141804,0.02896141804,0,2021.06611531339,2021.09507673143,359
5,1,Kings,NewYork,0.01538902199,0.04435044003,0.02896141804,2021.09507673143,2021.11046575342,359
4,3,Kings,Kings,0.04635044003,0.04635044003,0,2021.06611531339,2021.11246575342,359
5,2,Kings,Kings,0.04738902199,0.07635044003,0.02896141804,2021.09507673143,2021.14246575342,359
7,1,Kings,Kings,0.1141701456,0.1141701456,0,2021.13788464892,2021.25205479452,363
7,8,Kings,Kings,0.0001238463114,0.0001238463114,0,2021.13788464892,2021.13800849523,363
8,10,Kings,Kings,0.0297949132,0.0299187595114,0.0001238463114,2021.13800849523,2021.16780340843,363
10,4,Kings,Kings,0.01325138611,0.0431701456214,0.0299187595114,2021.16780340843,2021.18105479454,363
8,9,Kings,Kings,0.05353140988,0.0536552561914,0.0001238463114,2021.13800849523,2021.19153990511,363
10,11,Kings,Kings,0.03776888003,0.0676876395414,0.0299187595114,2021.16780340843,2021.20557228846,363
11,5,Kings,Kings,0.005482506082,0.0731701456234,0.0676876395414,2021.20557228846,2021.21105479454,363
11,6,Kings,Queens,0.01948250608,0.0871701456214,0.0676876395414,2021.20557228846,2021.22505479454,363
9,2,Kings,NewYork,0.03551488943,0.0891701456214,0.0536552561914,2021.19153990511,2021.22705479454,363
9,3,Kings,Queens,0.05751488943,0.1111701456214,0.0536552561914,2021.19153990511,2021.24905479454,363
6,1,Kings,Nassau,0.01317167676,0.01317167676,0,2021.14010229584,2021.1532739726,364
6,7,Kings,Kings,0.009296898549,0.009296898549,0,2021.14010229584,2021.14939919439,364
7,8,Kings,Kings,9.76719987800106e-05,0.00939457054778001,0.009296898549,2021.14939919439,2021.14949686639,364
7,2,Kings,Kings,0.003874778206,0.013171676755,0.009296898549,2021.14939919439,2021.1532739726,364
8,3,Kings,Kings,0.02377710621,0.03317167675778,0.00939457054778001,2021.14949686639,2021.1732739726,364
8,9,Kings,Kings,0.04705832035,0.05645289089778,0.00939457054778001,2021.14949686639,2021.19655518674,364
9,4,Kings,Kings,0.00871878585700001,0.06517167675478,0.05645289089778,2021.19655518674,2021.2052739726,364
9,5,Kings,Queens,0.06371878586,0.12017167675778,0.05645289089778,2021.19655518674,2021.2602739726,364
4,1,Kings,Kings,0.00230830036,0.00230830036,0,2021.19256841197,2021.19487671233,37
4,5,Kings,Kings,0.01183485341,0.01183485341,0,2021.19256841197,2021.20440326538,37
5,2,Kings,Kings,0.000473446949500002,0.0123083003595,0.01183485341,2021.20440326538,2021.20487671233,37
5,3,Kings,Kings,0.02847344695,0.04030830036,0.01183485341,2021.20440326538,2021.23287671233,37
4,1,Nassau,Bronx,0.0812138896,0.0812138896,0,2021.19289569944,2021.27410958904,375
4,5,Nassau,Nassau,0.06632288491,0.06632288491,0,2021.19289569944,2021.25921858435,375
5,2,Nassau,Queens,0.03689100469,0.1032138896,0.06632288491,2021.25921858435,2021.29610958904,375
5,3,Nassau,Nassau,0.04489100469,0.1112138896,0.06632288491,2021.25921858435,2021.30410958904,375
5,6,Queens,Queens,0.05967744097,0.05967744097,0,2021.15373524558,2021.21341268655,380
5,7,Queens,Queens,0.05836905835,0.05836905835,0,2021.15373524558,2021.21210430393,380
7,3,Queens,Queens,0.004210764561,0.062579822911,0.05836905835,2021.21210430393,2021.21631506849,380
6,1,Queens,Queens,0.005902381936,0.065579822906,0.05967744097,2021.21341268655,2021.21931506849,380
7,4,Queens,Nassau,0.03721076456,0.09557982291,0.05836905835,2021.21210430393,2021.24931506849,380
6,2,Queens,Queens,0.03590238194,0.09557982291,0.05967744097,2021.21341268655,2021.24931506849,380
4,5,Kings,Kings,0.000488264291800003,0.000488264291800003,0,2021.13782180049,2021.13831006478,388
4,3,Kings,Kings,0.00465765155800001,0.00465765155800001,0,2021.13782180049,2021.14247945205,388
5,1,Kings,Kings,0.004169387267,0.00465765155880001,0.000488264291800003,2021.13831006478,2021.14247945205,388
5,2,Kings,Kings,0.06716938727,0.0676576515618,0.000488264291800003,2021.13831006478,2021.20547945205,388
4,1,Westchester,Westchester,0.1264970932,0.1264970932,0,2021.25706455064,2021.38356164384,392
4,5,Westchester,Westchester,0.03434093996,0.03434093996,0,2021.25706455064,2021.2914054906,392
5,2,Westchester,Westchester,0.01515615325,0.04949709321,0.03434093996,2021.2914054906,2021.30656164385,392
5,3,Westchester,Westchester,0.02615615325,0.06049709321,0.03434093996,2021.2914054906,2021.31756164385,392
4,1,Kings,Kings,0.03303476174,0.03303476174,0,2021.29299263552,2021.32602739726,402
4,5,Kings,Kings,0.01655234332,0.01655234332,0,2021.29299263552,2021.30954497884,402
5,2,Kings,Kings,0.01648241842,0.03303476174,0.01655234332,2021.30954497884,2021.32602739726,402
5,3,Kings,Queens,0.01648241842,0.03303476174,0.01655234332,2021.30954497884,2021.32602739726,402
4,1,Kings,Kings,0.07288983184,0.07288983184,0,2021.12211016816,2021.195,409
4,5,Kings,Kings,0.04804314215,0.04804314215,0,2021.12211016816,2021.17015331031,409
5,3,Kings,Kings,0.02684668969,0.07488983184,0.04804314215,2021.17015331031,2021.197,409
5,2,Kings,Kings,0.02984668969,0.07788983184,0.04804314215,2021.17015331031,2021.2,409
5,1,Queens,Queens,0.1863998084,0.1863998084,0,2021.1286275888,2021.3150273972,412
5,6,Queens,Queens,0.02719232432,0.02719232432,0,2021.1286275888,2021.15581991312,412
6,2,Queens,Queens,0.02220748411,0.04939980843,0.02719232432,2021.15581991312,2021.17802739723,412
6,7,Queens,Nassau,0.1017419236,0.12893424792,0.02719232432,2021.15581991312,2021.25756183672,412
7,3,Nassau,Nassau,0.02146556054,0.15039980846,0.12893424792,2021.25756183672,2021.27902739726,412
7,4,Nassau,NewYork,0.06846556054,0.19739980846,0.12893424792,2021.25756183672,2021.32602739726,412
9,10,Suffolk,Suffolk,0.06830587098,0.06830587098,0,2021.31387419639,2021.38218006737,417
9,11,Suffolk,Suffolk,0.03508048992,0.03508048992,0,2021.31387419639,2021.34895468631,417
11,3,Suffolk,Suffolk,0.02866175205,0.06374224197,0.03508048992,2021.34895468631,2021.37761643836,417
11,12,Suffolk,Suffolk,0.03684179419,0.07192228411,0.03508048992,2021.34895468631,2021.3857964805,417
12,13,Suffolk,Suffolk,0.00221194562,0.07413422973,0.07192228411,2021.3857964805,2021.38800842612,417
13,15,Suffolk,Suffolk,0.001191405114,0.075325634844,0.07413422973,2021.38800842612,2021.38919983123,417
13,14,Suffolk,Suffolk,0.00318949602599999,0.077323725756,0.07413422973,2021.38800842612,2021.39119792215,417
15,6,Suffolk,Suffolk,0.002416607126,0.07774224197,0.075325634844,2021.38919983123,2021.39161643836,417
15,7,Suffolk,Suffolk,0.002416607126,0.07774224197,0.075325634844,2021.38919983123,2021.39161643836,417
10,1,Suffolk,Suffolk,0.01243637099,0.08074224197,0.06830587098,2021.38218006737,2021.39461643836,417
14,4,Suffolk,Suffolk,0.005418516214,0.08274224197,0.077323725756,2021.39119792215,2021.39661643836,417
14,5,Suffolk,Suffolk,0.01641851621,0.093742241966,0.077323725756,2021.39119792215,2021.40761643836,417
12,8,Suffolk,Suffolk,0.02181995786,0.09374224197,0.07192228411,2021.3857964805,2021.40761643836,417
10,2,Suffolk,Suffolk,0.05343637099,0.12174224197,0.06830587098,2021.38218006737,2021.43561643836,417
4,1,NewYork,NewYork,0.005872553492,0.005872553492,0,2021.23531922733,2021.24119178082,418
4,5,NewYork,NewYork,0.02031397625,0.02031397625,0,2021.23531922733,2021.25563320358,418
5,3,NewYork,NewYork,0.002558577242,0.022872553492,0.02031397625,2021.25563320358,2021.25819178082,418
5,2,NewYork,NewYork,0.02655857724,0.04687255349,0.02031397625,2021.25563320358,2021.28219178082,418
8,9,Nassau,Nassau,0.02817011325,0.02817011325,0,2021.11686372968,2021.14503384293,428
8,12,Nassau,Nassau,0.03092592637,0.03092592637,0,2021.11686372968,2021.14778965605,428
9,10,Nassau,Nassau,0.008182637972,0.036352751222,0.02817011325,2021.14503384293,2021.1532164809,428
10,11,Nassau,Nassau,0.03083270523,0.067185456452,0.036352751222,2021.1532164809,2021.18404918613,428
10,2,Nassau,Westchester,0.03103009444,0.067382845662,0.036352751222,2021.1532164809,2021.18424657534,428
11,3,Nassau,Nassau,0.00819738920999999,0.075382845662,0.067185456452,2021.18404918613,2021.19224657534,428
12,5,Nassau,Richmond,0.08245691929,0.11338284566,0.03092592637,2021.14778965605,2021.23024657534,428
11,4,Nassau,Queens,0.06019738921,0.127382845662,0.067185456452,2021.18404918613,2021.24424657534,428
9,1,Nassau,Nassau,0.1292127324,0.15738284565,0.02817011325,2021.14503384293,2021.27424657533,428
12,13,Nassau,Kings,0.1463199313,0.17724585767,0.03092592637,2021.14778965605,2021.29410958735,428
13,6,Kings,Kings,0.04013698799,0.21738284566,0.17724585767,2021.29410958735,2021.33424657534,428
13,7,Kings,Kings,0.04013698799,0.21738284566,0.17724585767,2021.29410958735,2021.33424657534,428
4,1,Queens,Queens,0.1301562097,0.1301562097,0,2021.20226844778,2021.33242465748,429
4,5,Queens,Bronx,0.1178407567,0.1178407567,0,2021.20226844778,2021.32010920448,429
5,2,Bronx,Bronx,0.03331545305,0.15115620975,0.1178407567,2021.32010920448,2021.35342465753,429
5,3,Bronx,Bronx,0.03331545305,0.15115620975,0.1178407567,2021.32010920448,2021.35342465753,429
5,1,Bronx,Bronx,0.07015057647,0.07015057647,0,2021.2561096975,2021.32626027397,44
5,6,Bronx,Bronx,0.05691500646,0.05691500646,0,2021.2561096975,2021.31302470396,44
6,4,Bronx,Bronx,0.01923557001,0.07615057647,0.05691500646,2021.31302470396,2021.33226027397,44
6,7,Bronx,Bronx,0.07486251754,0.131777524,0.05691500646,2021.31302470396,2021.3878872215,44
7,2,Bronx,Bronx,0.009373052469,0.141150576469,0.131777524,2021.3878872215,2021.39726027397,44
7,3,Bronx,Bronx,0.009373052469,0.141150576469,0.131777524,2021.3878872215,2021.39726027397,44
4,1,Westchester,Westchester,0.01912284835,0.01912284835,0,2021.2216716722,2021.24079452055,443
4,5,Westchester,Westchester,0.01207834109,0.01207834109,0,2021.2216716722,2021.23375001329,443
5,2,Westchester,Westchester,0.01004450726,0.02212284835,0.01207834109,2021.23375001329,2021.24379452055,443
5,3,Westchester,Westchester,0.02104450726,0.03312284835,0.01207834109,2021.23375001329,2021.25479452055,443
4,1,Nassau,Nassau,0.08893088321,0.08893088321,0,2021.25627459624,2021.34520547945,450
4,5,Nassau,Nassau,0.03786294088,0.03786294088,0,2021.25627459624,2021.29413753712,450
5,2,Nassau,Nassau,0.01006794233,0.04793088321,0.03786294088,2021.29413753712,2021.30420547945,450
5,3,Nassau,Nassau,0.03206794233,0.06993088321,0.03786294088,2021.29413753712,2021.32620547945,450
33,34,Nassau,Nassau,0.1089407374,0.1089407374,0,2021.03992890999,2021.14886964739,458
33,35,Nassau,Nassau,0.01378835054,0.01378835054,0,2021.03992890999,2021.05371726053,458
35,36,Nassau,Nassau,0.009261140035,0.023049490575,0.01378835054,2021.05371726053,2021.06297840056,458
36,46,Nassau,Nassau,0.02082958944,0.043879080015,0.023049490575,2021.06297840056,2021.08380799,458
46,49,Nassau,Nassau,0.002724951644,0.046604031659,0.043879080015,2021.08380799,2021.08653294165,458
49,50,Nassau,Nassau,0.01288260892,0.059486640579,0.046604031659,2021.08653294165,2021.09941555057,458
49,53,Nassau,Nassau,0.01487535112,0.061479382779,0.046604031659,2021.08653294165,2021.10140829277,458
53,54,Nassau,Nassau,0.003689798435,0.065169181214,0.061479382779,2021.10140829277,2021.1050980912,458
54,55,Nassau,Nassau,0.00153665158999999,0.066705832804,0.065169181214,2021.1050980912,2021.10663474279,458
55,23,Nassau,Nassau,0.000502243558699988,0.0672080763627,0.066705832804,2021.10663474279,2021.10713698635,458
55,56,Nassau,Nassau,0.002692808085,0.069398640889,0.066705832804,2021.10663474279,2021.10932755088,458
56,57,Nassau,Nassau,0.00601966843599999,0.075418309325,0.069398640889,2021.10932755088,2021.11534721931,458
46,47,Nassau,Nassau,0.03468793057,0.078567010585,0.043879080015,2021.08380799,2021.11849592057,458
57,25,Nassau,Suffolk,0.007789767038,0.083208076363,0.075418309325,2021.11534721931,2021.12313698635,458
57,58,Nassau,Nassau,0.008447916045,0.08386622537,0.075418309325,2021.11534721931,2021.12379513536,458
58,59,Nassau,Nassau,0.006773074303,0.090639299673,0.08386622537,2021.12379513536,2021.13056820966,458
59,61,Nassau,Nassau,0.006593195291,0.097232494964,0.090639299673,2021.13056820966,2021.13716140495,458
36,37,Nassau,Nassau,0.07479397558,0.097843466155,0.023049490575,2021.06297840056,2021.13777237614,458
59,60,Nassau,Nassau,0.01272218203,0.103361481703,0.090639299673,2021.13056820966,2021.14329039169,458
58,26,Nassau,Nassau,0.02134185099,0.10520807636,0.08386622537,2021.12379513536,2021.14513698635,458
60,27,Nassau,Nassau,0.00484659465999998,0.108208076363,0.103361481703,2021.14329039169,2021.14813698635,458
61,62,Nassau,Nassau,0.01352557093,0.110758065894,0.097232494964,2021.13716140495,2021.15068697588,458
37,38,Nassau,Nassau,0.01669501083,0.114538476985,0.097843466155,2021.13777237614,2021.15446738697,458
61,29,Nassau,Richmond,0.0189755814,0.116208076364,0.097232494964,2021.13716140495,2021.15613698635,458
34,2,Nassau,Nassau,0.01326733896,0.12220807636,0.1089407374,2021.14886964739,2021.16213698635,458
62,30,Nassau,Nassau,0.01145001047,0.122208076364,0.110758065894,2021.15068697588,2021.16213698635,458
62,63,Nassau,Nassau,0.01193042152,0.122688487414,0.110758065894,2021.15068697588,2021.1626173974,458
47,48,Nassau,Suffolk,0.04781378508,0.126380795665,0.078567010585,2021.11849592057,2021.16630970565,458
53,21,Nassau,Suffolk,0.06872869358,0.130208076359,0.061479382779,2021.10140829277,2021.17013698635,458
48,15,Suffolk,Suffolk,0.00682728069300004,0.133208076358,0.126380795665,2021.16630970565,2021.17313698634,458
63,31,Nassau,Nassau,0.01851958895,0.141208076364,0.122688487414,2021.1626173974,2021.18113698635,458
34,1,Nassau,Nassau,0.04026733896,0.14920807636,0.1089407374,2021.14886964739,2021.18913698635,458
38,39,Nassau,Nassau,0.03735878932,0.151897266305,0.114538476985,2021.15446738697,2021.19182617629,458
39,6,Nassau,Nassau,0.00331081005700001,0.155208076362,0.151897266305,2021.19182617629,2021.19513698635,458
63,32,Nassau,Suffolk,0.03751958895,0.160208076364,0.122688487414,2021.1626173974,2021.20013698635,458
39,40,Nassau,Nassau,0.01014031024,0.162037576545,0.151897266305,2021.19182617629,2021.20196648653,458
40,41,Nassau,Nassau,0.01521106989,0.177248646435,0.162037576545,2021.20196648653,2021.21717755642,458
40,7,Nassau,Nassau,0.01717049982,0.179208076365,0.162037576545,2021.20196648653,2021.21913698635,458
41,8,Nassau,Nassau,0.00495942992699999,0.182208076362,0.177248646435,2021.21717755642,2021.22213698635,458
41,42,Nassau,Nassau,0.00729560602500001,0.18454425246,0.177248646435,2021.21717755642,2021.22447316245,458
42,9,Nassau,Nassau,0.000663823902199989,0.1852080763622,0.18454425246,2021.22447316245,2021.22513698635,458
35,3,Nassau,Nassau,0.1734197258,0.18720807634,0.01378835054,2021.05371726053,2021.22713698633,458
42,43,Nassau,Nassau,0.00861177926600001,0.193156031726,0.18454425246,2021.22447316245,2021.23308494171,458
47,14,Nassau,Queens,0.1226410658,0.201208076385,0.078567010585,2021.11849592057,2021.24113698637,458
50,51,Nassau,Nassau,0.1438582682,0.203344908779,0.059486640579,2021.09941555057,2021.24327381877,458
43,10,Nassau,Nassau,0.01105204464,0.204208076366,0.193156031726,2021.23308494171,2021.24413698635,458
51,52,Nassau,Nassau,0.002262044485,0.205606953264,0.203344908779,2021.24327381877,2021.24553586325,458
51,17,Nassau,Nassau,0.00386316757800001,0.207208076357,0.203344908779,2021.24327381877,2021.24713698634,458
56,24,Nassau,Kings,0.1378094355,0.207208076389,0.069398640889,2021.10932755088,2021.24713698638,458
52,19,Nassau,Nassau,0.00360112309300001,0.209208076357,0.205606953264,2021.24553586325,2021.24913698634,458
52,18,Nassau,Nassau,0.00960112309299999,0.215208076357,0.205606953264,2021.24553586325,2021.25513698634,458
50,20,Nassau,Queens,0.1607214358,0.220208076379,0.059486640579,2021.09941555057,2021.26013698637,458
37,4,Nassau,Nassau,0.1253646102,0.223208076355,0.097843466155,2021.13777237614,2021.26313698634,458
48,16,Suffolk,Suffolk,0.1108272807,0.237208076365,0.126380795665,2021.16630970565,2021.27713698635,458
43,44,Nassau,Kings,0.05590578345,0.249061815176,0.193156031726,2021.23308494171,2021.28899072516,458
60,28,Nassau,Suffolk,0.1718465947,0.275208076403,0.103361481703,2021.14329039169,2021.31513698639,458
44,11,Kings,Kings,0.02914626119,0.278208076366,0.249061815176,2021.28899072516,2021.31813698635,458
38,5,Nassau,Suffolk,0.1986695994,0.313208076385,0.114538476985,2021.15446738697,2021.35313698637,458
44,45,Kings,Kings,0.06970263912,0.318764454296,0.249061815176,2021.28899072516,2021.35869336428,458
45,13,Kings,Kings,0.00344362206600002,0.322208076362,0.318764454296,2021.35869336428,2021.36213698635,458
45,12,Kings,Kings,0.00544362206600002,0.324208076362,0.318764454296,2021.35869336428,2021.36413698635,458
54,22,Nassau,Bronx,0.3250388951,0.390208076314,0.065169181214,2021.1050980912,2021.4301369863,458
11,12,Nassau,Nassau,0.00266641840099999,0.00266641840099999,0,2020.9871900431,2020.9898564615,468
12,13,Nassau,Nassau,0.02125876149,0.023925179891,0.00266641840099999,2020.9898564615,2021.01111522299,468
13,14,Nassau,Nassau,0.0167095692,0.040634749091,0.023925179891,2021.01111522299,2021.02782479219,468
14,15,Nassau,Nassau,0.00355748580700002,0.044192234898,0.040634749091,2021.02782479219,2021.031382278,468
15,16,Nassau,Nassau,0.01649672762,0.060688962518,0.044192234898,2021.031382278,2021.04787900562,468
13,1,Nassau,Nassau,0.05722724276,0.081152422651,0.023925179891,2021.01111522299,2021.06834246575,468
15,2,Nassau,NewYork,0.04796018775,0.092152422648,0.044192234898,2021.031382278,2021.07934246575,468
16,17,Nassau,Nassau,0.03840033075,0.099089293268,0.060688962518,2021.04787900562,2021.08627933637,468
11,10,Nassau,Suffolk,0.1061524227,0.1061524227,0,2020.9871900431,2021.0933424658,468
17,18,Nassau,Kings,0.009036928395,0.108126221663,0.099089293268,2021.08627933637,2021.09531626476,468
16,3,Nassau,Richmond,0.05146346013,0.112152422648,0.060688962518,2021.04787900562,2021.09934246575,468
18,4,Kings,Kings,0.01202620099,0.120152422653,0.108126221663,2021.09531626476,2021.10734246575,468
12,9,Nassau,Richmond,0.1204860043,0.123152422701,0.00266641840099999,2020.9898564615,2021.1103424658,468
18,19,Kings,Queens,0.01614500283,0.124271224493,0.108126221663,2021.09531626476,2021.11146126759,468
19,6,Queens,NewYork,0.000881198158499991,0.1251524226515,0.124271224493,2021.11146126759,2021.11234246575,468
19,5,Queens,Queens,0.003881198158,0.128152422651,0.124271224493,2021.11146126759,2021.11534246575,468
14,8,Nassau,NewYork,0.09051767356,0.131152422651,0.040634749091,2021.02782479219,2021.11834246575,468
17,7,Nassau,Nassau,0.08906312938,0.188152422648,0.099089293268,2021.08627933637,2021.17534246575,468
13,14,Queens,Queens,0.005166150957,0.005166150957,0,2021.16768106476,2021.17284721572,47
13,16,Queens,Queens,0.01253284957,0.01253284957,0,2021.16768106476,2021.18021391433,47
16,17,Queens,Queens,0.0007498941043,0.0132827436743,0.01253284957,2021.18021391433,2021.18096380844,47
16,22,Queens,Queens,0.01101969197,0.02355254154,0.01253284957,2021.18021391433,2021.1912336063,47
14,15,Queens,Queens,0.02102742948,0.026193580437,0.005166150957,2021.17284721572,2021.1938746452,47
14,1,Queens,Queens,0.02376922264,0.028935373597,0.005166150957,2021.17284721572,2021.19661643836,47
22,23,Queens,Queens,0.009949754834,0.033502296374,0.02355254154,2021.1912336063,2021.20118336113,47
17,18,Queens,Queens,0.0237645945,0.0370473381743,0.0132827436743,2021.18096380844,2021.20472840293,47
18,21,Queens,Queens,0.002533443345,0.0395807815193,0.0370473381743,2021.20472840293,2021.20726184628,47
17,4,Queens,Bronx,0.02665262993,0.0399353736043,0.0132827436743,2021.18096380844,2021.20761643836,47
23,10,Queens,Bronx,0.009433077226,0.0429353736,0.033502296374,2021.20118336113,2021.21061643836,47
15,3,Queens,Queens,0.02174179316,0.047935373597,0.026193580437,2021.1938746452,2021.21561643836,47
23,11,Queens,Queens,0.01443307723,0.047935373604,0.033502296374,2021.20118336113,2021.21561643836,47
22,12,Queens,Queens,0.02738283206,0.0509353736,0.02355254154,2021.1912336063,2021.21861643836,47
18,19,Queens,NewYork,0.01566687049,0.0527142086643,0.0370473381743,2021.20472840293,2021.22039527343,47
15,2,Queens,Westchester,0.02774179316,0.053935373597,0.026193580437,2021.1938746452,2021.22161643836,47
21,8,Queens,Kings,0.01435459208,0.0539353735993,0.0395807815193,2021.20726184628,2021.22161643836,47
19,20,NewYork,NewYork,0.005167193939,0.0578814026033,0.0527142086643,2021.22039527343,2021.22556246736,47
19,7,NewYork,NewYork,0.006221164936,0.0589353736003,0.0527142086643,2021.22039527343,2021.22661643836,47
20,5,NewYork,NewYork,0.001053970997,0.0589353736003,0.0578814026033,2021.22556246736,2021.22661643836,47
20,6,NewYork,NewYork,0.001053970997,0.0589353736003,0.0578814026033,2021.22556246736,2021.22661643836,47
21,9,Queens,Nassau,0.02835459208,0.0679353735993,0.0395807815193,2021.20726184628,2021.23561643836,47
5,6,NewYork,Suffolk,0.03415973124,0.03415973124,0,2021.06122209279,2021.09538182403,472
5,7,NewYork,NewYork,0.07247249535,0.07247249535,0,2021.06122209279,2021.13369458814,472
7,3,NewYork,NewYork,0.000127329672199999,0.0725998250222,0.07247249535,2021.13369458814,2021.13382191781,472
6,1,Suffolk,Suffolk,0.04644009378,0.08059982502,0.03415973124,2021.09538182403,2021.14182191781,472
6,2,Suffolk,Suffolk,0.06344009378,0.09759982502,0.03415973124,2021.09538182403,2021.15882191781,472
7,4,NewYork,Kings,0.04712732967,0.11959982502,0.07247249535,2021.13369458814,2021.18082191781,472
4,1,NewYork,NewYork,0.1049099351,0.1049099351,0,2021.08413116079,2021.18904109589,474
4,5,NewYork,NewYork,0.003791979701,0.003791979701,0,2021.08413116079,2021.08792314049,474
5,2,NewYork,NewYork,0.002117955423,0.005909935124,0.003791979701,2021.08792314049,2021.09004109591,474
5,3,NewYork,NewYork,0.002117955423,0.005909935124,0.003791979701,2021.08792314049,2021.09004109591,474
11,1,Queens,Queens,0.06775283392,0.06775283392,0,2021.13176771402,2021.19952054794,475
11,12,Queens,Queens,0.0738187315,0.0738187315,0,2021.13176771402,2021.20558644552,475
12,13,Queens,Queens,0.005519391875,0.079338123375,0.0738187315,2021.20558644552,2021.2111058374,475
13,15,Queens,Queens,0.00234031264999998,0.081678436025,0.079338123375,2021.2111058374,2021.21344615005,475
15,17,Queens,Queens,0.00211957879799998,0.083798014823,0.081678436025,2021.21344615005,2021.21556572885,475
17,9,Queens,Queens,0.0219548191,0.105752833923,0.083798014823,2021.21556572885,2021.23752054795,475
17,18,Queens,NewYork,0.04066625929,0.124464274113,0.083798014823,2021.21556572885,2021.25623198814,475
18,19,NewYork,NewYork,0.00928656113599999,0.133750835249,0.124464274113,2021.25623198814,2021.26551854927,475
19,7,NewYork,NewYork,0.01300199867,0.146752833919,0.133750835249,2021.26551854927,2021.27852054794,475
13,14,Queens,Kings,0.09374381746,0.173081940835,0.079338123375,2021.2111058374,2021.30484965486,475
14,2,Kings,Kings,0.01267089309,0.185752833925,0.173081940835,2021.30484965486,2021.31752054795,475
14,3,Kings,Kings,0.01767089309,0.190752833925,0.173081940835,2021.30484965486,2021.32252054795,475
18,8,NewYork,NewYork,0.06928855981,0.193752833923,0.124464274113,2021.25623198814,2021.32552054795,475
19,6,NewYork,NewYork,0.06800199867,0.201752833919,0.133750835249,2021.26551854927,2021.33352054794,475
12,10,Queens,Nassau,0.1389341024,0.2127528339,0.0738187315,2021.20558644552,2021.34452054792,475
15,16,Queens,Suffolk,0.1384745216,0.220152957625,0.081678436025,2021.21344615005,2021.35192067165,475
16,4,Suffolk,Suffolk,0.0205998763,0.240752833925,0.220152957625,2021.35192067165,2021.37252054795,475
16,5,Suffolk,Suffolk,0.0425998763,0.262752833925,0.220152957625,2021.35192067165,2021.39452054795,475
4,1,Nassau,Suffolk,0.009817387191,0.009817387191,0,2021.29721001007,2021.30702739726,483
4,5,Nassau,Nassau,0.02258103479,0.02258103479,0,2021.29721001007,2021.31979104486,483
5,2,Nassau,Nassau,0.006236352401,0.028817387191,0.02258103479,2021.31979104486,2021.32602739726,483
5,3,Nassau,Nassau,0.006236352401,0.028817387191,0.02258103479,2021.31979104486,2021.32602739726,483
4,1,NewYork,NewYork,0.006642931927,0.006642931927,0,2021.27012419136,2021.27676712329,49
4,5,NewYork,NewYork,0.02374626009,0.02374626009,0,2021.27012419136,2021.29387045145,49
5,2,NewYork,NewYork,0.009896671837,0.033642931927,0.02374626009,2021.29387045145,2021.30376712329,49
5,3,NewYork,Kings,0.03489667184,0.05864293193,0.02374626009,2021.29387045145,2021.32876712329,49
4,5,Queens,Queens,0.07191202902,0.07191202902,0,2021.13320403516,2021.20511606418,491
4,3,Queens,Queens,0.04801514292,0.04801514292,0,2021.13320403516,2021.18121917808,491
5,1,Queens,Queens,0.000103113899000001,0.072015142919,0.07191202902,2021.20511606418,2021.20521917808,491
5,2,Queens,Queens,0.003103113899,0.075015142919,0.07191202902,2021.20511606418,2021.20821917808,491
7,1,NewYork,Westchester,0.2898006573,0.2898006573,0,2020.87465139748,2021.16445205478,503
7,8,NewYork,Kings,0.1274413623,0.1274413623,0,2020.87465139748,2021.00209275978,503
8,9,Kings,Kings,0.03312808086,0.16056944316,0.1274413623,2021.00209275978,2021.03522084064,503
9,10,Kings,Kings,0.03945289339,0.20002233655,0.16056944316,2021.03522084064,2021.07467373403,503
10,11,Kings,Queens,0.02042851586,0.22045085241,0.20002233655,2021.07467373403,2021.09510224989,503
11,3,Queens,NewYork,0.02634980488,0.24680065729,0.22045085241,2021.09510224989,2021.12145205477,503
9,2,Kings,Kings,0.1132312141,0.27380065726,0.16056944316,2021.03522084064,2021.14845205474,503
10,5,Kings,Kings,0.07877832074,0.27880065729,0.20002233655,2021.07467373403,2021.15345205477,503
8,6,Kings,Queens,0.179359295,0.3068006573,0.1274413623,2021.00209275978,2021.18145205478,503
11,4,Queens,Queens,0.1843498049,0.40480065731,0.22045085241,2021.09510224989,2021.27945205479,503
5,6,Nassau,Kings,0.08109211213,0.08109211213,0,2021.20722925045,2021.28832136258,505
5,7,Nassau,Nassau,0.01313802916,0.01313802916,0,2021.20722925045,2021.22036727961,505
7,3,Nassau,Nassau,0.00122176149,0.01435979065,0.01313802916,2021.22036727961,2021.2215890411,505
6,1,Kings,Kings,0.01826767852,0.09935979065,0.08109211213,2021.28832136258,2021.3065890411,505
6,2,Kings,Kings,0.01826767852,0.09935979065,0.08109211213,2021.28832136258,2021.3065890411,505
7,4,Nassau,Westchester,0.08922176149,0.10235979065,0.01313802916,2021.22036727961,2021.3095890411,505
7,8,Queens,Queens,0.0122661204,0.0122661204,0,2020.95116864451,2020.96343476491,506
7,9,Queens,Queens,0.00717332869600001,0.00717332869600001,0,2020.95116864451,2020.95834197321,506
9,10,Queens,Queens,0.09901412857,0.106187457266,0.00717332869600001,2020.95834197321,2021.05735610178,506
10,3,Queens,Queens,0.02773978864,0.133927245906,0.106187457266,2021.05735610178,2021.08509589042,506
9,11,Queens,Queens,0.1335829281,0.140756256796,0.00717332869600001,2020.95834197321,2021.09192490131,506
10,4,Queens,Queens,0.04173978864,0.147927245906,0.106187457266,2021.05735610178,2021.09909589042,506
8,1,Queens,NewYork,0.1406611255,0.1529272459,0.0122661204,2020.96343476491,2021.10409589041,506
8,2,Queens,Westchester,0.1686611255,0.1809272459,0.0122661204,2020.96343476491,2021.13209589041,506
11,5,Queens,NewYork,0.04517098911,0.185927245906,0.140756256796,2021.09192490131,2021.13709589042,506
11,6,Queens,Nassau,0.1491709891,0.289927245896,0.140756256796,2021.09192490131,2021.24109589041,506
5,1,Queens,Nassau,0.08072097772,0.08072097772,0,2021.10345710447,2021.18417808219,509
5,6,Queens,Queens,0.006347096227,0.006347096227,0,2021.10345710447,2021.1098042007,509
6,7,Queens,Queens,0.01511972445,0.021466820677,0.006347096227,2021.1098042007,2021.12492392515,509
7,3,Queens,Queens,0.00125415704,0.022720977717,0.021466820677,2021.12492392515,2021.12617808219,509
6,2,Queens,Kings,0.07637388149,0.082720977717,0.006347096227,2021.1098042007,2021.18617808219,509
7,4,Queens,Westchester,0.09425415704,0.115720977717,0.021466820677,2021.12492392515,2021.21917808219,509
11,12,NewYork,NewYork,0.006017968777,0.006017968777,0,2020.99750825695,2021.00352622573,515
12,13,NewYork,NewYork,0.02402941867,0.030047387447,0.006017968777,2021.00352622573,2021.0275556444,515
13,14,NewYork,NewYork,0.000341987968300012,0.0303893754153,0.030047387447,2021.0275556444,2021.02789763237,515
12,19,NewYork,NewYork,0.04339617552,0.049414144297,0.006017968777,2021.00352622573,2021.04692240125,515
14,17,NewYork,NewYork,0.01963951143,0.0500288868453,0.0303893754153,2021.02789763237,2021.0475371438,515
17,18,NewYork,NewYork,0.00321312259099998,0.0532420094363,0.0500288868453,2021.0475371438,2021.05075026639,515
14,15,NewYork,NewYork,0.04075283443,0.0711422098453,0.0303893754153,2021.02789763237,2021.0686504668,515
18,6,NewYork,NewYork,0.02872918569,0.0819711951263,0.0532420094363,2021.05075026639,2021.07947945208,515
17,5,NewYork,NewYork,0.03494230828,0.0849711951253,0.0500288868453,2021.0475371438,2021.08247945208,515
18,7,NewYork,NewYork,0.03772918569,0.0909711951263,0.0532420094363,2021.05075026639,2021.08847945208,515
15,16,NewYork,NewYork,0.0275926537,0.0987348635453,0.0711422098453,2021.0686504668,2021.0962431205,515
11,10,NewYork,NewYork,0.1129711951,0.1129711951,0,2020.99750825695,2021.11047945205,515
16,3,NewYork,NewYork,0.04123633158,0.1399711951253,0.0987348635453,2021.0962431205,2021.13747945208,515
13,1,NewYork,NewYork,0.1099238077,0.139971195147,0.030047387447,2021.0275556444,2021.1374794521,515
15,2,NewYork,NewYork,0.08482898528,0.1559711951253,0.0711422098453,2021.0686504668,2021.15347945208,515
16,4,NewYork,Kings,0.06823633158,0.1669711951253,0.0987348635453,2021.0962431205,2021.16447945208,515
19,9,NewYork,Westchester,0.1375570508,0.186971195097,0.049414144297,2021.04692240125,2021.18447945205,515
19,8,NewYork,Westchester,0.1585570508,0.207971195097,0.049414144297,2021.04692240125,2021.20547945205,515
6,7,Nassau,NewYork,0.02821944901,0.02821944901,0,2021.18071496109,2021.2089344101,522
7,8,NewYork,NewYork,0.01085613981,0.03907558882,0.02821944901,2021.2089344101,2021.21979054991,522
8,9,NewYork,NewYork,0.00295405495099999,0.042029643771,0.03907558882,2021.21979054991,2021.22274460486,522
9,4,NewYork,NewYork,0.004186901991,0.046216545762,0.042029643771,2021.22274460486,2021.22693150685,522
9,3,NewYork,NewYork,0.007186901991,0.049216545762,0.042029643771,2021.22274460486,2021.22993150685,522
7,1,NewYork,Suffolk,0.03499709675,0.06321654576,0.02821944901,2021.2089344101,2021.24393150685,522
6,5,Nassau,Nassau,0.06621654576,0.06621654576,0,2021.18071496109,2021.24693150685,522
8,2,NewYork,Suffolk,0.06514095694,0.10421654576,0.03907558882,2021.21979054991,2021.28493150685,522
5,1,NewYork,NewYork,0.05649648293,0.05649648293,0,2021.15129803762,2021.20779452055,526
5,6,NewYork,NewYork,0.06910846942,0.06910846942,0,2021.15129803762,2021.22040650704,526
6,2,NewYork,NewYork,0.001388013507,0.070496482927,0.06910846942,2021.22040650704,2021.22179452055,526
6,7,NewYork,Nassau,0.02162544495,0.09073391437,0.06910846942,2021.22040650704,2021.24203195199,526
7,3,Nassau,Nassau,0.00176256855699999,0.092496482927,0.09073391437,2021.24203195199,2021.24379452055,526
7,4,Nassau,Nassau,0.01276256856,0.10349648293,0.09073391437,2021.24203195199,2021.25479452055,526
5,6,NewYork,NewYork,0.03259242365,0.03259242365,0,2021.13174425456,2021.16433667821,532
5,7,NewYork,NewYork,0.007745945713,0.007745945713,0,2021.13174425456,2021.13949020028,532
7,3,NewYork,NewYork,0.02289336137,0.030639307083,0.007745945713,2021.13949020028,2021.16238356165,532
7,4,NewYork,Kings,0.02289336137,0.030639307083,0.007745945713,2021.13949020028,2021.16238356165,532
6,1,NewYork,Bronx,4.68834276399974e-05,0.03263930707764,0.03259242365,2021.16433667821,2021.16438356164,532
6,2,NewYork,NewYork,4.68834276399974e-05,0.03263930707764,0.03259242365,2021.16433667821,2021.16438356164,532
12,13,Nassau,Kings,0.1140096191,0.1140096191,0,2021.15188990754,2021.26589952664,533
12,17,Nassau,Nassau,0.000868675104500005,0.000868675104500005,0,2021.15188990754,2021.15275858264,533
17,18,Nassau,Nassau,0.04521415859,0.0460828336945,0.000868675104500005,2021.15275858264,2021.19797274123,533
18,7,Nassau,Nassau,0.00223273822,0.0483155719145,0.0460828336945,2021.19797274123,2021.20020547945,533
18,19,Nassau,Queens,0.0200754954,0.0661583290945,0.0460828336945,2021.19797274123,2021.21804823663,533
19,20,Queens,Queens,0.00497711393400001,0.0711354430285,0.0661583290945,2021.21804823663,2021.22302535057,533
17,6,Nassau,Kings,0.08344689681,0.0843155719145,0.000868675104500005,2021.15275858264,2021.23620547945,533
20,21,Queens,Queens,0.01385536126,0.0849908042885,0.0711354430285,2021.22302535057,2021.23688071183,533
20,9,Queens,Queens,0.01818012889,0.0893155719185,0.0711354430285,2021.22302535057,2021.24120547946,533
19,8,Queens,Queens,0.03715724282,0.1033155719145,0.0661583290945,2021.21804823663,2021.25520547945,533
21,10,Queens,Queens,0.02132476763,0.1063155719185,0.0849908042885,2021.23688071183,2021.25820547946,533
21,11,Queens,Queens,0.04032476763,0.1253155719185,0.0849908042885,2021.23688071183,2021.27720547946,533
13,14,Kings,Kings,0.01271436067,0.12672397977,0.1140096191,2021.26589952664,2021.27861388731,533
14,15,Kings,Kings,0.02985809085,0.15658207062,0.12672397977,2021.27861388731,2021.30847197816,533
15,2,Kings,Kings,0.01473350129,0.17131557191,0.15658207062,2021.30847197816,2021.32320547945,533
14,16,Kings,Kings,0.05345985348,0.18018383325,0.12672397977,2021.27861388731,2021.33207374079,533
16,4,Kings,Kings,0.00213173866499999,0.182315571915,0.18018383325,2021.33207374079,2021.33420547946,533
16,5,Kings,Kings,0.00213173866499999,0.182315571915,0.18018383325,2021.33207374079,2021.33420547946,533
15,3,Kings,Kings,0.03173350129,0.18831557191,0.15658207062,2021.30847197816,2021.34020547945,533
13,1,Kings,Kings,0.07930595281,0.19331557191,0.1140096191,2021.26589952664,2021.34520547945,533
5,6,Queens,Nassau,0.1294638746,0.1294638746,0,2021.01055277753,2021.14001665213,539
5,7,Queens,Queens,0.05150209753,0.05150209753,0,2021.01055277753,2021.06205487506,539
6,2,Nassau,Nassau,0.022421704,0.1518855786,0.1294638746,2021.14001665213,2021.16243835613,539
7,3,Queens,Queens,0.1353834811,0.18688557863,0.05150209753,2021.06205487506,2021.19743835616,539
6,1,Nassau,Nassau,0.065421704,0.1948855786,0.1294638746,2021.14001665213,2021.20543835613,539
7,4,Queens,Queens,0.1543834811,0.20588557863,0.05150209753,2021.06205487506,2021.21643835616,539
5,1,Kings,Kings,0.005160767639,0.005160767639,0,2021.23600361592,2021.24116438356,560
5,6,Kings,Kings,0.04331323509,0.04331323509,0,2021.23600361592,2021.27931685101,560
6,7,Kings,Kings,0.02031104972,0.06362428481,0.04331323509,2021.27931685101,2021.29962790073,560
6,4,Kings,Queens,0.05284753255,0.09616076764,0.04331323509,2021.27931685101,2021.33216438356,560
7,2,Kings,Kings,0.05353648283,0.11716076764,0.06362428481,2021.29962790073,2021.35316438356,560
7,3,Kings,Suffolk,0.05653648283,0.12016076764,0.06362428481,2021.29962790073,2021.35616438356,560
15,16,Queens,Nassau,0.04669219202,0.04669219202,0,2021.05905836922,2021.10575056124,568
15,21,Queens,Queens,0.002461759216,0.002461759216,0,2021.05905836922,2021.06152012844,568
21,22,Queens,Queens,0.00371149201900001,0.00617325123500001,0.002461759216,2021.06152012844,2021.06523162046,568
21,25,Queens,Queens,0.01319811943,0.015659878646,0.002461759216,2021.06152012844,2021.07471824787,568
22,7,Queens,Queens,0.0165629001,0.022736151335,0.00617325123500001,2021.06523162046,2021.08179452056,568
22,23,Queens,Queens,0.01967255791,0.025845809145,0.00617325123500001,2021.06523162046,2021.08490417837,568
23,24,Queens,Nassau,0.007173097696,0.033018906841,0.025845809145,2021.08490417837,2021.09207727606,568
25,11,Queens,Kings,0.01807627269,0.033736151336,0.015659878646,2021.07471824787,2021.09279452056,568
25,26,Queens,NewYork,0.01980998348,0.035469862126,0.015659878646,2021.07471824787,2021.09452823135,568
24,9,Nassau,NewYork,0.01171724449,0.044736151331,0.033018906841,2021.09207727606,2021.10379452055,568
23,8,Queens,Kings,0.03289034219,0.058736151335,0.025845809145,2021.08490417837,2021.11779452056,568
16,17,Nassau,Nassau,0.03977267255,0.08646486457,0.04669219202,2021.10575056124,2021.14552323379,568
24,10,Nassau,Suffolk,0.06371724449,0.096736151331,0.033018906841,2021.09207727606,2021.15579452055,568
26,12,NewYork,NewYork,0.06726628921,0.102736151336,0.035469862126,2021.09452823135,2021.16179452056,568
16,18,Nassau,Nassau,0.06129378352,0.10798597554,0.04669219202,2021.10575056124,2021.16704434476,568
26,27,NewYork,Bronx,0.07571412567,0.111183987796,0.035469862126,2021.09452823135,2021.17024235702,568
18,19,Nassau,Nassau,0.007074905954,0.115060881494,0.10798597554,2021.16704434476,2021.17411925072,568
17,1,Nassau,Nassau,0.03827128676,0.12473615133,0.08646486457,2021.14552323379,2021.18379452055,568
19,4,Nassau,Nassau,0.00967526984100001,0.124736151335,0.115060881494,2021.17411925072,2021.18379452056,568
17,2,Nassau,Queens,0.04027128676,0.12673615133,0.08646486457,2021.14552323379,2021.18579452055,568
27,14,Bronx,Bronx,0.04055216353,0.151736151326,0.111183987796,2021.17024235702,2021.21079452055,568
18,3,Nassau,Nassau,0.07075017579,0.17873615133,0.10798597554,2021.16704434476,2021.23779452055,568
19,20,Nassau,Nassau,0.06585210158,0.180912983074,0.115060881494,2021.17411925072,2021.2399713523,568
20,5,Nassau,Nassau,0.00382316826000001,0.184736151334,0.180912983074,2021.2399713523,2021.24379452056,568
20,6,Nassau,Nassau,0.00382316826000001,0.184736151334,0.180912983074,2021.2399713523,2021.24379452056,568
27,13,Bronx,Bronx,0.08455216353,0.195736151326,0.111183987796,2021.17024235702,2021.25479452055,568
40,41,Nassau,Nassau,0.02183395072,0.02183395072,0,2020.97851318362,2021.00034713434,58
40,42,Nassau,Nassau,0.0207459068,0.0207459068,0,2020.97851318362,2020.99925909042,58
41,1,Nassau,Nassau,0.01059807116,0.03243202188,0.02183395072,2021.00034713434,2021.0109452055,58
42,43,Nassau,Nassau,0.02913272606,0.04987863286,0.0207459068,2020.99925909042,2021.02839181648,58
43,44,Nassau,Nassau,0.006629472937,0.056508105797,0.04987863286,2021.02839181648,2021.03502128942,58
44,45,Nassau,Nassau,0.005230849077,0.061738954874,0.056508105797,2021.03502128942,2021.04025213849,58
45,48,Nassau,Nassau,0.00128085629199998,0.063019811166,0.061738954874,2021.04025213849,2021.04153299479,58
48,56,Nassau,Nassau,0.00483762546700006,0.067857436633,0.063019811166,2021.04153299479,2021.04637062025,58
45,46,Nassau,Nassau,0.00785315035299999,0.069592105227,0.061738954874,2021.04025213849,2021.04810528885,58
48,49,Nassau,Nassau,0.02478418338,0.087803994546,0.063019811166,2021.04153299479,2021.06631717817,58
56,60,Nassau,Nassau,0.0237498846599999,0.091607321293,0.067857436633,2021.04637062025,2021.07012050491,58
60,61,Nassau,Nassau,0.00947429986400006,0.101081621157,0.091607321293,2021.07012050491,2021.07959480478,58
61,64,Nassau,Nassau,0.00825950924800001,0.109341130405,0.101081621157,2021.07959480478,2021.08785431402,58
64,65,Nassau,Nassau,0.004206177373,0.113547307778,0.109341130405,2021.08785431402,2021.0920604914,58
64,25,Nassau,Nassau,0.00509089147699998,0.114432021882,0.109341130405,2021.08785431402,2021.0929452055,58
46,47,Nassau,Nassau,0.05171845949,0.121310564717,0.069592105227,2021.04810528885,2021.09982374834,58
65,66,Nassau,Nassau,0.01037857698,0.123925884758,0.113547307778,2021.0920604914,2021.10243906838,58
65,26,Nassau,Queens,0.0148847141,0.128432021878,0.113547307778,2021.0920604914,2021.1069452055,58
66,27,Nassau,Nassau,0.007506137123,0.131432021881,0.123925884758,2021.10243906838,2021.1099452055,58
42,3,Nassau,Richmond,0.1106861151,0.1314320219,0.0207459068,2020.99925909042,2021.10994520552,58
49,50,Nassau,Nassau,0.04385688057,0.131660875116,0.087803994546,2021.06631717817,2021.11017405874,58
46,6,Nassau,NewYork,0.06383991665,0.133432021877,0.069592105227,2021.04810528885,2021.1119452055,58
50,51,Nassau,Nassau,0.00658727433699999,0.138248149453,0.131660875116,2021.11017405874,2021.11676133307,58
66,67,Nassau,Nassau,0.03018346581,0.154109350568,0.123925884758,2021.10243906838,2021.13262253419,58
47,7,Nassau,NewYork,0.03412145716,0.155432021877,0.121310564717,2021.09982374834,2021.1339452055,58
67,68,Nassau,Nassau,0.00407538889299999,0.158184739461,0.154109350568,2021.13262253419,2021.13669792308,58
68,28,Nassau,Nassau,0.005247282421,0.163432021882,0.158184739461,2021.13669792308,2021.1419452055,58
67,72,Nassau,Nassau,0.01072986376,0.164839214328,0.154109350568,2021.13262253419,2021.14335239795,58
51,52,Nassau,Nassau,0.02897134276,0.167219492213,0.138248149453,2021.11676133307,2021.14573267583,58
68,69,Nassau,Nassau,0.009813607552,0.167998347013,0.158184739461,2021.13669792308,2021.14651153063,58
52,53,Nassau,Nassau,0.00232465564199999,0.169544147855,0.167219492213,2021.14573267583,2021.14805733148,58
56,57,Nassau,Nassau,0.1033658805,0.171223317133,0.067857436633,2021.04637062025,2021.14973650075,58
72,73,Nassau,Nassau,0.007128887557,0.171968101885,0.164839214328,2021.14335239795,2021.15048128551,58
50,9,Nassau,Nassau,0.04277114677,0.174432021886,0.131660875116,2021.11017405874,2021.15294520551,58
53,54,Nassau,Nassau,0.00523616603499999,0.17478031389,0.169544147855,2021.14805733148,2021.15329349751,58
73,74,Nassau,Nassau,0.00285773545599999,0.174825837341,0.171968101885,2021.15048128551,2021.15333902096,58
47,8,Nassau,Kings,0.05612145716,0.177432021877,0.121310564717,2021.09982374834,2021.1559452055,58
73,34,Nassau,Suffolk,0.00546391999699999,0.177432021882,0.171968101885,2021.15048128551,2021.1559452055,58
69,29,Nassau,Nassau,0.01243367487,0.180432021883,0.167998347013,2021.14651153063,2021.1589452055,58
53,13,Nassau,Nassau,0.01088787403,0.180432021885,0.169544147855,2021.14805733148,2021.15894520551,58
69,70,Nassau,Nassau,0.01271550731,0.180713854323,0.167998347013,2021.14651153063,2021.15922703794,58
72,33,Nassau,Queens,0.01859280755,0.183432021878,0.164839214328,2021.14335239795,2021.1619452055,58
74,35,Nassau,Nassau,0.01060618454,0.185432021881,0.174825837341,2021.15333902096,2021.1639452055,58
61,62,Nassau,Nassau,0.08532015195,0.186401773107,0.101081621157,2021.07959480478,2021.16491495673,58
54,12,Nassau,Nassau,0.01365170799,0.18843202188,0.17478031389,2021.15329349751,2021.1669452055,58
51,10,Nassau,Nassau,0.05018387243,0.188432021883,0.138248149453,2021.11676133307,2021.1669452055,58
57,17,Nassau,Nassau,0.01720870475,0.188432021883,0.171223317133,2021.14973650075,2021.1669452055,58
70,30,Nassau,Suffolk,0.01071816756,0.191432021883,0.180713854323,2021.15922703794,2021.1699452055,58
49,16,Nassau,Westchester,0.1066280273,0.194432021846,0.087803994546,2021.06631717817,2021.17294520547,58
60,21,Nassau,Suffolk,0.1048247006,0.196432021893,0.091607321293,2021.07012050491,2021.17494520551,58
57,58,Nassau,Nassau,0.02553570086,0.196759017993,0.171223317133,2021.14973650075,2021.17527220161,58
52,55,Nassau,Nassau,0.031977432,0.199196924213,0.167219492213,2021.14573267583,2021.17771010783,58
54,11,Nassau,Nassau,0.02465170799,0.19943202188,0.17478031389,2021.15329349751,2021.1779452055,58
74,75,Nassau,Nassau,0.02724159197,0.202067429311,0.174825837341,2021.15333902096,2021.18058061293,58
58,18,Nassau,Nassau,0.008673003889,0.205432021882,0.196759017993,2021.17527220161,2021.1839452055,58
55,15,Nassau,Nassau,0.00623509766899999,0.205432021882,0.199196924213,2021.17771010783,2021.1839452055,58
70,71,Nassau,Nassau,0.02472324266,0.205437096983,0.180713854323,2021.15922703794,2021.1839502806,58
75,36,Nassau,Suffolk,0.005364592571,0.207432021882,0.202067429311,2021.18058061293,2021.1859452055,58
71,31,Nassau,Nassau,0.004994924899,0.210432021882,0.205437096983,2021.1839502806,2021.1889452055,58
71,32,Nassau,Queens,0.004994924899,0.210432021882,0.205437096983,2021.1839502806,2021.1889452055,58
41,2,Nassau,Kings,0.1965980712,0.21843202192,0.02183395072,2021.00034713434,2021.19694520554,58
55,14,Nassau,Suffolk,0.03323509767,0.232432021883,0.199196924213,2021.17771010783,2021.2109452055,58
75,76,Nassau,Nassau,0.03450644799,0.236573877301,0.202067429311,2021.18058061293,2021.21508706092,58
76,37,Nassau,Nassau,0.000858144580499987,0.2374320218815,0.236573877301,2021.21508706092,2021.2159452055,58
76,77,Nassau,Nassau,0.00727019723899999,0.24384407454,0.236573877301,2021.21508706092,2021.22235725816,58
77,38,Nassau,Nassau,0.00258794734199999,0.246432021882,0.24384407454,2021.22235725816,2021.2249452055,58
58,59,Nassau,Nassau,0.05188774169,0.248646759683,0.196759017993,2021.17527220161,2021.2271599433,58
59,19,Nassau,Nassau,0.00278526219899999,0.251432021882,0.248646759683,2021.2271599433,2021.2299452055,58
62,63,Nassau,Nassau,0.06548563007,0.251887403177,0.186401773107,2021.16491495673,2021.2304005868,58
62,22,Nassau,Suffolk,0.07103024877,0.257432021877,0.186401773107,2021.16491495673,2021.2359452055,58
77,39,Nassau,Nassau,0.01358794734,0.25743202188,0.24384407454,2021.22235725816,2021.2359452055,58
63,23,Nassau,Nassau,0.00754461870500001,0.259432021882,0.251887403177,2021.2304005868,2021.2379452055,58
63,24,Nassau,Bronx,0.0165446187,0.268432021877,0.251887403177,2021.2304005868,2021.2469452055,58
59,20,Nassau,Nassau,0.0277852622,0.276432021883,0.248646759683,2021.2271599433,2021.2549452055,58
44,5,Nassau,Nassau,0.2469239161,0.303432021897,0.056508105797,2021.03502128942,2021.28194520552,58
43,4,Nassau,Suffolk,0.319553389,0.36943202186,0.04987863286,2021.02839181648,2021.34794520548,58
5,1,Queens,Queens,0.1010895732,0.1010895732,0,2021.18110220762,2021.28219178082,580
5,6,Queens,Queens,0.005233481141,0.005233481141,0,2021.18110220762,2021.18633568876,580
6,2,Queens,Queens,0.008856092062,0.014089573203,0.005233481141,2021.18633568876,2021.19519178082,580
6,7,Queens,Kings,0.0133053604,0.018538841541,0.005233481141,2021.18633568876,2021.19964104916,580
7,3,Kings,Kings,0.00855073166200002,0.027089573203,0.018538841541,2021.19964104916,2021.20819178082,580
7,4,Kings,Kings,0.04155073166,0.060089573201,0.018538841541,2021.19964104916,2021.24119178082,580
6,1,NewYork,NewYork,0.06536401884,0.06536401884,0,2021.19482776198,2021.26019178082,582
6,7,NewYork,NewYork,0.04550855692,0.04550855692,0,2021.19482776198,2021.2403363189,582
7,8,NewYork,NewYork,0.01707310946,0.06258166638,0.04550855692,2021.2403363189,2021.25740942836,582
8,9,NewYork,NewYork,0.008529128333,0.071110794713,0.06258166638,2021.25740942836,2021.26593855669,582
7,5,NewYork,NewYork,0.04185546192,0.08736401884,0.04550855692,2021.2403363189,2021.28219178082,582
8,2,NewYork,NewYork,0.02478235246,0.08736401884,0.06258166638,2021.25740942836,2021.28219178082,582
9,3,NewYork,NewYork,0.01625322413,0.087364018843,0.071110794713,2021.26593855669,2021.28219178082,582
9,4,NewYork,NewYork,0.01625322413,0.087364018843,0.071110794713,2021.26593855669,2021.28219178082,582
4,5,Kings,Kings,0.06812175534,0.06812175534,0,2021.08475600374,2021.15287775908,586
4,3,Kings,Richmond,0.08505221543,0.08505221543,0,2021.08475600374,2021.16980821917,586
5,1,Kings,Kings,0.03893046009,0.10705221543,0.06812175534,2021.15287775908,2021.19180821917,586
5,2,Kings,Suffolk,0.1649304601,0.23305221544,0.06812175534,2021.15287775908,2021.31780821918,586
4,1,Kings,Kings,0.04931030625,0.04931030625,0,2021.13964859787,2021.18895890412,588
4,5,Kings,Kings,0.005582232114,0.005582232114,0,2021.13964859787,2021.14523082998,588
5,2,Kings,NewYork,0.04372807413,0.049310306244,0.005582232114,2021.14523082998,2021.18895890411,588
5,3,Kings,Kings,0.06572807413,0.071310306244,0.005582232114,2021.14523082998,2021.21095890411,588
4,5,Westchester,Westchester,0.03720321788,0.03720321788,0,2021.18249725804,2021.21970047592,608
5,1,Westchester,Westchester,0.004957058329,0.042160276209,0.03720321788,2021.21970047592,2021.22465753425,608
5,2,Westchester,Westchester,0.004957058329,0.042160276209,0.03720321788,2021.21970047592,2021.22465753425,608
4,3,Westchester,Westchester,0.04216027621,0.04216027621,0,2021.18249725804,2021.22465753425,608
4,1,Suffolk,Westchester,0.2745352085,0.2745352085,0,2021.23231410657,2021.50684931507,609
4,5,Suffolk,Suffolk,0.00638816547799997,0.00638816547799997,0,2021.23231410657,2021.23870227205,609
5,2,Suffolk,Suffolk,0.00514704299400004,0.011535208472,0.00638816547799997,2021.23870227205,2021.24384931504,609
5,3,Suffolk,Suffolk,0.00514704299400004,0.011535208472,0.00638816547799997,2021.23870227205,2021.24384931504,609
5,1,Queens,Queens,0.03226530199,0.03226530199,0,2021.13429634185,2021.16656164384,616
5,6,Queens,Queens,0.01717924866,0.01717924866,0,2021.13429634185,2021.15147559052,616
6,2,Queens,Queens,0.01208605333,0.02926530199,0.01717924866,2021.15147559052,2021.16356164385,616
6,7,Queens,Queens,0.02575648133,0.04293572999,0.01717924866,2021.15147559052,2021.17723207185,616
7,3,Queens,Queens,0.006329571995,0.049265301985,0.04293572999,2021.17723207185,2021.18356164384,616
7,4,Queens,Queens,0.006329571995,0.049265301985,0.04293572999,2021.17723207185,2021.18356164384,616
4,1,Nassau,Nassau,0.00515622140799998,0.00515622140799998,0,2021.12370679229,2021.1288630137,62
4,5,Nassau,Suffolk,0.4362925081,0.4362925081,0,2021.12370679229,2021.55999930039,62
5,2,Suffolk,Suffolk,0.00386371330800001,0.440156221408,0.4362925081,2021.55999930039,2021.5638630137,62
5,3,Suffolk,Suffolk,0.00986371330800001,0.446156221408,0.4362925081,2021.55999930039,2021.5698630137,62
4,1,Kings,Kings,0.01676144647,0.01676144647,0,2021.11506047134,2021.13182191781,625
4,5,Kings,Queens,0.02853687933,0.02853687933,0,2021.11506047134,2021.14359735067,625
5,2,Queens,Queens,0.03722456714,0.06576144647,0.02853687933,2021.14359735067,2021.18082191781,625
5,3,Queens,Queens,0.03722456714,0.06576144647,0.02853687933,2021.14359735067,2021.18082191781,625
4,1,NewYork,Bronx,0.2290686287,0.2290686287,0,2021.0805204124,2021.3095890411,652
4,5,NewYork,NewYork,0.1209603354,0.1209603354,0,2021.0805204124,2021.2014807478,652
5,3,NewYork,NewYork,0.01710829328,0.13806862868,0.1209603354,2021.2014807478,2021.21858904108,652
5,2,NewYork,NewYork,0.04210829328,0.16306862868,0.1209603354,2021.2014807478,2021.24358904108,652
4,1,Bronx,Bronx,0.008186616451,0.008186616451,0,2021.06014215067,2021.06832876712,661
4,5,Bronx,Bronx,0.002821098943,0.002821098943,0,2021.06014215067,2021.06296324961,661
5,2,Bronx,NewYork,0.01436551751,0.017186616453,0.002821098943,2021.06296324961,2021.07732876712,661
5,3,Bronx,Bronx,0.04936551751,0.052186616453,0.002821098943,2021.06296324961,2021.11232876712,661
10,11,Suffolk,Suffolk,0.04541914748,0.04541914748,0,2021.06301329517,2021.10843244265,67
10,13,Suffolk,Suffolk,0.02884120027,0.02884120027,0,2021.06301329517,2021.09185449544,67
13,9,Suffolk,Suffolk,0.02041947712,0.04926067739,0.02884120027,2021.09185449544,2021.11227397256,67
13,14,Suffolk,Nassau,0.0328129541,0.06165415437,0.02884120027,2021.09185449544,2021.12466744954,67
11,12,Suffolk,Suffolk,0.02220728075,0.06762642823,0.04541914748,2021.10843244265,2021.1306397234,67
11,1,Suffolk,Suffolk,0.02584152991,0.07126067739,0.04541914748,2021.10843244265,2021.13427397256,67
14,15,Nassau,Nassau,0.03967894168,0.10133309605,0.06165415437,2021.12466744954,2021.16434639122,67
15,16,Nassau,Suffolk,0.00723243824899999,0.108565534299,0.10133309605,2021.16434639122,2021.17157882947,67
16,17,Suffolk,Suffolk,0.006238420378,0.114803954677,0.108565534299,2021.17157882947,2021.17781724985,67
17,7,Suffolk,Suffolk,0.0004567227126,0.1152606773896,0.114803954677,2021.17781724985,2021.17827397256,67
17,8,Suffolk,Suffolk,0.02545672271,0.140260677387,0.114803954677,2021.17781724985,2021.20327397256,67
16,6,Suffolk,Suffolk,0.05069514309,0.159260677389,0.108565534299,2021.17157882947,2021.22227397256,67
12,3,Suffolk,Suffolk,0.09163424916,0.15926067739,0.06762642823,2021.1306397234,2021.22227397256,67
14,4,Nassau,Nassau,0.116606523,0.17826067737,0.06165415437,2021.12466744954,2021.24127397254,67
15,5,Nassau,Queens,0.07992758134,0.18126067739,0.10133309605,2021.16434639122,2021.24427397256,67
12,2,Suffolk,Nassau,0.1296342492,0.19726067743,0.06762642823,2021.1306397234,2021.2602739726,67
4,1,Kings,Kings,0.02065159128,0.02065159128,0,2021.27249909365,2021.29315068493,671
4,5,Kings,Kings,0.0199882026,0.0199882026,0,2021.27249909365,2021.29248729625,671
5,2,Kings,Kings,0.000663388684699999,0.0206515912847,0.0199882026,2021.29248729625,2021.29315068493,671
5,3,Kings,Kings,0.000663388684699999,0.0206515912847,0.0199882026,2021.29248729625,2021.29315068493,671
4,1,NewYork,NewYork,0.01293738471,0.01293738471,0,2021.02267905365,2021.03561643836,678
4,5,NewYork,NewYork,0.003138512167,0.003138512167,0,2021.02267905365,2021.02581756581,678
5,2,NewYork,NewYork,0.009798872546,0.012937384713,0.003138512167,2021.02581756581,2021.03561643836,678
5,3,NewYork,NewYork,0.009798872546,0.012937384713,0.003138512167,2021.02581756581,2021.03561643836,678
5,1,Queens,Queens,0.01729096643,0.01729096643,0,2021.22654465001,2021.24383561644,68
5,6,Queens,Queens,0.001972966925,0.001972966925,0,2021.22654465001,2021.22851761694,68
6,7,Queens,Queens,0.003979897365,0.00595286429,0.001972966925,2021.22851761694,2021.2324975143,68
7,3,Queens,Queens,0.0003381021434,0.0062909664334,0.00595286429,2021.2324975143,2021.23283561644,68
7,4,Queens,Queens,0.0003381021434,0.0062909664334,0.00595286429,2021.2324975143,2021.23283561644,68
6,2,Queens,Queens,0.01231799951,0.014290966435,0.001972966925,2021.22851761694,2021.24083561645,68
4,5,Nassau,Nassau,0.09716177229,0.09716177229,0,2021.22396061468,2021.32112238697,694
4,3,Nassau,Nassau,0.09908048121,0.09908048121,0,2021.22396061468,2021.32304109589,694
5,2,Nassau,Nassau,0.01891870892,0.11608048121,0.09716177229,2021.32112238697,2021.34004109589,694
5,1,Nassau,Nassau,0.06791870892,0.16508048121,0.09716177229,2021.32112238697,2021.38904109589,694
10,1,Nassau,Nassau,0.1077669438,0.1077669438,0,2021.13369880964,2021.24146575344,696
10,11,Nassau,Nassau,0.00141052034700001,0.00141052034700001,0,2021.13369880964,2021.13510932998,696
11,14,Nassau,Nassau,0.003392621436,0.00480314178300001,0.00141052034700001,2021.13510932998,2021.13850195142,696
14,15,Nassau,Nassau,0.00810779230399999,0.012910934087,0.00480314178300001,2021.13850195142,2021.14660974372,696
15,16,Nassau,Nassau,0.008464250216,0.021375184303,0.012910934087,2021.14660974372,2021.15507399394,696
16,17,Nassau,Nassau,0.00104602714599999,0.022421211449,0.021375184303,2021.15507399394,2021.15612002109,696
17,8,Nassau,Nassau,0.00634573235800001,0.028766943807,0.022421211449,2021.15612002109,2021.16246575344,696
15,6,Nassau,NewYork,0.05885600972,0.071766943807,0.012910934087,2021.14660974372,2021.20546575344,696
11,12,Nassau,Nassau,0.07699653896,0.078407059307,0.00141052034700001,2021.13510932998,2021.21210586894,696
12,2,Nassau,Nassau,0.0103598845,0.088766943807,0.078407059307,2021.21210586894,2021.22246575344,696
12,13,Nassau,Nassau,0.03465047929,0.113057538597,0.078407059307,2021.21210586894,2021.24675634823,696
13,3,Nassau,Nassau,0.01170940521,0.124766943807,0.113057538597,2021.24675634823,2021.25846575344,696
13,4,Nassau,Nassau,0.02770940521,0.140766943807,0.113057538597,2021.24675634823,2021.27446575344,696
16,7,Nassau,Bronx,0.1223917595,0.143766943803,0.021375184303,2021.15507399394,2021.27746575344,696
17,9,Nassau,Nassau,0.1213457324,0.143766943849,0.022421211449,2021.15612002109,2021.27746575349,696
14,5,Nassau,Kings,0.203963802,0.208766943783,0.00480314178300001,2021.13850195142,2021.34246575342,696
4,1,Queens,Queens,0.172988429,0.172988429,0,2021.18317595456,2021.35616438356,698
4,5,Queens,Queens,0.01537223924,0.01537223924,0,2021.18317595456,2021.1985481938,698
5,2,Queens,Queens,0.1196161897,0.13498842894,0.01537223924,2021.1985481938,2021.3181643835,698
5,3,Queens,NewYork,0.1386161897,0.15398842894,0.01537223924,2021.1985481938,2021.3371643835,698
8,1,Nassau,Nassau,0.03526681035,0.03526681035,0,2021.06591127183,2021.10117808218,71
8,9,Nassau,Nassau,0.03485122672,0.03485122672,0,2021.06591127183,2021.10076249855,71
9,2,Nassau,Queens,0.00341558362899996,0.038266810349,0.03485122672,2021.10076249855,2021.10417808218,71
9,10,Nassau,Nassau,0.03703479304,0.07188601976,0.03485122672,2021.10076249855,2021.13779729159,71
10,11,Nassau,Nassau,0.00608084620300003,0.077966865963,0.07188601976,2021.13779729159,2021.14387813779,71
11,12,Nassau,Suffolk,0.01115436493,0.089121230893,0.077966865963,2021.14387813779,2021.15503250272,71
12,4,Suffolk,Suffolk,0.00714557945599997,0.096266810349,0.089121230893,2021.15503250272,2021.16217808218,71
12,13,Suffolk,Suffolk,0.03242589296,0.121547123853,0.089121230893,2021.15503250272,2021.18745839568,71
13,6,Suffolk,Nassau,0.00471968649599999,0.126266810349,0.121547123853,2021.18745839568,2021.19217808218,71
13,5,Suffolk,Suffolk,0.0177196865,0.139266810353,0.121547123853,2021.18745839568,2021.20517808218,71
11,3,Nassau,Suffolk,0.09729994439,0.175266810353,0.077966865963,2021.14387813779,2021.24117808218,71
10,7,Nassau,Suffolk,0.2813807906,0.35326681036,0.07188601976,2021.13779729159,2021.41917808219,71
17,18,Kings,Kings,0.1463474973,0.1463474973,0,2020.99811226818,2021.14445976548,720
17,19,Kings,Queens,0.01957522325,0.01957522325,0,2020.99811226818,2021.01768749143,720
19,20,Queens,Queens,0.00217289134400001,0.021748114594,0.01957522325,2021.01768749143,2021.01986038277,720
20,21,Queens,Nassau,0.02178417556,0.043532290154,0.021748114594,2021.01986038277,2021.04164455833,720
20,29,Queens,Queens,0.04119179022,0.062939904814,0.021748114594,2021.01986038277,2021.06105217299,720
21,22,Nassau,Nassau,0.02395481608,0.067487106234,0.043532290154,2021.04164455833,2021.06559937441,720
21,24,Nassau,Nassau,0.03366418203,0.077196472184,0.043532290154,2021.04164455833,2021.07530874036,720
19,3,Queens,Kings,0.08302483734,0.10260006059,0.01957522325,2021.01768749143,2021.10071232877,720
29,30,Queens,Kings,0.07338489317,0.136324797984,0.062939904814,2021.06105217299,2021.13443706616,720
30,31,Kings,Kings,0.000766471352100007,0.1370912693361,0.136324797984,2021.13443706616,2021.13520353751,720
24,26,Nassau,Nassau,0.06036143977,0.137557911954,0.077196472184,2021.07530874036,2021.13567018013,720
30,14,Kings,Richmond,0.002275262606,0.13860006059,0.136324797984,2021.13443706616,2021.13671232877,720
18,1,Kings,Kings,0.000252563292400004,0.1466000605924,0.1463474973,2021.14445976548,2021.14471232877,720
26,27,Nassau,Nassau,0.01403712846,0.151595040414,0.137557911954,2021.13567018013,2021.14970730859,720
27,10,Nassau,Kings,0.003005020178,0.154600060592,0.151595040414,2021.14970730859,2021.15271232877,720
24,25,Nassau,Nassau,0.08267898765,0.159875459834,0.077196472184,2021.07530874036,2021.15798772801,720
31,15,Kings,Kings,0.02350879125,0.1606000605861,0.1370912693361,2021.13520353751,2021.15871232876,720
31,16,Kings,Kings,0.02350879125,0.1606000605861,0.1370912693361,2021.13520353751,2021.15871232876,720
18,2,Kings,Kings,0.01425256329,0.16060006059,0.1463474973,2021.14445976548,2021.15871232877,720
25,8,Nassau,Nassau,0.008724600758,0.168600060592,0.159875459834,2021.15798772801,2021.16671232877,720
27,28,Nassau,Nassau,0.02717649844,0.178771538854,0.151595040414,2021.14970730859,2021.17688380703,720
26,9,Nassau,Nassau,0.05004214864,0.187600060594,0.137557911954,2021.13567018013,2021.18571232877,720
25,7,Nassau,Nassau,0.03072460076,0.190600060594,0.159875459834,2021.15798772801,2021.18871232877,720
22,6,Nassau,Nassau,0.1421129544,0.209600060634,0.067487106234,2021.06559937441,2021.20771232881,720
28,12,Nassau,Suffolk,0.05882852174,0.237600060594,0.178771538854,2021.17688380703,2021.23571232877,720
29,13,Queens,Queens,0.1796601558,0.242600060614,0.062939904814,2021.06105217299,2021.24071232879,720
28,11,Nassau,Nassau,0.06982852174,0.248600060594,0.178771538854,2021.17688380703,2021.24671232877,720
22,23,Nassau,Queens,0.2045640783,0.272051184534,0.067487106234,2021.06559937441,2021.27016345271,720
23,4,Queens,Queens,0.00654887605799997,0.278600060592,0.272051184534,2021.27016345271,2021.27671232877,720
23,5,Queens,Queens,0.00654887605799997,0.278600060592,0.272051184534,2021.27016345271,2021.27671232877,720
5,6,Queens,Queens,0.003737785732,0.003737785732,0,2021.17089744856,2021.17463523429,721
6,7,Queens,Queens,0.03503690165,0.038774687382,0.003737785732,2021.17463523429,2021.20967213594,721
7,2,Queens,Queens,0.00921827503600001,0.047992962418,0.038774687382,2021.20967213594,2021.21889041098,721
6,1,Queens,NewYork,0.05025517669,0.053992962422,0.003737785732,2021.17463523429,2021.22489041098,721
7,3,Queens,Nassau,0.04221827504,0.080992962422,0.038774687382,2021.20967213594,2021.25189041098,721
5,4,Queens,Queens,0.1249929624,0.1249929624,0,2021.17089744856,2021.29589041096,721
5,6,Westchester,Westchester,0.09804043476,0.09804043476,0,2021.06200335877,2021.16004379353,724
5,4,Westchester,Queens,0.02577746315,0.02577746315,0,2021.06200335877,2021.08778082192,724
6,7,Westchester,Westchester,0.001722512254,0.099762947014,0.09804043476,2021.16004379353,2021.16176630578,724
6,1,Westchester,Westchester,0.001737028393,0.099777463153,0.09804043476,2021.16004379353,2021.16178082192,724
7,3,Westchester,Westchester,0.01601451614,0.115777463154,0.099762947014,2021.16176630578,2021.17778082192,724
7,2,Westchester,Westchester,0.03001451614,0.129777463154,0.099762947014,2021.16176630578,2021.19178082192,724
4,1,Suffolk,Suffolk,0.008013970807,0.008013970807,0,2020.99468465933,2021.00269863014,73
4,5,Suffolk,Suffolk,0.000977264907300001,0.000977264907300001,0,2020.99468465933,2020.99566192424,73
5,3,Suffolk,Nassau,0.0120367059,0.0130139708073,0.000977264907300001,2020.99566192424,2021.00769863014,73
5,2,Suffolk,Suffolk,0.0180367059,0.0190139708073,0.000977264907300001,2020.99566192424,2021.01369863014,73
6,1,Nassau,Kings,0.1122818732,0.1122818732,0,2021.44114278433,2021.55342465753,731
6,7,Nassau,Nassau,0.001371234527,0.001371234527,0,2021.44114278433,2021.44251401886,731
7,8,Nassau,Nassau,0.01800284208,0.019374076607,0.001371234527,2021.44251401886,2021.46051686094,731
8,9,Nassau,Queens,0.01497791043,0.034351987037,0.019374076607,2021.46051686094,2021.47549477137,731
9,4,Queens,Queens,0.01292988614,0.047281873177,0.034351987037,2021.47549477137,2021.48842465751,731
7,2,Nassau,Nassau,0.04791063865,0.049281873177,0.001371234527,2021.44251401886,2021.49042465751,731
8,3,Nassau,Nassau,0.02990779657,0.049281873177,0.019374076607,2021.46051686094,2021.49042465751,731
9,5,Queens,Queens,0.02092988614,0.055281873177,0.034351987037,2021.47549477137,2021.49642465751,731
5,1,NewYork,Kings,0.02293782291,0.02293782291,0,2021.13926765655,2021.16220547946,732
5,6,NewYork,NewYork,0.02324511729,0.02324511729,0,2021.13926765655,2021.16251277384,732
6,7,NewYork,Bronx,0.01360995231,0.0368550696,0.02324511729,2021.16251277384,2021.17612272615,732
7,2,Bronx,Bronx,0.00208275331399999,0.038937822914,0.0368550696,2021.17612272615,2021.17820547946,732
6,4,NewYork,Richmond,0.02969270562,0.05293782291,0.02324511729,2021.16251277384,2021.19220547946,732
7,3,Bronx,Kings,0.1690827533,0.2059378229,0.0368550696,2021.17612272615,2021.34520547945,732
8,9,Bronx,Kings,0.1891575676,0.1891575676,0,2021.06402475089,2021.25318231849,734
8,10,Bronx,Bronx,0.01117984194,0.01117984194,0,2021.06402475089,2021.07520459283,734
10,11,Bronx,Bronx,0.03079032442,0.04197016636,0.01117984194,2021.07520459283,2021.10599491725,734
11,12,Bronx,Bronx,0.01432464262,0.05629480898,0.04197016636,2021.10599491725,2021.12031955987,734
12,5,Bronx,Bronx,0.00572153605800002,0.062016345038,0.05629480898,2021.12031955987,2021.12604109593,734
12,13,Bronx,NewYork,0.01825241902,0.074547228,0.05629480898,2021.12031955987,2021.13857197889,734
13,7,NewYork,Suffolk,0.05346911704,0.12801634504,0.074547228,2021.13857197889,2021.19204109593,734
11,4,Bronx,Kings,0.1190461787,0.16101634506,0.04197016636,2021.10599491725,2021.22504109595,734
9,1,Kings,Kings,0.00685877743900001,0.196016345039,0.1891575676,2021.25318231849,2021.26004109593,734
9,2,Kings,Kings,0.01785877744,0.20701634504,0.1891575676,2021.25318231849,2021.27104109593,734
10,3,Bronx,Bronx,0.1988365031,0.21001634504,0.01117984194,2021.07520459283,2021.27404109593,734
13,6,NewYork,Westchester,0.250469117,0.325016345,0.074547228,2021.13857197889,2021.38904109589,734
4,1,Westchester,Westchester,0.04503993861,0.04503993861,0,2021.10038471892,2021.14542465753,744
4,5,Westchester,Westchester,0.04796251909,0.04796251909,0,2021.10038471892,2021.14834723801,744
5,2,Westchester,Westchester,0.005077419518,0.053039938608,0.04796251909,2021.14834723801,2021.15342465753,744
5,3,Westchester,Westchester,0.005077419518,0.053039938608,0.04796251909,2021.14834723801,2021.15342465753,744
4,1,Kings,Queens,0.1080394474,0.1080394474,0,2021.15163178549,2021.25967123289,767
4,5,Kings,Kings,0.00562662709,0.00562662709,0,2021.15163178549,2021.15725841258,767
5,3,Kings,Kings,0.06741282031,0.0730394474,0.00562662709,2021.15725841258,2021.22467123289,767
5,2,Kings,Queens,0.1304128203,0.13603944739,0.00562662709,2021.15725841258,2021.28767123288,767
33,1,Queens,NewYork,0.113361578,0.113361578,0,2021.01536444939,2021.12872602739,78
33,34,Queens,Queens,0.02758709286,0.02758709286,0,2021.01536444939,2021.04295154225,78
34,35,Queens,Queens,0.00545516709400001,0.033042259954,0.02758709286,2021.04295154225,2021.04840670934,78
35,37,Queens,Queens,0.03409226925,0.067134529204,0.033042259954,2021.04840670934,2021.08249897859,78
37,55,Queens,Queens,0.00547923959000002,0.072613768794,0.067134529204,2021.08249897859,2021.08797821818,78
37,38,Queens,Queens,0.0132724008,0.080406930004,0.067134529204,2021.08249897859,2021.09577137939,78
38,39,Queens,Queens,7.79205640600023e-05,0.08048485056806,0.080406930004,2021.09577137939,2021.09584929996,78
35,36,Queens,Queens,0.05320719931,0.086249459264,0.033042259954,2021.04840670934,2021.10161390865,78
39,40,Queens,Queens,0.007142553932,0.08762740450006,0.08048485056806,2021.09584929996,2021.10299185389,78
40,41,Queens,Queens,0.001573206952,0.08920061145206,0.08762740450006,2021.10299185389,2021.10456506084,78
55,56,Queens,NewYork,0.02823033896,0.100844107754,0.072613768794,2021.08797821818,2021.11620855714,78
41,43,Queens,Queens,0.02581085041,0.11501146186206,0.08920061145206,2021.10456506084,2021.13037591125,78
43,44,Queens,Queens,0.001632706826,0.11664416868806,0.11501146186206,2021.13037591125,2021.13200861808,78
41,42,Queens,Queens,0.03018482494,0.11938543639206,0.08920061145206,2021.10456506084,2021.13474988578,78
55,63,Queens,Queens,0.04827215673,0.120885925524,0.072613768794,2021.08797821818,2021.13625037491,78
56,57,NewYork,Nassau,0.0251366826,0.125980790354,0.100844107754,2021.11620855714,2021.14134523974,78
36,3,Queens,Queens,0.04311211871,0.129361577974,0.086249459264,2021.10161390865,2021.14472602736,78
57,58,Nassau,Nassau,0.004588963976,0.13056975433,0.125980790354,2021.14134523974,2021.14593420372,78
44,45,Queens,Queens,0.01896156099,0.13560572967806,0.11664416868806,2021.13200861808,2021.15097017907,78
45,46,Queens,Queens,0.001073053229,0.13667878290706,0.13560572967806,2021.15097017907,2021.1520432323,78
46,47,Queens,Queens,0.0008671038352,0.13754588674226,0.13667878290706,2021.1520432323,2021.15291033613,78
36,4,Queens,Queens,0.05711211871,0.143361577974,0.086249459264,2021.10161390865,2021.15872602736,78
47,49,Queens,Queens,0.006271140668,0.14381702741026,0.13754588674226,2021.15291033613,2021.1591814768,78
49,50,Queens,Queens,0.000912128970499998,0.14472915638076,0.14381702741026,2021.1591814768,2021.16009360577,78
50,51,Queens,Queens,0.005185854952,0.14991501133276,0.14472915638076,2021.16009360577,2021.16527946072,78
58,59,Nassau,Nassau,0.02226070454,0.15283045887,0.13056975433,2021.14593420372,2021.16819490826,78
51,52,Queens,Queens,0.00521623115,0.15513124248276,0.14991501133276,2021.16527946072,2021.17049569187,78
47,48,Queens,Queens,0.0337887224,0.17133460914226,0.13754588674226,2021.15291033613,2021.18669905853,78
48,14,Queens,NewYork,0.005026968824,0.17636157796626,0.17133460914226,2021.18669905853,2021.19172602736,78
48,15,Queens,Queens,0.008026968824,0.17936157796626,0.17133460914226,2021.18669905853,2021.19472602736,78
42,8,Queens,Queens,0.05997614158,0.17936157797206,0.11938543639206,2021.13474988578,2021.19472602736,78
38,5,Queens,Kings,0.09895464797,0.179361577974,0.080406930004,2021.09577137939,2021.19472602736,78
63,32,Queens,Kings,0.05847565245,0.179361577974,0.120885925524,2021.13625037491,2021.19472602736,78
42,9,Queens,Queens,0.06497614158,0.18436157797206,0.11938543639206,2021.13474988578,2021.19972602736,78
59,60,Nassau,Queens,0.03256793048,0.18539838935,0.15283045887,2021.16819490826,2021.20076283874,78
52,18,Queens,Queens,0.03223033548,0.18736157796276,0.15513124248276,2021.17049569187,2021.20272602735,78
52,19,Queens,Queens,0.03223033548,0.18736157796276,0.15513124248276,2021.17049569187,2021.20272602735,78
58,25,Nassau,Westchester,0.05879182364,0.18936157797,0.13056975433,2021.14593420372,2021.20472602736,78
60,61,Queens,Queens,0.009146197129,0.194544586479,0.18539838935,2021.20076283874,2021.20990903587,78
61,28,Queens,Queens,0.000816991492000013,0.195361577971,0.194544586479,2021.20990903587,2021.21072602736,78
61,62,Queens,Nassau,0.007282948091,0.20182753457,0.194544586479,2021.20990903587,2021.21719198396,78
40,7,Queens,Queens,0.1157341735,0.20336157800006,0.08762740450006,2021.10299185389,2021.21872602739,78
59,26,Nassau,Suffolk,0.0535311191,0.20636157797,0.15283045887,2021.16819490826,2021.22172602736,78
62,29,Nassau,Nassau,0.007534043401,0.209361577971,0.20182753457,2021.21719198396,2021.22472602736,78
51,53,Queens,Queens,0.0630971637,0.21301217503276,0.14991501133276,2021.16527946072,2021.22837662442,78
62,30,Nassau,NewYork,0.0205340434,0.22236157797,0.20182753457,2021.21719198396,2021.23772602736,78
53,54,Queens,Queens,0.01123034725,0.22424252228276,0.21301217503276,2021.22837662442,2021.23960697167,78
56,23,NewYork,Bronx,0.1245174702,0.225361577954,0.100844107754,2021.11620855714,2021.24072602734,78
45,12,Queens,Bronx,0.08975584829,0.22536157796806,0.13560572967806,2021.15097017907,2021.24072602736,78
53,20,Queens,NewYork,0.01534940293,0.22836157796276,0.21301217503276,2021.22837662442,2021.24372602735,78
46,13,Queens,Queens,0.09168279506,0.22836157796706,0.13667878290706,2021.1520432323,2021.24372602736,78
54,21,Queens,Queens,0.00711905568400001,0.23136157796676,0.22424252228276,2021.23960697167,2021.24672602736,78
39,6,Queens,NewYork,0.1528767274,0.23336157796806,0.08048485056806,2021.09584929996,2021.24872602736,78
60,27,Queens,Kings,0.06496318862,0.25036157797,0.18539838935,2021.20076283874,2021.26572602736,78
54,22,Queens,NewYork,0.02811905568,0.25236157796276,0.22424252228276,2021.23960697167,2021.26772602735,78
44,11,Queens,Kings,0.1357174093,0.25236157798806,0.11664416868806,2021.13200861808,2021.26772602738,78
50,17,Queens,Kings,0.1186324216,0.26336157798076,0.14472915638076,2021.16009360577,2021.27872602737,78
43,10,Queens,NewYork,0.1573501161,0.27236157796206,0.11501146186206,2021.13037591125,2021.28772602735,78
63,31,Queens,Bronx,0.1674756524,0.288361577924,0.120885925524,2021.13625037491,2021.30372602731,78
34,2,Queens,Kings,0.2607744851,0.28836157796,0.02758709286,2021.04295154225,2021.30372602735,78
57,24,Nassau,Nassau,0.1813807876,0.307361577954,0.125980790354,2021.14134523974,2021.32272602734,78
49,16,Queens,Nassau,0.1805445506,0.32436157801026,0.14381702741026,2021.1591814768,2021.3397260274,78
7,1,NewYork,NewYork,0.1027510956,0.1027510956,0,2021.00156397286,2021.10431506846,785
7,8,NewYork,NewYork,0.00621911274100001,0.00621911274100001,0,2021.00156397286,2021.0077830856,785
8,9,NewYork,Bronx,0.05431204997,0.060531162711,0.00621911274100001,2021.0077830856,2021.06209513557,785
9,10,Bronx,Bronx,0.02692328023,0.087454442941,0.060531162711,2021.06209513557,2021.0890184158,785
8,6,NewYork,Westchester,0.08253198289,0.088751095631,0.00621911274100001,2021.0077830856,2021.09031506849,785
10,2,Bronx,Bronx,0.01229665269,0.099751095631,0.087454442941,2021.0890184158,2021.10131506849,785
10,3,Bronx,Bronx,0.01529665269,0.102751095631,0.087454442941,2021.0890184158,2021.10431506849,785
9,11,Bronx,NewYork,0.1149189155,0.175450078211,0.060531162711,2021.06209513557,2021.17701405107,785
11,4,NewYork,Bronx,0.01530101742,0.190751095631,0.175450078211,2021.17701405107,2021.19231506849,785
11,5,NewYork,NewYork,0.07230101742,0.247751095631,0.175450078211,2021.17701405107,2021.24931506849,785
109,110,Nassau,Nassau,0.03996442614,0.03996442614,0,2020.88619607177,2020.92616049791,9
109,208,Nassau,Nassau,0.01668309313,0.01668309313,0,2020.88619607177,2020.9028791649,9
110,111,Nassau,Nassau,0.00158785621300006,0.041552282353,0.03996442614,2020.92616049791,2020.92774835412,9
111,138,Nassau,Nassau,0.00295211367999998,0.044504396033,0.041552282353,2020.92774835412,2020.9307004678,9
111,112,Nassau,Nassau,0.00810962184399999,0.049661904197,0.041552282353,2020.92774835412,2020.93585797596,9
138,140,Nassau,Nassau,0.01774861834,0.062253014373,0.044504396033,2020.9307004678,2020.94844908614,9
140,141,Nassau,Nassau,0.00175339194699997,0.06400640632,0.062253014373,2020.94844908614,2020.95020247809,9
112,113,Nassau,Nassau,0.02104421167,0.070706115867,0.049661904197,2020.93585797596,2020.95690218763,9
141,148,Nassau,Queens,0.00820816921200002,0.072214575532,0.06400640632,2020.95020247809,2020.9584106473,9
148,149,Queens,Queens,0.00322456006499999,0.075439135597,0.072214575532,2020.9584106473,2020.96163520736,9
208,209,Nassau,Nassau,0.0587891142599999,0.07547220739,0.01668309313,2020.9028791649,2020.96166827916,9
141,142,Nassau,Nassau,0.0299075674,0.09391397372,0.06400640632,2020.95020247809,2020.98011004549,9
142,143,Nassau,Nassau,0.00523541126800003,0.099149384988,0.09391397372,2020.98011004549,2020.98534545676,9
149,151,Queens,Queens,0.02382839276,0.099267528357,0.075439135597,2020.96163520736,2020.98546360012,9
209,100,Nassau,Nassau,0.02446870714,0.09994091453,0.07547220739,2020.96166827916,2020.9861369863,9
209,210,Nassau,Suffolk,0.02529499633,0.10076720372,0.07547220739,2020.96166827916,2020.98696327549,9
113,120,Nassau,Nassau,0.03758111709,0.108287232957,0.070706115867,2020.95690218763,2020.99448330472,9
151,154,Queens,Queens,0.00916739381599996,0.108434922173,0.099267528357,2020.98546360012,2020.99463099394,9
154,156,Queens,Queens,0.000346482291700034,0.1087814044647,0.108434922173,2020.99463099394,2020.99497747623,9
149,150,Queens,Queens,0.03635798729,0.111797122887,0.075439135597,2020.96163520736,2020.99799319465,9
120,122,Nassau,Nassau,0.006815901974,0.115103134931,0.108287232957,2020.99448330472,2021.0012992067,9
156,157,Queens,Queens,0.007700007555,0.1164814120197,0.1087814044647,2020.99497747623,2021.00267748379,9
113,114,Nassau,Nassau,0.04936720218,0.120073318047,0.070706115867,2020.95690218763,2021.00626938981,9
208,211,Nassau,Nassau,0.1071337233,0.12381681643,0.01668309313,2020.9028791649,2021.0100128882,9
210,101,Suffolk,Suffolk,0.02917371081,0.12994091453,0.10076720372,2020.98696327549,2021.0161369863,9
211,103,Nassau,Nassau,0.00612409810300002,0.129940914533,0.12381681643,2021.0100128882,2021.0161369863,9
157,173,Queens,Queens,0.01561026904,0.1320916810597,0.1164814120197,2021.00267748379,2021.01828775283,9
148,195,Queens,Queens,0.06491980395,0.137134379482,0.072214575532,2020.9584106473,2021.02333045125,9
195,196,Queens,Queens,0.00027404209789994,0.1374084215799,0.137134379482,2021.02333045125,2021.02360449335,9
122,123,Nassau,Nassau,0.02311393995,0.138217074881,0.115103134931,2021.0012992067,2021.02441314665,9
151,152,Queens,Queens,0.04013800242,0.139405530777,0.099267528357,2020.98546360012,2021.02560160254,9
195,203,Queens,Queens,0.00510664507399994,0.142241024556,0.137134379482,2021.02333045125,2021.02843709632,9
210,102,Suffolk,Suffolk,0.04317371081,0.14394091453,0.10076720372,2020.98696327549,2021.0301369863,9
152,153,Queens,Queens,0.01272355789,0.152129088667,0.139405530777,2021.02560160254,2021.03832516043,9
154,155,Queens,Queens,0.04977016329,0.158205085463,0.108434922173,2020.99463099394,2021.04440115723,9
196,197,Queens,Queens,0.0236824876,0.1610909091799,0.1374084215799,2021.02360449335,2021.04728698095,9
197,199,Queens,Queens,0.00142147784500002,0.1625123870249,0.1610909091799,2021.04728698095,2021.04870845879,9
173,175,Queens,Queens,0.03061328732,0.1627049683797,0.1320916810597,2021.01828775283,2021.04890104015,9
157,158,Queens,NewYork,0.04856866325,0.1650500752697,0.1164814120197,2021.00267748379,2021.05124614704,9
143,144,Nassau,Nassau,0.06655050022,0.165699885208,0.099149384988,2020.98534545676,2021.05189595698,9
175,178,Queens,NewYork,0.00365083325400001,0.1663558016337,0.1627049683797,2021.04890104015,2021.0525518734,9
144,145,Nassau,Nassau,0.00179752969999997,0.167497414908,0.165699885208,2021.05189595698,2021.05369348668,9
211,212,Nassau,Nassau,0.0446469549,0.16846377133,0.12381681643,2021.0100128882,2021.0546598431,9
178,180,NewYork,NewYork,0.00409913218199998,0.1704549338157,0.1663558016337,2021.0525518734,2021.05665100558,9
178,179,NewYork,NewYork,0.005446432068,0.1718022337017,0.1663558016337,2021.0525518734,2021.05799830547,9
158,162,NewYork,NewYork,0.00901431853200002,0.1740643938017,0.1650500752697,2021.05124614704,2021.06026046557,9
212,213,Nassau,Nassau,0.00702590991200003,0.175489681242,0.16846377133,2021.0546598431,2021.06168575301,9
213,214,Nassau,Nassau,0.00116470652099998,0.176654387763,0.175489681242,2021.06168575301,2021.06285045953,9
123,124,Nassau,Nassau,0.03971380429,0.177930879171,0.138217074881,2021.02441314665,2021.06412695094,9
180,181,NewYork,NewYork,0.00757645613200003,0.1780313899477,0.1704549338157,2021.05665100558,2021.06422746171,9
181,182,NewYork,NewYork,0.000328334924700024,0.1783597248724,0.1780313899477,2021.06422746171,2021.06455579664,9
124,127,Nassau,Nassau,0.00260676647899999,0.18053764565,0.177930879171,2021.06412695094,2021.06673371742,9
120,121,Nassau,Nassau,0.07506447274,0.183351705697,0.108287232957,2020.99448330472,2021.06954777746,9
121,10,Nassau,Nassau,0.001589208841,0.184940914538,0.183351705697,2021.06954777746,2021.07113698631,9
127,130,Nassau,Nassau,0.01528414141,0.19582178706,0.18053764565,2021.06673371742,2021.08201785883,9
162,163,NewYork,NewYork,0.02571560441,0.1997799982117,0.1740643938017,2021.06026046557,2021.08597606998,9
182,185,NewYork,NewYork,0.02181491092,0.2001746357924,0.1783597248724,2021.06455579664,2021.08637070756,9
185,190,NewYork,NewYork,0.001190635582,0.2013652713744,0.2001746357924,2021.08637070756,2021.08756134314,9
150,38,Queens,NewYork,0.09014379164,0.201940914527,0.111797122887,2020.99799319465,2021.08813698629,9
162,167,NewYork,NewYork,0.02911365436,0.2031780481617,0.1740643938017,2021.06026046557,2021.08937411993,9
114,115,Nassau,Nassau,0.08365333701,0.203726655057,0.120073318047,2021.00626938981,2021.08992272682,9
212,108,Nassau,NewYork,0.0354771432,0.20394091453,0.16846377133,2021.0546598431,2021.0901369863,9
155,43,Queens,Queens,0.04573582907,0.203940914533,0.158205085463,2021.04440115723,2021.0901369863,9
143,32,Nassau,Queens,0.1077915295,0.206940914488,0.099149384988,2020.98534545676,2021.09313698626,9
127,128,Nassau,Nassau,0.02698700324,0.20752464889,0.18053764565,2021.06673371742,2021.09372072066,9
185,186,NewYork,NewYork,0.00917685984299998,0.2093514956354,0.2001746357924,2021.08637070756,2021.0955475674,9
186,74,NewYork,NewYork,0.000589418891400018,0.2099409145268,0.2093514956354,2021.0955475674,2021.09613698629,9
144,33,Nassau,Nassau,0.04424102932,0.209940914528,0.165699885208,2021.05189595698,2021.0961369863,9
197,198,Queens,Queens,0.05168927981,0.2127801889899,0.1610909091799,2021.04728698095,2021.09897626076,9
142,31,Nassau,Richmond,0.1190269408,0.21294091452,0.09391397372,2020.98011004549,2021.09913698629,9
128,129,Nassau,Richmond,0.00685782800799994,0.214382476898,0.20752464889,2021.09372072066,2021.10057854867,9
190,191,NewYork,NewYork,0.0134552034,0.2148204747744,0.2013652713744,2021.08756134314,2021.10101654654,9
115,116,Nassau,Nassau,0.01110585356,0.214832508617,0.203726655057,2021.08992272682,2021.10102858038,9
190,79,NewYork,NewYork,0.01357564315,0.2149409145244,0.2013652713744,2021.08756134314,2021.10113698629,9
191,194,NewYork,NewYork,0.000596116004299985,0.2154165907787,0.2148204747744,2021.10101654654,2021.10161266255,9
191,192,NewYork,NewYork,0.001567002692,0.2163874774664,0.2148204747744,2021.10101654654,2021.10258354923,9
167,168,NewYork,NewYork,0.01456665896,0.2177447071217,0.2031780481617,2021.08937411993,2021.10394077889,9
196,85,Queens,NewYork,0.08053249295,0.2179409145299,0.1374084215799,2021.02360449335,2021.1041369863,9
167,55,NewYork,NewYork,0.01476286637,0.2179409145317,0.2031780481617,2021.08937411993,2021.1041369863,9
168,56,NewYork,NewYork,0.000196207413899974,0.2179409145356,0.2177447071217,2021.10394077889,2021.1041369863,9
199,200,Queens,Queens,0.05597087399,0.2184832610149,0.1625123870249,2021.04870845879,2021.10467933278,9
145,146,Nassau,Nassau,0.05237142767,0.219868842578,0.167497414908,2021.05369348668,2021.10606491435,9
110,99,Nassau,NewYork,0.1809764884,0.22094091454,0.03996442614,2020.92616049791,2021.10713698631,9
116,117,Nassau,Nassau,0.007573037379,0.222405545996,0.214832508617,2021.10102858038,2021.10860161776,9
192,80,NewYork,NewYork,0.00755343706,0.2239409145264,0.2163874774664,2021.10258354923,2021.11013698629,9
200,89,Queens,Bronx,0.00745765351299998,0.2259409145279,0.2184832610149,2021.10467933278,2021.11213698629,9
194,83,NewYork,NewYork,0.01052432375,0.2259409145287,0.2154165907787,2021.10161266255,2021.1121369863,9
121,9,Nassau,Queens,0.04258920884,0.225940914537,0.183351705697,2021.06954777746,2021.1121369863,9
163,164,NewYork,NewYork,0.02650038935,0.2262803875617,0.1997799982117,2021.08597606998,2021.11247645933,9
194,84,NewYork,NewYork,0.01352432375,0.2289409145287,0.2154165907787,2021.10161266255,2021.1151369863,9
156,45,Queens,Queens,0.1201595101,0.2289409145647,0.1087814044647,2020.99497747623,2021.11513698633,9
158,159,NewYork,NewYork,0.06504837488,0.2300984501497,0.1650500752697,2021.05124614704,2021.11629452192,9
146,34,Nassau,Nassau,0.01207207195,0.231940914528,0.219868842578,2021.10606491435,2021.1181369863,9
129,15,Richmond,Richmond,0.01755843764,0.231940914538,0.214382476898,2021.10057854867,2021.11813698631,9
129,16,Richmond,Richmond,0.01755843764,0.231940914538,0.214382476898,2021.10057854867,2021.11813698631,9
122,11,Nassau,Nassau,0.1198377796,0.234940914531,0.115103134931,2021.0012992067,2021.1211369863,9
130,131,Nassau,Nassau,0.04353324472,0.23935503178,0.19582178706,2021.08201785883,2021.12555110355,9
124,125,Nassau,Queens,0.06548277936,0.243413658531,0.177930879171,2021.06412695094,2021.1296097303,9
173,174,Queens,Queens,0.1138463293,0.2459380103597,0.1320916810597,2021.01828775283,2021.13213408213,9
130,18,Nassau,Queens,0.05011912748,0.24594091454,0.19582178706,2021.08201785883,2021.13213698631,9
192,193,NewYork,Kings,0.0300294344,0.2464169118664,0.2163874774664,2021.10258354923,2021.13261298363,9
131,132,Nassau,Nassau,0.00888911076500004,0.248244142545,0.23935503178,2021.12555110355,2021.13444021431,9
168,169,NewYork,NewYork,0.03051438726,0.2482590943817,0.2177447071217,2021.10394077889,2021.13445516615,9
169,170,NewYork,NewYork,3.98275240699464e-05,0.24829892190577,0.2482590943817,2021.13445516615,2021.13449499367,9
203,204,Queens,Kings,0.1065693433,0.248810367856,0.142241024556,2021.02843709632,2021.13500643962,9
182,183,NewYork,Westchester,0.0712476411,0.2496073659724,0.1783597248724,2021.06455579664,2021.13580343774,9
180,69,NewYork,Bronx,0.08348598071,0.2539409145257,0.1704549338157,2021.05665100558,2021.14013698629,9
153,41,Queens,Bronx,0.1018118259,0.253940914567,0.152129088667,2021.03832516043,2021.14013698633,9
164,166,NewYork,NewYork,0.02781839215,0.2540987797117,0.2262803875617,2021.11247645933,2021.14029485148,9
199,88,Queens,Queens,0.0934285275,0.2559409145249,0.1625123870249,2021.04870845879,2021.14213698629,9
213,107,Nassau,Westchester,0.08045123329,0.255940914532,0.175489681242,2021.06168575301,2021.1421369863,9
123,133,Nassau,Nassau,0.1200087959,0.258225870781,0.138217074881,2021.02441314665,2021.14442194255,9
214,106,Nassau,Nassau,0.08228652677,0.258940914533,0.176654387763,2021.06285045953,2021.1451369863,9
214,215,Nassau,Nassau,0.08626994977,0.262924337533,0.176654387763,2021.06285045953,2021.1491204093,9
174,62,Queens,Queens,0.02100290417,0.2669409145297,0.2459380103597,2021.13213408213,2021.1531369863,9
174,63,Queens,Queens,0.02100290417,0.2669409145297,0.2459380103597,2021.13213408213,2021.1531369863,9
183,184,Westchester,Westchester,0.01802571244,0.2676330784124,0.2496073659724,2021.13580343774,2021.15382915018,9
145,147,Nassau,Queens,0.101537038,0.269034452908,0.167497414908,2021.05369348668,2021.15523052468,9
170,58,NewYork,Richmond,0.02764199263,0.27594091453577,0.24829892190577,2021.13449499367,2021.1621369863,9
186,187,NewYork,Kings,0.07109108467,0.2804425803054,0.2093514956354,2021.0955475674,2021.16663865207,9
117,118,Nassau,Nassau,0.05838639984,0.280791945836,0.222405545996,2021.10860161776,2021.1669880176,9
146,35,Nassau,Queens,0.06407207195,0.283940914528,0.219868842578,2021.10606491435,2021.1701369863,9
170,171,NewYork,NewYork,0.03776133714,0.28606025904577,0.24829892190577,2021.13449499367,2021.17225633081,9
118,119,Nassau,Nassau,0.01103675374,0.291828699576,0.280791945836,2021.1669880176,2021.17802477134,9
159,160,NewYork,NewYork,0.06278423795,0.2928826880997,0.2300984501497,2021.11629452192,2021.17907875987,9
203,207,Queens,NewYork,0.1536148288,0.295855853356,0.142241024556,2021.02843709632,2021.18205192512,9
116,7,Nassau,Nassau,0.08310840592,0.297940914537,0.214832508617,2021.10102858038,2021.1841369863,9
133,134,Nassau,Nassau,0.04031504217,0.298540912951,0.258225870781,2021.14442194255,2021.18473698472,9
119,5,Nassau,Nassau,0.00811221495699999,0.299940914533,0.291828699576,2021.17802477134,2021.1861369863,9
187,188,Kings,NewYork,0.02011145578,0.3005540360854,0.2804425803054,2021.16663865207,2021.18675010785,9
204,205,Kings,Kings,0.05214422231,0.300954590166,0.248810367856,2021.13500643962,2021.18715066193,9
187,78,Kings,Kings,0.02249833422,0.3029409145254,0.2804425803054,2021.16663865207,2021.18913698629,9
188,75,NewYork,NewYork,0.002386878441,0.3029409145264,0.3005540360854,2021.18675010785,2021.18913698629,9
184,72,Westchester,Queens,0.03530783612,0.3029409145324,0.2676330784124,2021.15382915018,2021.1891369863,9
200,201,Queens,Queens,0.084973501,0.3034567620149,0.2184832610149,2021.10467933278,2021.18965283378,9
188,189,NewYork,NewYork,0.00444906276599999,0.3050030988514,0.3005540360854,2021.18675010785,2021.19119917062,9
215,104,Nassau,Nassau,0.043016577,0.305940914533,0.262924337533,2021.1491204093,2021.1921369863,9
171,59,NewYork,Richmond,0.01988065549,0.30594091453577,0.28606025904577,2021.17225633081,2021.1921369863,9
175,176,Queens,Kings,0.1443025366,0.3070075049797,0.1627049683797,2021.04890104015,2021.19320357675,9
201,90,Queens,Queens,0.005484152513,0.3089409145279,0.3034567620149,2021.18965283378,2021.19513698629,9
205,206,Kings,Kings,0.00923174178800001,0.310186331954,0.300954590166,2021.18715066193,2021.19638240372,9
171,172,NewYork,NewYork,0.02418425992,0.31024451896577,0.28606025904577,2021.17225633081,2021.19644059073,9
189,76,NewYork,NewYork,0.00593781567500001,0.3109409145264,0.3050030988514,2021.19119917062,2021.19713698629,9
132,20,Nassau,Nassau,0.06269677199,0.310940914535,0.248244142545,2021.13444021431,2021.1971369863,9
152,40,Queens,Queens,0.1715353838,0.310940914577,0.139405530777,2021.02560160254,2021.19713698634,9
134,135,Nassau,Nassau,0.01331186313,0.311852776081,0.298540912951,2021.18473698472,2021.19804884785,9
135,136,Nassau,Nassau,0.000630057261099992,0.3124828333421,0.311852776081,2021.19804884785,2021.19867890511,9
198,86,Queens,Queens,0.1011607255,0.3139409144899,0.2127801889899,2021.09897626076,2021.20013698626,9
207,97,NewYork,NewYork,0.01808506117,0.313940914526,0.295855853356,2021.18205192512,2021.20013698629,9
189,77,NewYork,NewYork,0.00893781567500002,0.3139409145264,0.3050030988514,2021.19119917062,2021.20013698629,9
136,137,Nassau,Nassau,0.00326461881500001,0.3157474521571,0.3124828333421,2021.19867890511,2021.20194352392,9
198,87,Queens,Kings,0.1041607255,0.3169409144899,0.2127801889899,2021.09897626076,2021.20313698626,9
207,98,NewYork,NewYork,0.02108506117,0.316940914526,0.295855853356,2021.18205192512,2021.20313698629,9
215,105,Nassau,Suffolk,0.054016577,0.316940914533,0.262924337533,2021.1491204093,2021.2031369863,9
128,17,Nassau,Nassau,0.1144162656,0.32194091449,0.20752464889,2021.09372072066,2021.20813698626,9
172,60,NewYork,Nassau,0.01169639557,0.32194091453577,0.31024451896577,2021.19644059073,2021.2081369863,9
119,6,Nassau,Suffolk,0.03011221496,0.321940914536,0.291828699576,2021.17802477134,2021.2081369863,9
204,93,Kings,Queens,0.07313054669,0.321940914546,0.248810367856,2021.13500643962,2021.20813698631,9
125,126,Queens,NewYork,0.08026241264,0.323676071171,0.243413658531,2021.1296097303,2021.20987214294,9
155,44,Queens,NewYork,0.1697358291,0.327940914563,0.158205085463,2021.04440115723,2021.21413698633,9
112,1,Nassau,NewYork,0.2802790103,0.329940914497,0.049661904197,2020.93585797596,2021.21613698626,9
160,46,NewYork,NewYork,0.03705822643,0.3299409145297,0.2928826880997,2021.17907875987,2021.2161369863,9
125,12,Queens,Kings,0.08952725601,0.332940914541,0.243413658531,2021.1296097303,2021.21913698631,9
176,177,Kings,Nassau,0.0262382087,0.3332457136797,0.3070075049797,2021.19320357675,2021.21944178545,9
126,13,NewYork,NewYork,0.01226484337,0.335940914541,0.323676071171,2021.20987214294,2021.22213698631,9
183,73,Westchester,Westchester,0.08933354856,0.3389409145324,0.2496073659724,2021.13580343774,2021.2251369863,9
184,71,Westchester,Westchester,0.07130783612,0.3389409145324,0.2676330784124,2021.15382915018,2021.2251369863,9
172,61,NewYork,Westchester,0.03369639557,0.34394091453577,0.31024451896577,2021.19644059073,2021.2301369863,9
164,165,NewYork,Westchester,0.1211116335,0.3473920210617,0.2262803875617,2021.11247645933,2021.23358809283,9
137,26,Nassau,Nassau,0.03419346238,0.3499409145371,0.3157474521571,2021.20194352392,2021.2361369863,9
160,47,NewYork,Westchester,0.05905822643,0.3519409145297,0.2928826880997,2021.17907875987,2021.2381369863,9
140,30,Nassau,Nassau,0.2896879002,0.351940914573,0.062253014373,2020.94844908614,2021.23813698634,9
132,21,Nassau,NewYork,0.106696772,0.354940914545,0.248244142545,2021.13444021431,2021.24113698631,9
206,96,Kings,Kings,0.0447545826,0.354940914554,0.310186331954,2021.19638240372,2021.24113698632,9
205,94,Kings,Kings,0.05698632438,0.357940914546,0.300954590166,2021.18715066193,2021.24413698631,9
153,42,Queens,Queens,0.2058118259,0.357940914567,0.152129088667,2021.03832516043,2021.24413698633,9
147,36,Queens,Queens,0.09390646162,0.362940914528,0.269034452908,2021.15523052468,2021.2491369863,9
193,81,Kings,Queens,0.1165240027,0.3629409145664,0.2464169118664,2021.13261298363,2021.24913698633,9
159,161,NewYork,Richmond,0.1344082467,0.3645066968497,0.2300984501497,2021.11629452192,2021.25070276862,9
169,57,NewYork,NewYork,0.1176818202,0.3659409145817,0.2482590943817,2021.13445516615,2021.25213698635,9
201,202,Queens,Kings,0.07011642527,0.3735731872849,0.3034567620149,2021.18965283378,2021.25976925905,9
114,2,Nassau,Kings,0.2538675965,0.373940914547,0.120073318047,2021.00626938981,2021.26013698631,9
179,68,NewYork,Suffolk,0.2081386808,0.3799409145017,0.1718022337017,2021.05799830547,2021.26613698627,9
166,53,NewYork,Richmond,0.1258421348,0.3799409145117,0.2540987797117,2021.14029485148,2021.26613698628,9
202,91,Kings,Kings,0.006367727243,0.3799409145279,0.3735731872849,2021.25976925905,2021.2661369863,9
117,3,Nassau,Suffolk,0.1595353685,0.381940914496,0.222405545996,2021.10860161776,2021.26813698626,9
165,50,Westchester,Westchester,0.03454889347,0.3819409145317,0.3473920210617,2021.23358809283,2021.2681369863,9
165,51,Westchester,Westchester,0.03454889347,0.3819409145317,0.3473920210617,2021.23358809283,2021.2681369863,9
193,82,Kings,Suffolk,0.1445240027,0.3909409145664,0.2464169118664,2021.13261298363,2021.27713698633,9
115,8,Nassau,Kings,0.1892142595,0.392940914557,0.203726655057,2021.08992272682,2021.27913698632,9
126,14,NewYork,Queens,0.07226484337,0.395940914541,0.323676071171,2021.20987214294,2021.28213698631,9
136,24,Nassau,Queens,0.0834580812,0.3959409145421,0.3124828333421,2021.19867890511,2021.28213698631,9
131,19,Nassau,Bronx,0.1595858828,0.39894091458,0.23935503178,2021.12555110355,2021.28513698635,9
161,48,Richmond,Richmond,0.04843421772,0.4129409145697,0.3645066968497,2021.25070276862,2021.29913698634,9
150,39,Queens,Suffolk,0.3031437916,0.414940914487,0.111797122887,2020.99799319465,2021.30113698625,9
137,25,Nassau,Nassau,0.1021934624,0.4179409145571,0.3157474521571,2021.20194352392,2021.30413698632,9
202,92,Kings,Kings,0.04736772724,0.4209409145249,0.3735731872849,2021.25976925905,2021.30713698629,9
161,49,Richmond,Richmond,0.05643421772,0.4209409145697,0.3645066968497,2021.25070276862,2021.30713698634,9
134,22,Nassau,Suffolk,0.1254000016,0.423940914551,0.298540912951,2021.18473698472,2021.31013698632,9
179,67,NewYork,NewYork,0.2541386808,0.4259409145017,0.1718022337017,2021.05799830547,2021.31213698627,9
118,4,Nassau,Nassau,0.1561489687,0.436940914536,0.280791945836,2021.1669880176,2021.3231369863,9
163,54,NewYork,Richmond,0.2401609163,0.4399409145117,0.1997799982117,2021.08597606998,2021.32613698628,9
133,27,Nassau,Queens,0.1817150438,0.439940914581,0.258225870781,2021.14442194255,2021.32613698635,9
138,139,Nassau,Suffolk,0.4112672146,0.455771610633,0.044504396033,2020.9307004678,2021.3419676824,9
181,70,NewYork,Westchester,0.2809095246,0.4589409145477,0.1780313899477,2021.06422746171,2021.34513698631,9
166,52,NewYork,Bronx,0.2188421348,0.4729409145117,0.2540987797117,2021.14029485148,2021.35913698628,9
135,23,Nassau,Nassau,0.1610881385,0.472940914581,0.311852776081,2021.19804884785,2021.35913698635,9
177,66,Nassau,Nassau,0.1426952008,0.4759409144797,0.3332457136797,2021.21944178545,2021.36213698625,9
177,65,Nassau,NewYork,0.1446952008,0.4779409144797,0.3332457136797,2021.21944178545,2021.36413698625,9
139,28,Suffolk,Suffolk,0.0311693039,0.486940914533,0.455771610633,2021.3419676824,2021.3731369863,9
176,64,Kings,Kings,0.1819334095,0.4889409144797,0.3070075049797,2021.19320357675,2021.37513698625,9
206,95,Kings,Bronx,0.1957545826,0.505940914554,0.310186331954,2021.19638240372,2021.39213698632,9
147,37,Queens,Kings,0.2749064616,0.543940914508,0.269034452908,2021.15523052468,2021.43013698628,9
139,29,Suffolk,Suffolk,0.0881693039,0.543940914533,0.455771610633,2021.3419676824,2021.4301369863,9
4,5,Nassau,Nassau,0.01197656409,0.01197656409,0,2021.2143877269,2021.22636429099,93
4,3,Nassau,Nassau,0.02962597173,0.02962597173,0,2021.2143877269,2021.24401369863,93
5,1,Nassau,Nassau,0.01764940764,0.02962597173,0.01197656409,2021.22636429099,2021.24401369863,93
5,2,Nassau,Nassau,0.03664940764,0.04862597173,0.01197656409,2021.22636429099,2021.26301369863,93
6,1,Kings,Kings,0.01422702388,0.01422702388,0,2021.13667708571,2021.15090410959,99
6,7,Kings,Kings,0.003059988997,0.003059988997,0,2021.13667708571,2021.1397370747,99
7,8,Kings,Kings,0.0009726010506,0.0040325900476,0.003059988997,2021.1397370747,2021.14070967575,99
7,2,Kings,Kings,0.01316703489,0.016227023887,0.003059988997,2021.1397370747,2021.15290410959,99
8,3,Kings,Kings,0.01219443384,0.0162270238876,0.0040325900476,2021.14070967575,2021.15290410959,99
8,9,Kings,Kings,0.01274792775,0.0167805177976,0.0040325900476,2021.14070967575,2021.1534576035,99
9,4,Kings,Kings,0.005446506087,0.0222270238846,0.0167805177976,2021.1534576035,2021.15890410959,99
9,5,Kings,Kings,0.005446506087,0.0222270238846,0.0167805177976,2021.1534576035,2021.15890410959,99
