node1,node2,length,startLat,startLon,endLat,endLon,endNodeL,startNodeL,startYear,endYear,treeID
5,1,0.07625,40.7735853714804,-74.151131725444,40.7550265084461,-73.7278299001536,0.07625,0,2021.98676369863,2022.06301369863,31500000
5,6,0.00175,40.7735853714804,-74.151131725444,40.6758289845458,-73.9489245710976,0.00175,0,2021.98676369863,2021.98851369863,31500000
6,2,5e-04,40.6758289845458,-73.9489245710976,40.6657682275416,-73.9364212592733,0.00225,0.00175,2021.98851369863,2021.98901369863,31500000
6,7,0.01918,40.6758289845458,-73.9489245710976,40.5715436556316,-73.7386856912858,0.02093,0.00175,2021.98851369863,2022.00769369863,31500000
7,3,0.02232,40.5715436556316,-73.7386856912858,40.7644980692157,-73.9473973265117,0.04325,0.02093,2022.00769369863,2022.03001369863,31500000
7,4,0.000320000000000001,40.5715436556316,-73.7386856912858,40.5962315810258,-73.7765487544651,0.02125,0.02093,2022.00769369863,2022.00801369863,31500000
11,8,0.04904515853,40.6343901312695,-73.6500398374185,40.7159667416288,-73.7058414870989,0.04904515853,0,2021.96170826613,2022.01075342466,31500000
11,12,0.000705158534300004,40.6343901312695,-73.6500398374185,40.6417266988008,-73.6792472098481,0.000705158534300004,0,2021.96170826613,2021.96241342466,31500000
12,9,0.10334,40.6417266988008,-73.6792472098481,40.7414710628932,-73.975289587157,0.1040451585343,0.000705158534300004,2021.96241342466,2022.06575342466,31500000
12,10,0.10334,40.6417266988008,-73.6792472098481,40.7660312153998,-73.9539886748366,0.1040451585343,0.000705158534300004,2021.96241342466,2022.06575342466,31500000
21,22,0.00185,40.8631016896176,-73.8728797663353,40.6948515719822,-73.943423560231,0.00185,0,2021.93967273973,2021.94152273973,31500000
21,23,0.00374,40.8631016896176,-73.8728797663353,40.951310607559,-73.9782525116736,0.00374,0,2021.93967273973,2021.94341273973,31500000
22,13,7.99999999799988e-05,40.6948515719822,-73.943423560231,40.6375068670786,-73.9300881510029,0.00192999999998,0.00185,2021.94152273973,2021.94160273973,31500000
22,14,0.00608,40.6948515719822,-73.943423560231,40.6990153083703,-73.9850736694303,0.00793,0.00185,2021.94152273973,2021.94760273973,31500000
23,15,0.00419,40.951310607559,-73.9782525116736,40.832232315286,-73.9203545145336,0.00793,0.00374,2021.94341273973,2021.94760273973,31500000
23,24,0.00174,40.951310607559,-73.9782525116736,40.8080358584235,-73.7797516743797,0.00548,0.00374,2021.94341273973,2021.94515273973,31500000
24,16,0.00245,40.8080358584235,-73.7797516743797,40.6708214867702,-73.5320187008399,0.00793,0.00548,2021.94515273973,2021.94760273973,31500000
24,25,0.01644,40.8080358584235,-73.7797516743797,40.6061021241919,-73.9601992502729,0.02192,0.00548,2021.94515273973,2021.96159273973,31500000
25,17,0.00201,40.6061021241919,-73.9601992502729,40.6432288772677,-73.9462563619811,0.02393,0.02192,2021.96159273973,2021.96360273973,31500000
25,26,0.00822,40.6061021241919,-73.9601992502729,40.7784055004336,-74.1925006006604,0.03014,0.02192,2021.96159273973,2021.96981273973,31500000
26,18,0.00279,40.7784055004336,-74.1925006006604,40.6761493960587,-73.8850907253883,0.03293,0.03014,2021.96981273973,2021.97260273973,31500000
26,27,0.00185,40.7784055004336,-74.1925006006604,40.7513130336023,-74.1034707857099,0.03199,0.03014,2021.96981273973,2021.97166273973,31500000
27,19,0.0009399999999,40.7513130336023,-74.1034707857099,40.7199540497229,-73.991560685582,0.0329299999999,0.03199,2021.97166273973,2021.97260273973,31500000
27,20,0.0009399999999,40.7513130336023,-74.1034707857099,40.7979008668711,-73.9496833400381,0.0329299999999,0.03199,2021.97166273973,2021.97260273973,31500000
32,33,0.00185,40.9295829693928,-73.7790059431411,40.7954067688894,-73.5429170870941,0.00185,0,2021.9563730137,2021.9582230137,31500000
32,34,0.01281,40.9295829693928,-73.7790059431411,40.5286810709151,-73.9208939855301,0.01281,0,2021.9563730137,2021.9691830137,31500000
33,28,0.000640000000000002,40.7954067688894,-73.5429170870941,40.7161786208908,-73.6178421810424,0.00249,0.00185,2021.9582230137,2021.9588630137,31500000
33,29,0.000640000000000002,40.7954067688894,-73.5429170870941,40.7478021744171,-73.615540518566,0.00249,0.00185,2021.9582230137,2021.9588630137,31500000
34,30,0.00068,40.5286810709151,-73.9208939855301,40.7057156844572,-73.9461347287542,0.01349,0.01281,2021.9691830137,2021.9698630137,31500000
34,31,0.00068,40.5286810709151,-73.9208939855301,40.6166226007336,-73.9721645520402,0.01349,0.01281,2021.9691830137,2021.9698630137,31500000
39,35,0.1144807886,40.6880171247596,-74.0224278651564,40.7528988521804,-73.91198347797,0.1144807886,0,2021.94101236204,2022.05549315064,31500000
39,40,0.00107912984200001,40.6880171247596,-74.0224278651564,40.7001172887167,-74.0006315326009,0.00107912984200001,0,2021.94101236204,2021.94209149188,31500000
40,36,0.03940165876,40.7001172887167,-74.0006315326009,40.6832340244513,-74.0033913518638,0.040480788602,0.00107912984200001,2021.94209149188,2021.98149315064,31500000
40,41,0.1044316588,40.7001172887167,-74.0006315326009,40.7953314432423,-73.8377555983651,0.105510788642,0.00107912984200001,2021.94209149188,2022.04652315068,31500000
41,37,0.000969999999999999,40.7953314432423,-73.8377555983651,40.8267067933342,-73.8534481445781,0.106480788642,0.105510788642,2022.04652315068,2022.04749315068,31500000
41,38,0.02197,40.7953314432423,-73.8377555983651,40.8201322011262,-73.8746312503103,0.127480788642,0.105510788642,2022.04652315068,2022.06849315068,31500000
49,52,0.0137,40.6726405995916,-74.019289623598,40.6501531879203,-73.9910121077979,0.0137,0,2021.90425452054,2021.91795452054,31500000
49,50,0.03981945641,40.6726405995916,-74.019289623598,40.6328745100299,-74.0670162806846,0.03981945641,0,2021.90425452054,2021.94407397695,31500000
50,42,0.1107205436,40.6328745100299,-74.0670162806846,40.6628621225012,-73.9345158119071,0.15054000001,0.03981945641,2021.94407397695,2022.05479452055,31500000
50,51,0.00275054358499999,40.6328745100299,-74.0670162806846,40.6576531930867,-74.1219256124539,0.042569999995,0.03981945641,2021.94407397695,2021.94682452054,31500000
51,43,0.03897,40.6576531930867,-74.1219256124539,40.7633855322801,-73.9790958095256,0.081539999995,0.042569999995,2021.94682452054,2021.98579452054,31500000
51,44,0.03897,40.6576531930867,-74.1219256124539,40.5827322606868,-73.9871946000267,0.081539999995,0.042569999995,2021.94682452054,2021.98579452054,31500000
52,48,0.03284,40.6501531879203,-73.9910121077979,40.6854334516727,-73.8310790958818,0.04654,0.0137,2021.91795452054,2021.95079452054,31500000
52,53,0.05714310472,40.6501531879203,-73.9910121077979,40.8340216591648,-73.7904556394953,0.07084310472,0.0137,2021.91795452054,2021.97509762526,31500000
53,45,0.04069689528,40.8340216591648,-73.7904556394953,40.6780785789889,-73.5925388168619,0.11154,0.07084310472,2021.97509762526,2022.01579452054,31500000
53,54,0.001416895285,40.8340216591648,-73.7904556394953,40.7797456160264,-73.7538374178873,0.072260000005,0.07084310472,2021.97509762526,2021.97651452055,31500000
54,47,0.04228,40.7797456160264,-73.7538374178873,40.7457602476955,-73.9719677004026,0.114540000005,0.072260000005,2021.97651452055,2022.01879452055,31500000
54,46,0.03928,40.7797456160264,-73.7538374178873,40.7993436412924,-73.9455444952717,0.111540000005,0.072260000005,2021.97651452055,2022.01579452055,31500000
58,55,0.000230000000099997,40.7349226243215,-73.9575666291018,40.7158879610576,-73.9785699827535,0.000230000000099997,0,2021.98561931507,2021.98584931507,31500000
58,59,0.02466,40.7349226243215,-73.9575666291018,40.7031409701784,-73.9256434347567,0.02466,0,2021.98561931507,2022.01027931507,31500000
59,56,0.000569999999899998,40.7031409701784,-73.9256434347567,40.6803222565698,-73.9419015484253,0.0252299999999,0.02466,2022.01027931507,2022.01084931507,31500000
59,57,0.09657,40.7031409701784,-73.9256434347567,40.7195493281289,-73.9373667857014,0.12123,0.02466,2022.01027931507,2022.10684931507,31500000
64,65,0.006641550958,40.7269779129824,-73.5816842734422,40.6997528554169,-73.6951882094205,0.006641550958,0,2022.09173392849,2022.09837547945,31500000
64,66,0.001161550958,40.7269779129824,-73.5816842734422,40.7641630959984,-73.6142037743148,0.001161550958,0,2022.09173392849,2022.09289547945,31500000
65,60,0.04683,40.6997528554169,-73.6951882094205,40.7304627003587,-73.6598201786768,0.053471550958,0.006641550958,2022.09837547945,2022.14520547945,31500000
65,61,0.000829999999900001,40.6997528554169,-73.6951882094205,40.7186945625543,-73.7197322439058,0.0074715509579,0.006641550958,2022.09837547945,2022.09920547945,31500000
66,62,0.02831,40.7641630959984,-73.6142037743148,40.7523047560865,-73.5766691675299,0.029471550958,0.001161550958,2022.09289547945,2022.12120547945,31500000
66,63,0.000310000000099994,40.7641630959984,-73.6142037743148,40.7468778166403,-73.6561199161058,0.0014715509581,0.001161550958,2022.09289547945,2022.09320547945,31500000
70,67,0.001211258376,40.7643408345846,-73.9752543221176,40.6701454811504,-73.8756895381391,0.001211258376,0,2021.99056956354,2021.99178082192,31500000
70,71,0.0005412583764,40.7643408345846,-73.9752543221176,40.6361483059743,-73.8223445364026,0.0005412583764,0,2021.99056956354,2021.99111082192,31500000
71,68,0.0006699999999,40.6361483059743,-73.8223445364026,40.6905374714434,-73.8765329565906,0.0012112583763,0.0005412583764,2021.99111082192,2021.99178082192,31500000
71,69,0.0006699999999,40.6361483059743,-73.8223445364026,40.6410820887301,-73.8675658744065,0.0012112583763,0.0005412583764,2021.99111082192,2021.99178082192,31500000
75,72,0.000100000000099999,40.87191406712,-73.4993336810804,40.7727026952852,-73.5202771454244,0.000100000000099999,0,2022.10044794521,2022.10054794521,31500000
75,76,0.01918,40.87191406712,-73.4993336810804,40.7898071913153,-72.9893169867664,0.01918,0,2022.10044794521,2022.11962794521,31500000
76,73,0.000920000000100001,40.7898071913153,-72.9893169867664,40.8383811746864,-73.0436956758501,0.0201000000001,0.01918,2022.11962794521,2022.12054794521,31500000
76,74,0.000920000000100001,40.7898071913153,-72.9893169867664,40.8098797496135,-73.0364308457063,0.0201000000001,0.01918,2022.11962794521,2022.12054794521,31500000
80,77,0.01657314053,40.5073145147116,-73.8322674686344,40.6646094478332,-73.7290601292381,0.01657314053,0,2021.95650905125,2021.97308219178,31500000
80,81,0.002003140526,40.5073145147116,-73.8322674686344,40.6281572836573,-74.0042570917705,0.002003140526,0,2021.95650905125,2021.95851219178,31500000
81,78,0.01957,40.6281572836573,-74.0042570917705,40.646521927878,-73.937450595365,0.021573140526,0.002003140526,2021.95851219178,2021.97808219178,31500000
81,79,0.000569999999999998,40.6281572836573,-74.0042570917705,40.6529918949506,-73.9602581771656,0.002573140526,0.002003140526,2021.95851219178,2021.95908219178,31500000
85,82,0.12265,40.9869130352682,-73.9858075209294,40.7333302399599,-73.452356797439,0.12265,0,2021.94858287671,2022.07123287671,31500000
85,86,0.00459,40.9869130352682,-73.9858075209294,40.661671243474,-73.5464790791571,0.00459,0,2021.94858287671,2021.95317287671,31500000
86,83,5.99999999500028e-05,40.661671243474,-73.5464790791571,40.6660642648057,-73.5513009007282,0.00464999999995,0.00459,2021.95317287671,2021.95323287671,31500000
86,84,0.02006,40.661671243474,-73.5464790791571,40.6685472705103,-73.5313522142861,0.02465,0.00459,2021.95317287671,2021.97323287671,31500000
90,87,6e-04,40.7885281217822,-73.6312295579216,40.695336163518,-73.6088457958277,6e-04,0,2021.96966027397,2021.97026027397,31500000
90,91,0.01096,40.7885281217822,-73.6312295579216,40.6231553258607,-73.6100991035718,0.01096,0,2021.96966027397,2021.98062027397,31500000
91,88,0.01664,40.6231553258607,-73.6100991035718,40.7344049614658,-73.5520173718872,0.0276,0.01096,2021.98062027397,2021.99726027397,31500000
91,89,0.000640000000000002,40.6231553258607,-73.6100991035718,40.6517442290236,-73.5858670022716,0.0116,0.01096,2021.98062027397,2021.98126027397,31500000
95,92,0.01523,40.7266879568898,-73.6204094220171,40.7223515227933,-73.4983042275318,0.01523,0,2022.02052342466,2022.03575342466,31500000
95,96,0.04451,40.7266879568898,-73.6204094220171,40.5901527302339,-73.9447137457498,0.04451,0,2022.02052342466,2022.06503342466,31500000
96,93,0.000719999999999998,40.5901527302339,-73.9447137457498,40.6067341041926,-73.9427357395835,0.04523,0.04451,2022.06503342466,2022.06575342466,31500000
96,94,0.000719999999999998,40.5901527302339,-73.9447137457498,40.5968183998334,-73.9493761014922,0.04523,0.04451,2022.06503342466,2022.06575342466,31500000
100,97,6e-04,40.698206873711,-74.041761615122,40.6356632217935,-73.9470565957619,6e-04,0,2021.9582630137,2021.9588630137,31500000
100,101,0.00822,40.698206873711,-74.041761615122,40.8025879476878,-74.0143412235041,0.00822,0,2021.9582630137,2021.9664830137,31500000
101,98,0.0003800000001,40.8025879476878,-74.0143412235041,40.7635461673163,-73.9683412398689,0.0086000000001,0.00822,2021.9664830137,2021.9668630137,31500000
101,99,0.00338,40.8025879476878,-74.0143412235041,40.7245276986892,-73.9886595815592,0.0116,0.00822,2021.9664830137,2021.9698630137,31500000
109,102,0.05524,40.6801359415894,-74.0821489002883,40.6513693068919,-74.0118348138776,0.05524,0,2021.9363490411,2021.9915890411,31500000
109,110,0.00195999999999999,40.6801359415894,-74.0821489002883,40.6557537189421,-74.023752671089,0.00195999999999999,0,2021.9363490411,2021.9383090411,31500000
110,103,0.05328,40.6557537189421,-74.023752671089,40.6071200122367,-74.0132967130976,0.05524,0.00195999999999999,2021.9383090411,2021.9915890411,31500000
110,111,0.00782000000000002,40.6557537189421,-74.023752671089,40.5734316186857,-73.9066056153855,0.00978000000000001,0.00195999999999999,2021.9383090411,2021.9461290411,31500000
111,112,0.1242,40.5734316186857,-73.9066056153855,40.7592286970213,-73.6579520651841,0.13398,0.00978000000000001,2021.9461290411,2022.0703290411,31500000
111,114,0.02009,40.5734316186857,-73.9066056153855,40.6902381879365,-73.9822540150649,0.02987,0.00978000000000001,2021.9461290411,2021.9662190411,31500000
112,104,0.000259999999900007,40.7592286970213,-73.6579520651841,40.7598670202601,-73.6393956641806,0.1342399999999,0.13398,2022.0703290411,2022.0705890411,31500000
112,113,0.00822000000000001,40.7592286970213,-73.6579520651841,40.7462304090027,-73.6482741459735,0.1422,0.13398,2022.0703290411,2022.0785490411,31500000
113,105,3.99999999300127e-05,40.7462304090027,-73.6482741459735,40.7471445227985,-73.643600309006,0.14223999999993,0.1422,2022.0785490411,2022.0785890411,31500000
113,106,0.03104,40.7462304090027,-73.6482741459735,40.7655670629346,-73.6407153043597,0.17324,0.1422,2022.0785490411,2022.1095890411,31500000
114,107,0.000370000000099985,40.6902381879365,-73.9822540150649,40.6094885587894,-73.9502057449966,0.0302400000001,0.02987,2021.9662190411,2021.9665890411,31500000
114,108,0.00636999999999999,40.6902381879365,-73.9822540150649,40.7051020490363,-73.9198702910252,0.03624,0.02987,2021.9662190411,2021.9725890411,31500000
120,121,0.03145919324,40.6886459894775,-73.8979649059096,40.5981580546518,-74.0722037608396,0.03145919324,0,2021.97905315068,2022.01051234392,31500000
120,123,0.00179,40.6886459894775,-73.8979649059096,40.7300359885974,-73.8686448073422,0.00179,0,2021.97905315068,2021.98084315068,31500000
121,115,0.04498080676,40.5981580546518,-74.0722037608396,40.7349392624864,-73.978124819086,0.07644,0.03145919324,2022.01051234392,2022.05549315068,31500000
121,122,0.001820806758,40.5981580546518,-74.0722037608396,40.6449648988018,-74.077463680244,0.033279999998,0.03145919324,2022.01051234392,2022.01233315068,31500000
122,116,0.05616,40.6449648988018,-74.077463680244,40.7237699196656,-73.9732333042388,0.089439999998,0.033279999998,2022.01233315068,2022.06849315068,31500000
122,117,0.04316,40.6449648988018,-74.077463680244,40.6887607391648,-73.9808081670038,0.076439999998,0.033279999998,2022.01233315068,2022.05549315068,31500000
123,118,0.000649999999999998,40.7300359885974,-73.8686448073422,40.7019739992794,-73.934182554217,0.00244,0.00179,2021.98084315068,2021.98149315068,31500000
123,119,0.00865,40.7300359885974,-73.8686448073422,40.6901385906962,-73.8341852865164,0.01044,0.00179,2021.98084315068,2021.98949315068,31500000
128,124,0.03121,40.7162368345174,-73.6428436491882,40.8351704517741,-73.8782329035943,0.03121,0,2021.97642013699,2022.00763013699,31500000
128,129,0.01450315493,40.7162368345174,-73.6428436491882,40.5737089895681,-73.7588404602229,0.01450315493,0,2021.97642013699,2021.99092329192,31500000
129,125,0.07970684507,40.5737089895681,-73.7588404602229,40.7392573039522,-73.627084957365,0.09421,0.01450315493,2021.99092329192,2022.07063013699,31500000
129,130,0.00156684507,40.5737089895681,-73.7588404602229,40.5916789004391,-73.8073430590719,0.01607,0.01450315493,2021.99092329192,2021.99249013699,31500000
130,126,0.01214,40.5916789004391,-73.8073430590719,40.6642684193996,-73.8826785646884,0.02821,0.01607,2021.99249013699,2022.00463013699,31500000
130,127,0.10614,40.5916789004391,-73.8073430590719,40.7328667624564,-73.6110926101153,0.12221,0.01607,2021.99249013699,2022.09863013699,31500000
134,131,0.000270000000000006,40.6147931087227,-73.9870170596678,40.6472442625617,-74.0239920102806,0.000270000000000006,0,2022.00736013699,2022.00763013699,31500000
134,135,0.0137,40.6147931087227,-73.9870170596678,40.5340272679664,-73.9222106406378,0.0137,0,2022.00736013699,2022.02106013699,31500000
135,132,0.000569999999899998,40.5340272679664,-73.9222106406378,40.6932142230581,-73.7502370459858,0.0142699999999,0.0137,2022.02106013699,2022.02163013699,31500000
135,133,0.07757,40.5340272679664,-73.9222106406378,40.7190501390435,-74.0048743329393,0.09127,0.0137,2022.02106013699,2022.09863013699,31500000
139,136,0.08784878208,40.626818579443,-73.6633906364926,40.6743204710164,-73.9299148342595,0.08784878208,0,2021.87619231381,2021.96404109589,31500000
139,140,0.05266878208,40.626818579443,-73.6633906364926,40.7428938950967,-73.9071217520875,0.05266878208,0,2021.87619231381,2021.92886109589,31500000
140,137,0.03018,40.7428938950967,-73.9071217520875,40.7436952224323,-74.006501376606,0.08284878208,0.05266878208,2021.92886109589,2021.95904109589,31500000
140,138,0.06018,40.7428938950967,-73.9071217520875,40.7652133540858,-73.908697332042,0.11284878208,0.05266878208,2021.92886109589,2021.98904109589,31500000
144,141,0.02707756844,40.6274348395986,-73.7507329949286,40.6421653700706,-73.9202089529305,0.02707756844,0,2021.96193613019,2021.98901369863,31500000
144,145,0.03412756844,40.6274348395986,-73.7507329949286,40.7025238601594,-73.837005582973,0.03412756844,0,2021.96193613019,2021.99606369863,31500000
145,142,0.06695,40.7025238601594,-73.837005582973,40.7470538610125,-73.972949042588,0.10107756844,0.03412756844,2021.99606369863,2022.06301369863,31500000
145,143,0.00894999999999999,40.7025238601594,-73.837005582973,40.640742262484,-74.0055358893614,0.04307756844,0.03412756844,2021.99606369863,2022.00501369863,31500000
149,146,0.07463707137,40.8469344305072,-73.7830981388022,40.7830554996491,-73.9458003520711,0.07463707137,0,2021.93654101082,2022.01117808219,31500000
149,150,0.00107707136599999,40.8469344305072,-73.7830981388022,40.8545047305602,-73.5861385932981,0.00107707136599999,0,2021.93654101082,2021.93761808219,31500000
150,147,0.02156,40.8545047305602,-73.5861385932981,40.6748443385654,-73.5723874025086,0.022637071366,0.00107707136599999,2021.93761808219,2021.95917808219,31500000
150,148,0.08156,40.8545047305602,-73.5861385932981,40.626615781301,-73.6835723956053,0.082637071366,0.00107707136599999,2021.93761808219,2022.01917808219,31500000
161,151,0.000489999999899987,40.7555796995147,-74.0131609218432,40.7437516883417,-73.9857185082537,0.000489999999899987,0,2021.93653739725,2021.93702739725,31500000
161,162,0.00273999999999999,40.7555796995147,-74.0131609218432,40.7287454559896,-73.9643717222086,0.00273999999999999,0,2021.93653739725,2021.93927739725,31500000
162,152,0.000750000000000001,40.7287454559896,-73.9643717222086,40.7432100417469,-73.9739228119045,0.00348999999999999,0.00273999999999999,2021.93927739725,2021.94002739725,31500000
162,163,0.01096,40.7287454559896,-73.9643717222086,40.7342998198981,-73.9641669502951,0.0137,0.00273999999999999,2021.93927739725,2021.95023739725,31500000
163,164,0.05023177852,40.7342998198981,-73.9641669502951,40.6916796193231,-73.8239191266639,0.06393177852,0.0137,2021.95023739725,2022.00046917577,31500000
163,153,0.000790000000000013,40.7342998198981,-73.9641669502951,40.7452246447526,-73.9772289959307,0.01449,0.0137,2021.95023739725,2021.95102739725,31500000
164,165,0.00194822147900002,40.6916796193231,-73.8239191266639,40.6451515793878,-73.8320571324551,0.065879999999,0.06393177852,2022.00046917577,2022.00241739725,31500000
164,154,0.1005582215,40.6916796193231,-73.8239191266639,40.6808081515861,-73.9513202951671,0.16449000002,0.06393177852,2022.00046917577,2022.10102739727,31500000
165,155,0.02761,40.6451515793878,-73.8320571324551,40.7475946308987,-73.7834945316479,0.093489999999,0.065879999999,2022.00241739725,2022.03002739725,31500000
165,166,0.007903238593,40.6451515793878,-73.8320571324551,40.6752485591796,-73.8274425377636,0.073783238592,0.065879999999,2022.00241739725,2022.01032063584,31500000
166,156,0.1077067614,40.6752485591796,-73.8274425377636,40.7018091676451,-73.981236467825,0.181489999992,0.073783238592,2022.01032063584,2022.11802739724,31500000
166,167,0.00121341902,40.6752485591796,-73.8274425377636,40.6619239695753,-73.8513272451825,0.074996657612,0.073783238592,2022.01032063584,2022.01153405486,31500000
167,168,0.000913342387100002,40.6619239695753,-73.8513272451825,40.6702603653319,-73.8573015056432,0.0759099999991,0.074996657612,2022.01153405486,2022.01244739725,31500000
167,157,0.1144933424,40.6619239695753,-73.8513272451825,40.7592281583133,-73.9606224354211,0.189490000012,0.074996657612,2022.01153405486,2022.12602739726,31500000
168,169,0.03368,40.6702603653319,-73.8573015056432,40.6102158792891,-73.8753637915764,0.1095899999991,0.0759099999991,2022.01244739725,2022.04612739725,31500000
168,158,0.03658,40.6702603653319,-73.8573015056432,40.6132218962848,-73.9964982269255,0.1124899999991,0.0759099999991,2022.01244739725,2022.04902739725,31500000
169,159,0.000899999999999998,40.6102158792891,-73.8753637915764,40.5882103669792,-73.8876172343015,0.1104899999991,0.1095899999991,2022.04612739725,2022.04702739725,31500000
169,160,0.000899999999999998,40.6102158792891,-73.8753637915764,40.6249426120279,-73.9133911019354,0.1104899999991,0.1095899999991,2022.04612739725,2022.04702739725,31500000
174,170,0.00254,40.7006358592607,-73.9582589085213,40.7904497582074,-73.9512837631059,0.00254,0,2021.98941890411,2021.99195890411,31500000
174,175,0.00185,40.7006358592607,-73.9582589085213,40.7412597068486,-73.9763289476652,0.00185,0,2021.98941890411,2021.99126890411,31500000
175,171,0.0006899999999,40.7412597068486,-73.9763289476652,40.7506674361789,-73.967418278327,0.0025399999999,0.00185,2021.99126890411,2021.99195890411,31500000
175,176,0.00822,40.7412597068486,-73.9763289476652,40.6863777678567,-74.1871471971271,0.01007,0.00185,2021.99126890411,2021.99948890411,31500000
176,172,0.00047,40.6863777678567,-74.1871471971271,40.6600425542338,-73.9568990339801,0.01054,0.01007,2021.99948890411,2021.99995890411,31500000
176,173,0.01147,40.6863777678567,-74.1871471971271,40.8832736910395,-73.8232748335601,0.02154,0.01007,2021.99948890411,2022.01095890411,31500000
180,177,0.00029,40.6639006282487,-73.9209984217638,40.7488787329815,-73.9862862877782,0.00029,0,2022.0188469863,2022.0191369863,31500000
180,181,0.01096,40.6639006282487,-73.9209984217638,40.7276324698442,-73.9196055271826,0.01096,0,2022.0188469863,2022.0298069863,31500000
181,178,0.000329999999900001,40.7276324698442,-73.9196055271826,40.7493379102941,-73.9788273437388,0.0112899999999,0.01096,2022.0298069863,2022.0301369863,31500000
181,179,0.000329999999900001,40.7276324698442,-73.9196055271826,40.7550328326396,-73.964610804502,0.0112899999999,0.01096,2022.0298069863,2022.0301369863,31500000
185,182,0.16309,40.7398356814986,-73.2459935269882,40.7809437284225,-73.0823232734048,0.16309,0,2021.98211547945,2022.14520547945,31500000
185,186,0.00208,40.7398356814986,-73.2459935269882,40.6925426025266,-73.6379084889641,0.00208,0,2021.98211547945,2021.98419547945,31500000
186,183,0.03501,40.6925426025266,-73.6379084889641,40.7085043406984,-73.7098894878842,0.03709,0.00208,2021.98419547945,2022.01920547945,31500000
186,184,0.00201000000000001,40.6925426025266,-73.6379084889641,40.6875400280792,-73.6622054815533,0.00409000000000001,0.00208,2021.98419547945,2021.98620547945,31500000
190,187,0.00439,40.7332775617696,-73.9824736495573,40.7617223392611,-73.9282209246398,0.00439,0,2021.94621273973,2021.95060273973,31500000
190,191,0.01455,40.7332775617696,-73.9824736495573,40.7822689454526,-73.9382153292998,0.01455,0,2021.94621273973,2021.96076273973,31500000
191,188,0.00084,40.7822689454526,-73.9382153292998,40.7529467980642,-73.9929045688084,0.01539,0.01455,2021.96076273973,2021.96160273973,31500000
191,189,0.01184,40.7822689454526,-73.9382153292998,40.7121754358175,-74.008600325798,0.02639,0.01455,2021.96076273973,2021.97260273973,31500000
195,192,0.000740000000000001,40.570728005526,-73.9715434470578,40.6374650601112,-74.0076683423847,0.000740000000000001,0,2022.06493123288,2022.06567123288,31500000
195,196,0.02192,40.570728005526,-73.9715434470578,40.6152077754663,-74.0860906067861,0.02192,0,2022.06493123288,2022.08685123288,31500000
196,193,0.000819999999900001,40.6152077754663,-74.0860906067861,40.6468125332637,-74.0183723649421,0.0227399999999,0.02192,2022.08685123288,2022.08767123288,31500000
196,194,0.000819999999900001,40.6152077754663,-74.0860906067861,40.6421127734456,-74.0278292441225,0.0227399999999,0.02192,2022.08685123288,2022.08767123288,31500000
200,197,0.13684,40.6405993130318,-74.1050463642889,40.7262195967292,-73.9847687646974,0.13684,0,2021.91766684931,2022.05450684931,31500000
200,201,0.13624,40.6405993130318,-74.1050463642889,40.5708886469099,-73.9970250263688,0.13624,0,2021.91766684931,2022.05390684931,31500000
201,198,0.0776,40.5708886469099,-73.9970250263688,40.6375097379948,-74.0073449235581,0.21384,0.13624,2022.05390684931,2022.13150684931,31500000
201,199,0.000599999999999989,40.5708886469099,-73.9970250263688,40.599107015885,-73.9980503796031,0.13684,0.13624,2022.05390684931,2022.05450684931,31500000
206,207,0.00174,40.5865136138465,-74.6194356794926,40.8465409495426,-73.8902971232132,0.00174,0,2021.94442465753,2021.94616465753,31500000
206,208,0.00174,40.5865136138465,-74.6194356794926,40.8465409495426,-73.8902971232132,0.00174,0,2021.94442465753,2021.94616465753,31500000
207,202,0.00726,40.8465409495426,-73.8902971232132,40.7509706083752,-73.9781515449985,0.009,0.00174,2021.94616465753,2021.95342465753,31500000
207,203,0.00226,40.8465409495426,-73.8902971232132,40.8882659081228,-73.915307302762,0.004,0.00174,2021.94616465753,2021.94842465753,31500000
208,204,0.00226,40.8465409495426,-73.8902971232132,40.5564316642192,-74.1446060930026,0.004,0.00174,2021.94616465753,2021.94842465753,31500000
208,205,0.00226,40.8465409495426,-73.8902971232132,40.7802426710647,-73.9589463016268,0.004,0.00174,2021.94616465753,2021.94842465753,31500000
212,209,0.05536,40.7448705866835,-74.158153998802,40.7653714635645,-73.9849970582023,0.05536,0,2022.08710575342,2022.14246575342,31500000
212,213,0.01128,40.7448705866835,-74.158153998802,40.7815120363408,-74.1875235193303,0.01128,0,2022.08710575342,2022.09838575342,31500000
213,210,0.03408,40.7815120363408,-74.1875235193303,40.744178659579,-73.6585658136983,0.04536,0.01128,2022.09838575342,2022.13246575342,31500000
213,211,0.03408,40.7815120363408,-74.1875235193303,40.6124379552909,-73.9481935361443,0.04536,0.01128,2022.09838575342,2022.13246575342,31500000
217,214,0.00254,40.7615213317981,-73.8425660883,40.7440183895255,-73.940642073753,0.00254,0,2021.94814493151,2021.95068493151,31500000
217,218,0.00185,40.7615213317981,-73.8425660883,40.7327376962495,-73.7848319896688,0.00185,0,2021.94814493151,2021.94999493151,31500000
218,215,0.00069,40.7327376962495,-73.7848319896688,40.7266352347922,-73.9774396884662,0.00254,0.00185,2021.94999493151,2021.95068493151,31500000
218,216,0.00069,40.7327376962495,-73.7848319896688,40.6806872185747,-73.9211176114269,0.00254,0.00185,2021.94999493151,2021.95068493151,31500000
228,229,0.00722,40.9018026685204,-73.5351931696043,40.8222597173147,-73.8352606806361,0.00722,0,2021.93985273973,2021.94707273973,31500000
228,230,0.00637,40.9018026685204,-73.5351931696043,40.8805825988217,-73.577235729417,0.00637,0,2021.93985273973,2021.94622273973,31500000
229,219,0.00353,40.8222597173147,-73.8352606806361,40.7603082764966,-73.9653699019319,0.01075,0.00722,2021.94707273973,2021.95060273973,31500000
229,220,0.000530000000099999,40.8222597173147,-73.8352606806361,40.860600976627,-73.3222098966595,0.0077500000001,0.00722,2021.94707273973,2021.94760273973,31500000
230,231,0.00359,40.8805825988217,-73.577235729417,40.7341809188235,-73.6237508655281,0.00996,0.00637,2021.94622273973,2021.94981273973,31500000
230,232,0.00548,40.8805825988217,-73.577235729417,40.782921957295,-73.6428603116383,0.01185,0.00637,2021.94622273973,2021.95170273973,31500000
231,221,0.000790000000000003,40.7341809188235,-73.6237508655281,40.7313833474164,-73.9853496749651,0.01075,0.00996,2021.94981273973,2021.95060273973,31500000
231,222,0.000790000000000003,40.7341809188235,-73.6237508655281,40.7279922968383,-73.643676683205,0.01075,0.00996,2021.94981273973,2021.95060273973,31500000
232,233,0.00448,40.782921957295,-73.6428603116383,40.7629132452522,-73.9395041383483,0.01633,0.01185,2021.95170273973,2021.95618273973,31500000
232,235,0.02003,40.782921957295,-73.6428603116383,40.7628277032735,-73.8665250299988,0.03188,0.01185,2021.95170273973,2021.97173273973,31500000
233,223,0.00242,40.7629132452522,-73.9395041383483,40.7321678002915,-73.9771218264113,0.01875,0.01633,2021.95618273973,2021.95860273973,31500000
233,234,0.00185,40.7629132452522,-73.9395041383483,40.7606231759852,-73.9945633892511,0.01818,0.01633,2021.95618273973,2021.95803273973,31500000
234,224,0.00557,40.7606231759852,-73.9945633892511,40.7362038959136,-74.0033406621338,0.02375,0.01818,2021.95803273973,2021.96360273973,31500000
234,225,0.000570000000000001,40.7606231759852,-73.9945633892511,40.7430120659989,-73.9770326961095,0.01875,0.01818,2021.95803273973,2021.95860273973,31500000
235,226,0.000869999999899999,40.7628277032735,-73.8665250299988,40.8892706240709,-73.834226438432,0.0327499999999,0.03188,2021.97173273973,2021.97260273973,31500000
235,227,0.000869999999899999,40.7628277032735,-73.8665250299988,40.764883001044,-73.9206036234677,0.0327499999999,0.03188,2021.97173273973,2021.97260273973,31500000
239,236,0.00261,40.6126278372416,-73.515467474068,40.7086186264971,-74.0096070808858,0.00261,0,2021.94803383562,2021.95064383562,31500000
239,240,0.00184,40.6126278372416,-73.515467474068,40.7174804671335,-73.8089648633452,0.00184,0,2021.94803383562,2021.94987383562,31500000
240,237,0.00077,40.7174804671335,-73.8089648633452,40.7705421661996,-73.9292026484244,0.00261,0.00184,2021.94987383562,2021.95064383562,31500000
240,238,0.01177,40.7174804671335,-73.8089648633452,40.6747352447455,-74.0178913807528,0.01361,0.00184,2021.94987383562,2021.96164383562,31500000
244,241,0.06118,40.6294500454852,-73.913859968484,40.7104366660003,-73.8094278643857,0.06118,0,2021.91203917808,2021.97321917808,31500000
244,245,0.08497,40.6294500454852,-73.913859968484,40.6899259914972,-73.6854727020722,0.08497,0,2021.91203917808,2021.99700917808,31500000
245,242,0.000210000000000002,40.6899259914972,-73.6854727020722,40.6916687433555,-73.6985034051131,0.08518,0.08497,2021.99700917808,2021.99721917808,31500000
245,243,0.01121,40.6899259914972,-73.6854727020722,40.7014541515311,-73.6272850703241,0.09618,0.08497,2021.99700917808,2022.00821917808,31500000
285,246,0.04652,40.7755550201373,-73.7208338810894,40.7519106076767,-73.6263052034212,0.04652,0,2021.89084986301,2021.93736986301,31500000
285,286,0.00198999999999999,40.7755550201373,-73.7208338810894,40.7630398830966,-73.8662898023669,0.00198999999999999,0,2021.89084986301,2021.89283986301,31500000
286,287,0.00201000000000001,40.7630398830966,-73.8662898023669,40.7717041471266,-73.8625042685102,0.004,0.00198999999999999,2021.89283986301,2021.89484986301,31500000
286,247,0.04753,40.7630398830966,-73.8662898023669,40.6854688369378,-73.9822367380461,0.04952,0.00198999999999999,2021.89283986301,2021.94036986301,31500000
287,288,0.00205,40.7717041471266,-73.8625042685102,40.7699542708638,-73.8582755904648,0.00605,0.004,2021.89484986301,2021.89689986301,31500000
287,248,0.04752,40.7717041471266,-73.8625042685102,40.7364878158555,-73.6520161571405,0.05152,0.004,2021.89484986301,2021.94236986301,31500000
288,289,0.00586999999999999,40.7699542708638,-73.8582755904648,40.7094189119366,-73.9217087174957,0.01192,0.00605,2021.89689986301,2021.90276986301,31500000
288,249,0.08947,40.7699542708638,-73.8582755904648,40.7247885177104,-73.9927621041362,0.09552,0.00605,2021.89689986301,2021.98636986301,31500000
289,291,0.00394,40.7094189119366,-73.9217087174957,40.7216881331987,-73.9436342166627,0.01586,0.01192,2021.90276986301,2021.90670986301,31500000
289,290,0.00963683403600002,40.7094189119366,-73.9217087174957,40.7238554032355,-73.9177995688136,0.021556834036,0.01192,2021.90276986301,2021.91240669705,31500000
290,250,0.03596316596,40.7238554032355,-73.9177995688136,40.7385230455971,-73.9818242452247,0.057519999996,0.021556834036,2021.91240669705,2021.94836986301,31500000
290,251,0.01396316596,40.7238554032355,-73.9177995688136,40.8091046031075,-73.5784881684164,0.035519999996,0.021556834036,2021.91240669705,2021.92636986301,31500000
291,252,0.06066,40.7216881331987,-73.9436342166627,40.6949095046276,-73.9158429319486,0.07652,0.01586,2021.90670986301,2021.96736986301,31500000
291,292,0.00396000000000002,40.7216881331987,-73.9436342166627,40.7355747093244,-73.9478084391299,0.01982,0.01586,2021.90670986301,2021.91066986301,31500000
292,293,0.00197,40.7355747093244,-73.9478084391299,40.7458235893769,-73.8868708486277,0.02179,0.01982,2021.91066986301,2021.91263986301,31500000
292,253,0.0627,40.7355747093244,-73.9478084391299,40.6793596226241,-73.9225107822602,0.08252,0.01982,2021.91066986301,2021.97336986301,31500000
293,294,0.00195999999999999,40.7458235893769,-73.8868708486277,40.7410772087578,-73.8729146675318,0.02375,0.02179,2021.91263986301,2021.91459986301,31500000
293,254,0.06273,40.7458235893769,-73.8868708486277,40.7353807327059,-73.9766647948453,0.08452,0.02179,2021.91263986301,2021.97536986301,31500000
294,295,0.00192000000000001,40.7410772087578,-73.8729146675318,40.7513035010313,-73.9426791997277,0.02567,0.02375,2021.91459986301,2021.91651986301,31500000
294,255,0.13477,40.7410772087578,-73.8729146675318,40.6920712557644,-73.9163185676385,0.15852,0.02375,2021.91459986301,2022.04936986301,31500000
295,256,0.06985,40.7513035010313,-73.9426791997277,40.7223741603081,-73.9610565228597,0.09552,0.02567,2021.91651986301,2021.98636986301,31500000
295,296,0.00195000000000001,40.7513035010313,-73.9426791997277,40.6898986800883,-73.9165064847776,0.02762,0.02567,2021.91651986301,2021.91846986301,31500000
296,297,0.00383,40.6898986800883,-73.9165064847776,40.6744000174626,-73.9419518231992,0.03145,0.02762,2021.91846986301,2021.92229986301,31500000
296,257,0.0709,40.6898986800883,-73.9165064847776,40.6416040081083,-73.5565499658843,0.09852,0.02762,2021.91846986301,2021.98936986301,31500000
297,298,0.00370000000000001,40.6744000174626,-73.9419518231992,40.6622408046539,-73.9364846467945,0.03515,0.03145,2021.92229986301,2021.92599986301,31500000
297,258,0.06407,40.6744000174626,-73.9419518231992,40.6614102152273,-73.9433361650528,0.09552,0.03145,2021.92229986301,2021.98636986301,31500000
298,259,0.00336999999999998,40.6622408046539,-73.9364846467945,40.643326781022,-73.5199895040162,0.03852,0.03515,2021.92599986301,2021.92936986301,31500000
298,299,0.0018,40.6622408046539,-73.9364846467945,40.7300869623952,-74.0045276879552,0.03695,0.03515,2021.92599986301,2021.92779986301,31500000
299,311,0.00173999999999999,40.7300869623952,-74.0045276879552,40.7320886521328,-74.0006019547577,0.03869,0.03695,2021.92779986301,2021.92953986301,31500000
299,300,0.00173999999999999,40.7300869623952,-74.0045276879552,40.7320886521328,-74.0006019547577,0.03869,0.03695,2021.92779986301,2021.92953986301,31500000
300,302,0.00547999999999998,40.7320886521328,-74.0006019547577,40.7362691345126,-74.0136699444227,0.04417,0.03869,2021.92953986301,2021.93501986301,31500000
300,301,0.00184999999999999,40.7320886521328,-74.0006019547577,40.7324434384363,-73.9768961846335,0.04054,0.03869,2021.92953986301,2021.93138986301,31500000
301,261,0.000980000000000009,40.7324434384363,-73.9768961846335,40.7443349011399,-73.9909714114753,0.04152,0.04054,2021.93138986301,2021.93236986301,31500000
301,260,0.000980000000000009,40.7324434384363,-73.9768961846335,40.7387275421716,-73.972810232177,0.04152,0.04054,2021.93138986301,2021.93236986301,31500000
302,303,0.02443,40.7362691345126,-74.0136699444227,40.6254684597345,-73.9435828497881,0.0686,0.04417,2021.93501986301,2021.95944986301,31500000
302,305,0.00185000000000002,40.7362691345126,-74.0136699444227,40.7395533699829,-74.0151974203717,0.04602,0.04417,2021.93501986301,2021.93686986301,31500000
303,262,0.03292,40.6254684597345,-73.9435828497881,40.6226749558737,-74.0026041948795,0.10152,0.0686,2021.95944986301,2021.99236986301,31500000
303,304,0.04317,40.6254684597345,-73.9435828497881,40.6897727712465,-73.9807275720313,0.11177,0.0686,2021.95944986301,2022.00261986301,31500000
304,263,0.000749999999899997,40.6897727712465,-73.9807275720313,40.6843864069557,-73.9884086548451,0.1125199999999,0.11177,2022.00261986301,2022.00336986301,31500000
304,264,0.04975,40.6897727712465,-73.9807275720313,40.7288409148321,-73.9739385165249,0.16152,0.11177,2022.00261986301,2022.05236986301,31500000
305,265,0.000499999999899997,40.7395533699829,-74.0151974203717,40.7409194048749,-73.9929498820837,0.0465199999999,0.04602,2021.93686986301,2021.93736986301,31500000
305,306,0.01185,40.7395533699829,-74.0151974203717,40.7227889936048,-74.0032335069211,0.05787,0.04602,2021.93686986301,2021.94871986301,31500000
306,307,0.00184999999999999,40.7227889936048,-74.0032335069211,40.7324434384363,-73.9768961846335,0.05972,0.05787,2021.94871986301,2021.95056986301,31500000
306,308,0.00184999999999999,40.7227889936048,-74.0032335069211,40.7324434384363,-73.9768961846335,0.05972,0.05787,2021.94871986301,2021.95056986301,31500000
307,267,0.000799999999999995,40.7324434384363,-73.9768961846335,40.6513603794478,-73.9935960725854,0.06052,0.05972,2021.95056986301,2021.95136986301,31500000
307,266,0.000799999999999995,40.7324434384363,-73.9768961846335,40.6371211870265,-74.0155979328941,0.06052,0.05972,2021.95056986301,2021.95136986301,31500000
308,309,0.01096,40.7324434384363,-73.9768961846335,40.7213847949222,-73.9946219053778,0.07068,0.05972,2021.95056986301,2021.96152986301,31500000
308,268,0.000799999999999995,40.7324434384363,-73.9768961846335,40.7442933534673,-73.9741149137526,0.06052,0.05972,2021.95056986301,2021.95136986301,31500000
309,310,0.00548000000000001,40.7213847949222,-73.9946219053778,40.6954653952665,-74.0136054589784,0.07616,0.07068,2021.96152986301,2021.96700986301,31500000
309,269,0.00083999999999998,40.7213847949222,-73.9946219053778,40.7140303705493,-73.9674649738743,0.07152,0.07068,2021.96152986301,2021.96236986301,31500000
310,271,0.000360000000100003,40.6954653952665,-74.0136054589784,40.6839469321997,-74.0092427824292,0.0765200000001,0.07616,2021.96700986301,2021.96736986301,31500000
310,270,0.000360000000100003,40.6954653952665,-74.0136054589784,40.8327151222753,-73.8954308180968,0.0765200000001,0.07616,2021.96700986301,2021.96736986301,31500000
311,312,0.00184999999999999,40.7320886521328,-74.0006019547577,40.7324434384363,-73.9768961846335,0.04054,0.03869,2021.92953986301,2021.93138986301,31500000
311,313,0.01106,40.7320886521328,-74.0006019547577,40.7612819945988,-73.9639052910748,0.04975,0.03869,2021.92953986301,2021.94059986301,31500000
312,273,0.000980000000000009,40.7324434384363,-73.9768961846335,40.6927171966078,-73.9944709532123,0.04152,0.04054,2021.93138986301,2021.93236986301,31500000
312,272,0.000980000000000009,40.7324434384363,-73.9768961846335,40.7415845486931,-73.9882778241181,0.04152,0.04054,2021.93138986301,2021.93236986301,31500000
313,274,0.00176999999999999,40.7612819945988,-73.9639052910748,40.8635195099953,-73.2792053302492,0.05152,0.04975,2021.94059986301,2021.94236986301,31500000
313,314,0.00536999999999999,40.7612819945988,-73.9639052910748,40.7498202498681,-73.9999885804782,0.05512,0.04975,2021.94059986301,2021.94596986301,31500000
314,315,0.00184999999999999,40.7498202498681,-73.9999885804782,40.7324434384363,-73.9768961846335,0.05697,0.05512,2021.94596986301,2021.94781986301,31500000
314,316,0.00822000000000001,40.7498202498681,-73.9999885804782,40.7343378240473,-73.9916181251209,0.06334,0.05512,2021.94596986301,2021.95418986301,31500000
315,276,0.000550000000099998,40.7324434384363,-73.9768961846335,40.7401806350824,-73.980258452255,0.0575200000001,0.05697,2021.94781986301,2021.94836986301,31500000
315,275,0.00355,40.7324434384363,-73.9768961846335,40.72383297509,-73.9766542495313,0.06052,0.05697,2021.94781986301,2021.95136986301,31500000
316,319,0.00458999999999998,40.7343378240473,-73.9916181251209,40.6941266259849,-73.9400302763617,0.06793,0.06334,2021.95418986301,2021.95877986301,31500000
316,317,0.00185000000000002,40.7343378240473,-73.9916181251209,40.7395533699829,-74.0151974203717,0.06519,0.06334,2021.95418986301,2021.95603986301,31500000
317,277,0.000329999999899966,40.7395533699829,-74.0151974203717,40.7434179751635,-74.0055308697361,0.0655199999999,0.06519,2021.95603986301,2021.95636986301,31500000
317,318,0.00273999999999999,40.7395533699829,-74.0151974203717,40.6133437404043,-73.9859736982121,0.06793,0.06519,2021.95603986301,2021.95877986301,31500000
318,279,0.000590000000000007,40.6133437404043,-73.9859736982121,40.7489404119837,-73.6493691997379,0.06852,0.06793,2021.95877986301,2021.95936986301,31500000
318,278,0.000590000000000007,40.6133437404043,-73.9859736982121,40.6043638356196,-73.9775368559864,0.06852,0.06793,2021.95877986301,2021.95936986301,31500000
319,280,0.000590000000000007,40.6941266259849,-73.9400302763617,40.7987053620816,-73.5213834018988,0.06852,0.06793,2021.95877986301,2021.95936986301,31500000
319,320,0.04551464069,40.6941266259849,-73.9400302763617,40.7193966155669,-74.0133466293171,0.11344464069,0.06793,2021.95877986301,2022.0042945037,31500000
320,321,0.001335359309,40.7193966155669,-74.0133466293171,40.7011864145548,-74.031872842068,0.114779999999,0.11344464069,2022.0042945037,2022.00562986301,31500000
320,281,0.09707535931,40.7193966155669,-74.0133466293171,40.7844492512837,-73.9082898612016,0.21052,0.11344464069,2022.0042945037,2022.10136986301,31500000
321,322,0.000458792011899994,40.7011864145548,-74.031872842068,40.7023598329246,-74.0337453443727,0.1152387920109,0.114779999999,2022.00562986301,2022.00608865502,31500000
321,282,0.02774,40.7011864145548,-74.031872842068,40.7400756158526,-73.9774932617575,0.142519999999,0.114779999999,2022.00562986301,2022.03336986301,31500000
322,284,0.06528120799,40.7023598329246,-74.0337453443727,40.7374780429833,-73.9907470733843,0.1805200000009,0.1152387920109,2022.00608865502,2022.07136986301,31500000
322,283,0.04128120799,40.7023598329246,-74.0337453443727,40.6383599097188,-74.0230001264909,0.1565200000009,0.1152387920109,2022.00608865502,2022.04736986301,31500000
328,323,0.00059,40.5276858480379,-73.9498154165075,40.6333065960683,-74.0150137132101,0.00059,0,2021.95801273973,2021.95860273973,31500000
328,329,0.00911,40.5276858480379,-73.9498154165075,40.631661309904,-73.8656400231724,0.00911,0,2021.95801273973,2021.96712273973,31500000
329,330,0.00185,40.631661309904,-73.8656400231724,40.6816114873475,-73.9506465375419,0.01096,0.00911,2021.96712273973,2021.96897273973,31500000
329,331,0.00459,40.631661309904,-73.8656400231724,40.7249769839023,-73.9596059744103,0.0137,0.00911,2021.96712273973,2021.97171273973,31500000
330,324,0.00063,40.6816114873475,-73.9506465375419,40.7400383384227,-73.9808527033072,0.01159,0.01096,2021.96897273973,2021.96960273973,31500000
330,325,0.00063,40.6816114873475,-73.9506465375419,40.6404221277909,-74.0183033246672,0.01159,0.01096,2021.96897273973,2021.96960273973,31500000
331,326,0.0008899999999,40.7249769839023,-73.9596059744103,40.7470526915948,-73.8754768584744,0.0145899999999,0.0137,2021.97171273973,2021.97260273973,31500000
331,327,0.0008899999999,40.7249769839023,-73.9596059744103,40.7444465519854,-74.0022665508853,0.0145899999999,0.0137,2021.97171273973,2021.97260273973,31500000
336,332,0.00143,40.5975981135566,-73.8830696001235,40.6685305687865,-73.8633673993635,0.00143,0,2021.97961109589,2021.98104109589,31500000
336,337,0.00349,40.5975981135566,-73.8830696001235,40.6511865925449,-73.8142665179002,0.00349,0,2021.97961109589,2021.98310109589,31500000
337,333,0.0009399999999,40.6511865925449,-73.8142665179002,40.680740831616,-73.6272059877927,0.0044299999999,0.00349,2021.98310109589,2021.98404109589,31500000
337,338,0.00548,40.6511865925449,-73.8142665179002,40.757846757683,-73.7405735878532,0.00897,0.00349,2021.98310109589,2021.98858109589,31500000
338,334,0.00046,40.757846757683,-73.7405735878532,40.772403408822,-73.90551503968,0.00943,0.00897,2021.98858109589,2021.98904109589,31500000
338,335,0.00046,40.757846757683,-73.7405735878532,40.6117751420751,-73.8173527722754,0.00943,0.00897,2021.98858109589,2021.98904109589,31500000
343,339,2.00000000900036e-05,40.7723017058434,-73.9807693919966,40.7713407106871,-73.9796200750282,2.00000000900036e-05,0,2022.00496630137,2022.00498630137,31500000
343,344,0.04658,40.7723017058434,-73.9807693919966,40.775060052717,-74.0303145791224,0.04658,0,2022.00496630137,2022.05154630137,31500000
344,340,0.000439999999899993,40.775060052717,-74.0303145791224,40.754054720083,-73.9940661185725,0.0470199999999,0.04658,2022.05154630137,2022.05198630137,31500000
344,345,0.00821999999999999,40.775060052717,-74.0303145791224,40.7588378670404,-73.9684212170769,0.0548,0.04658,2022.05154630137,2022.05976630137,31500000
345,341,0.000219999999900009,40.7588378670404,-73.9684212170769,40.7391860248478,-73.9747525069303,0.0550199999999,0.0548,2022.05976630137,2022.05998630137,31500000
345,342,0.07722,40.7588378670404,-73.9684212170769,40.6981535480796,-73.654774108684,0.13202,0.0548,2022.05976630137,2022.13698630137,31500000
353,355,0.0018,40.7928997618002,-73.9863389213615,40.7285280568958,-73.9833198911302,0.0018,0,2021.9318330137,2021.9336330137,31500000
353,354,0.00454,40.7928997618002,-73.9863389213615,40.6748077138517,-73.9988822901514,0.00454,0,2021.9318330137,2021.9363730137,31500000
354,346,0.000489999999900001,40.6748077138517,-73.9988822901514,40.7092546650288,-73.9528364227035,0.0050299999999,0.00454,2021.9363730137,2021.9368630137,31500000
354,347,0.02549,40.6748077138517,-73.9988822901514,40.7319690864396,-73.5025700988499,0.03003,0.00454,2021.9363730137,2021.9618630137,31500000
355,348,0.000229999999899998,40.7285280568958,-73.9833198911302,40.7474839402921,-73.9799871278448,0.0020299999999,0.0018,2021.9336330137,2021.9338630137,31500000
355,356,0.01836,40.7285280568958,-73.9833198911302,40.6955205237696,-73.9566594536923,0.02016,0.0018,2021.9336330137,2021.9519930137,31500000
356,349,0.00687,40.6955205237696,-73.9566594536923,40.6827455910478,-73.9869979300301,0.02703,0.02016,2021.9519930137,2021.9588630137,31500000
356,357,0.00993,40.6955205237696,-73.9566594536923,40.713335463696,-73.9796764011573,0.03009,0.02016,2021.9519930137,2021.9619230137,31500000
357,350,0.00194,40.713335463696,-73.9796764011573,40.7052254006356,-73.9242672812609,0.03203,0.03009,2021.9619230137,2021.9638630137,31500000
357,358,0.00185,40.713335463696,-73.9796764011573,40.7678527687063,-73.9746674802229,0.03194,0.03009,2021.9619230137,2021.9637730137,31500000
358,351,8.99999999200013e-05,40.7678527687063,-73.9746674802229,40.7472481798895,-74.0030071683155,0.03202999999992,0.03194,2021.9637730137,2021.9638630137,31500000
358,352,0.00609,40.7678527687063,-73.9746674802229,40.6770210020086,-74.0049132708168,0.03803,0.03194,2021.9637730137,2021.9698630137,31500000
364,359,0.00436,40.8808091279501,-73.6895388205773,40.7506747626011,-73.7628341470866,0.00436,0,2021.94628383562,2021.95064383562,31500000
364,365,0.00174,40.8808091279501,-73.6895388205773,40.8355014839763,-74.0440307226675,0.00174,0,2021.94628383562,2021.94802383562,31500000
365,363,0.00262,40.8355014839763,-74.0440307226675,40.7266912189385,-74.0085300572054,0.00436,0.00174,2021.94802383562,2021.95064383562,31500000
365,366,0.00185,40.8355014839763,-74.0440307226675,40.8458195857909,-74.0966477973806,0.00359,0.00174,2021.94802383562,2021.94987383562,31500000
366,360,0.00077,40.8458195857909,-74.0966477973806,40.7373184296109,-73.983350248105,0.00436,0.00359,2021.94987383562,2021.95064383562,31500000
366,367,0.00274,40.8458195857909,-74.0966477973806,40.8142242153408,-74.034603256531,0.00633,0.00359,2021.94987383562,2021.95261383562,31500000
367,361,2.99999999500006e-05,40.8142242153408,-74.034603256531,40.8284393879431,-73.9447073361607,0.00635999999995,0.00633,2021.95261383562,2021.95264383562,31500000
367,362,0.00903,40.8142242153408,-74.034603256531,40.6108749218549,-74.0163054370939,0.01536,0.00633,2021.95261383562,2021.96164383562,31500000
373,368,0.09340241509,40.6660883173412,-73.9277480714323,40.6880305423829,-73.4333395416281,0.09340241509,0,2021.9257756671,2022.01917808219,31500000
373,374,0.001416093274,40.6660883173412,-73.9277480714323,40.6951213280349,-73.9187902192295,0.001416093274,0,2021.9257756671,2021.92719176037,31500000
374,375,0.03141632181,40.6951213280349,-73.9187902192295,40.6730498303109,-73.8740760723091,0.032832415084,0.001416093274,2021.92719176037,2021.95860808218,31500000
374,376,0.002945759612,40.6951213280349,-73.9187902192295,40.7825154761019,-73.9763131094365,0.00436185288599999,0.001416093274,2021.92719176037,2021.93013751999,31500000
375,369,0.000570000000000001,40.6730498303109,-73.8740760723091,40.6610496115058,-73.9861962805207,0.033402415084,0.032832415084,2021.95860808218,2021.95917808218,31500000
375,370,0.00357,40.6730498303109,-73.8740760723091,40.7472412953759,-73.982305145743,0.036402415084,0.032832415084,2021.95860808218,2021.96217808218,31500000
376,371,0.0400405622,40.7825154761019,-73.9763131094365,40.734302072004,-73.8665372801824,0.044402415086,0.00436185288599999,2021.93013751999,2021.97017808219,31500000
376,372,0.0400405622,40.7825154761019,-73.9763131094365,40.7031325972623,-73.8645011526841,0.044402415086,0.00436185288599999,2021.93013751999,2021.97017808219,31500000
382,377,0.02566347479,40.6911718754911,-73.4888580760179,40.7839605420241,-73.9826284493101,0.02566347479,0,2021.99891186769,2022.02457534248,31500000
382,383,0.000844397662500003,40.6911718754911,-73.4888580760179,40.7888699548207,-73.5369868257862,0.000844397662500003,0,2021.99891186769,2021.99975626535,31500000
383,378,0.04681907712,40.7888699548207,-73.5369868257862,40.7128257926699,-73.7425980265899,0.0476634747825,0.000844397662500003,2021.99975626535,2022.04657534247,31500000
383,384,0.000291204478799996,40.7888699548207,-73.5369868257862,40.7892053579628,-73.5310617855744,0.0011356021413,0.000844397662500003,2021.99975626535,2022.00004746983,31500000
384,379,0.04052787264,40.7892053579628,-73.5310617855744,40.714386818204,-73.8689003469644,0.0416634747813,0.0011356021413,2022.00004746983,2022.04057534247,31500000
384,385,0.001860660818,40.7892053579628,-73.5310617855744,40.8478634551402,-73.5215902500002,0.0029962629593,0.0011356021413,2022.00004746983,2022.00190813065,31500000
385,380,0.03866721183,40.8478634551402,-73.5215902500002,40.7454124979521,-74.0057055559087,0.0416634747893,0.0029962629593,2022.00190813065,2022.04057534248,31500000
385,381,0.03866721183,40.8478634551402,-73.5215902500002,40.7259450459561,-73.598935864641,0.0416634747893,0.0029962629593,2022.00190813065,2022.04057534248,31500000
393,386,0.04436944728,40.6244606265341,-73.8261302082256,40.6898402640981,-73.8883360188585,0.04436944728,0,2022.02956205957,2022.07393150685,31500000
393,394,0.001149447278,40.6244606265341,-73.8261302082256,40.6410239946623,-73.8051185100059,0.001149447278,0,2022.02956205957,2022.03071150685,31500000
394,395,0.02795,40.6410239946623,-73.8051185100059,40.609260676053,-73.7004523443033,0.029099447278,0.001149447278,2022.03071150685,2022.05866150685,31500000
394,398,0.000829999999999997,40.6410239946623,-73.8051185100059,40.636247550298,-73.7802211228926,0.001979447278,0.001149447278,2022.03071150685,2022.03154150685,31500000
395,387,0.01527,40.609260676053,-73.7004523443033,40.6646865632393,-73.694479747377,0.044369447278,0.029099447278,2022.05866150685,2022.07393150685,31500000
395,396,0.01202,40.609260676053,-73.7004523443033,40.6939818341208,-73.7747657783497,0.041119447278,0.029099447278,2022.05866150685,2022.07068150685,31500000
396,388,0.000249999999899997,40.6939818341208,-73.7747657783497,40.6769006217833,-73.7186393791515,0.0413694472779,0.041119447278,2022.07068150685,2022.07093150685,31500000
396,397,0.00822,40.6939818341208,-73.7747657783497,40.6897532179942,-73.6825044546458,0.049339447278,0.041119447278,2022.07068150685,2022.07890150685,31500000
397,390,2.99999999300027e-05,40.6897532179942,-73.6825044546458,40.6900062316512,-73.6864316910163,0.04936944727793,0.049339447278,2022.07890150685,2022.07893150685,31500000
397,389,2.99999999300027e-05,40.6897532179942,-73.6825044546458,40.6849182148245,-73.6888080319905,0.04936944727793,0.049339447278,2022.07890150685,2022.07893150685,31500000
398,391,0.03139,40.636247550298,-73.7802211228926,40.7377991273619,-73.8656285141512,0.033369447278,0.001979447278,2022.03154150685,2022.06293150685,31500000
398,392,0.05339,40.636247550298,-73.7802211228926,40.7624749107262,-73.9551712407781,0.055369447278,0.001979447278,2022.03154150685,2022.08493150685,31500000
402,399,0.01225252106,40.9646072928799,-73.9561246460035,40.7711320564177,-73.9634145163947,0.01225252106,0,2022.10829542415,2022.12054794521,31500000
402,403,0.0003425210584,40.9646072928799,-73.9561246460035,40.8273125753224,-73.9971553758099,0.0003425210584,0,2022.10829542415,2022.10863794521,31500000
403,400,0.000909999999899999,40.8273125753224,-73.9971553758099,40.733940722145,-73.8606793780865,0.0012525210583,0.0003425210584,2022.10863794521,2022.10954794521,31500000
403,401,0.000909999999899999,40.8273125753224,-73.9971553758099,40.7291023140408,-73.8715070291066,0.0012525210583,0.0003425210584,2022.10863794521,2022.10954794521,31500000
407,404,9.99999999999998e-05,40.5804676126987,-74.4576146780098,40.6912207434977,-73.9817426620187,9.99999999999998e-05,0,2022.0270369863,2022.0271369863,31500000
407,408,0.00274,40.5804676126987,-74.4576146780098,40.6732515170278,-74.0851623227877,0.00274,0,2022.0270369863,2022.0297769863,31500000
408,405,0.0003599999999,40.6732515170278,-74.0851623227877,40.6269778751387,-74.0225107745814,0.0030999999999,0.00274,2022.0297769863,2022.0301369863,31500000
408,406,0.0003599999999,40.6732515170278,-74.0851623227877,40.8230524201371,-73.9396434382706,0.0030999999999,0.00274,2022.0297769863,2022.0301369863,31500000
412,409,0.02027,40.6358514736309,-73.8869225784731,40.7499663456397,-73.9540692717944,0.02027,0,2022.02082589041,2022.04109589041,31500000
412,413,0.01988,40.6358514736309,-73.8869225784731,40.7574423754268,-73.858809762138,0.01988,0,2022.02082589041,2022.04070589041,31500000
413,410,0.000389999999900002,40.7574423754268,-73.858809762138,40.7398627879509,-73.940179206183,0.0202699999999,0.01988,2022.04070589041,2022.04109589041,31500000
413,411,0.000389999999900002,40.7574423754268,-73.858809762138,40.7463864448757,-73.9445362999679,0.0202699999999,0.01988,2022.04070589041,2022.04109589041,31500000
426,414,0.00227,40.741926703565,-73.5731612854384,40.7475585945996,-73.4055941156555,0.00227,0,2021.91315465753,2021.91542465753,31500000
426,427,0.00185,40.741926703565,-73.5731612854384,40.7175339249736,-73.9886407076,0.00185,0,2021.91315465753,2021.91500465753,31500000
427,415,0.0004199999999,40.7175339249736,-73.9886407076,40.7151163319787,-73.7122192366428,0.0022699999999,0.00185,2021.91500465753,2021.91542465753,31500000
427,428,0.01733,40.7175339249736,-73.9886407076,40.7244117765653,-73.6866932743963,0.01918,0.00185,2021.91500465753,2021.93233465753,31500000
428,429,0.00185,40.7244117765653,-73.6866932743963,40.6475940651436,-73.5961035058245,0.02103,0.01918,2021.93233465753,2021.93418465753,31500000
428,430,0.0147,40.7244117765653,-73.6866932743963,40.6971495912529,-73.9391114013388,0.03388,0.01918,2021.93233465753,2021.94703465753,31500000
429,416,0.00324,40.6475940651436,-73.5961035058245,40.7413612103935,-73.6261725990817,0.02427,0.02103,2021.93418465753,2021.93742465753,31500000
429,417,0.000239999999900001,40.6475940651436,-73.5961035058245,40.6962690848262,-73.5597075725097,0.0212699999999,0.02103,2021.93418465753,2021.93442465753,31500000
430,431,0.00174,40.6971495912529,-73.9391114013388,40.6859324106732,-73.9597938485503,0.03562,0.03388,2021.94703465753,2021.94877465753,31500000
430,434,0.00174,40.6971495912529,-73.9391114013388,40.6859324106732,-73.9597938485503,0.03562,0.03388,2021.94703465753,2021.94877465753,31500000
431,432,0.00185,40.6859324106732,-73.9597938485503,40.7175339249736,-73.9886407076,0.03747,0.03562,2021.94877465753,2021.95062465753,31500000
431,433,0.00185,40.6859324106732,-73.9597938485503,40.7175339249736,-73.9886407076,0.03747,0.03562,2021.94877465753,2021.95062465753,31500000
432,418,0.000800000000000002,40.7175339249736,-73.9886407076,40.5934256292778,-73.6668906981919,0.03827,0.03747,2021.95062465753,2021.95142465753,31500000
432,419,0.000800000000000002,40.7175339249736,-73.9886407076,40.7403564704693,-73.9788779422184,0.03827,0.03747,2021.95062465753,2021.95142465753,31500000
433,420,0.000800000000000002,40.7175339249736,-73.9886407076,40.7489392353738,-73.4769357148816,0.03827,0.03747,2021.95062465753,2021.95142465753,31500000
433,421,0.000800000000000002,40.7175339249736,-73.9886407076,40.6883908241638,-73.9164167036488,0.03827,0.03747,2021.95062465753,2021.95142465753,31500000
434,435,0.00185,40.6859324106732,-73.9597938485503,40.7175339249736,-73.9886407076,0.03747,0.03562,2021.94877465753,2021.95062465753,31500000
434,436,0.00459,40.6859324106732,-73.9597938485503,40.70601858343,-73.991116308102,0.04021,0.03562,2021.94877465753,2021.95336465753,31500000
435,422,0.000800000000000002,40.7175339249736,-73.9886407076,40.7665600258095,-73.9972673357013,0.03827,0.03747,2021.95062465753,2021.95142465753,31500000
435,423,0.000800000000000002,40.7175339249736,-73.9886407076,40.7638565141665,-73.9583871532022,0.03827,0.03747,2021.95062465753,2021.95142465753,31500000
436,424,5.99999999500028e-05,40.70601858343,-73.991116308102,40.7446502274875,-73.9867963542796,0.04026999999995,0.04021,2021.95336465753,2021.95342465753,31500000
436,425,5.99999999500028e-05,40.70601858343,-73.991116308102,40.618484400295,-74.0389654735178,0.04026999999995,0.04021,2021.95336465753,2021.95342465753,31500000
440,437,0.001603843084,40.8049493544238,-73.8962201549695,40.763132706793,-73.71870589292,0.001603843084,0,2022.06414958158,2022.06575342466,31500000
440,441,0.000883843084,40.8049493544238,-73.8962201549695,40.789263512953,-73.5439167693349,0.000883843084,0,2022.06414958158,2022.06503342466,31500000
441,438,0.00072,40.789263512953,-73.5439167693349,40.7712757956818,-73.7370044488506,0.001603843084,0.000883843084,2022.06503342466,2022.06575342466,31500000
441,439,0.00072,40.789263512953,-73.5439167693349,40.7669722416825,-73.7461754668214,0.001603843084,0.000883843084,2022.06503342466,2022.06575342466,31500000
