node1,node2,startLoc,endLoc,length,endNodeL,startNodeL,startYear,endYear,cladeID
2052,2053,Bronx,Bronx,0.1627073412,0.1627073412,0,2020.66258277804,2020.82529011924,1
2052,2766,Bronx,Bronx,0.00760799548500002,0.00760799548500002,0,2020.66258277804,2020.67019077353,1
2766,4098,Bronx,Nassau,0.06543141046,0.073039405945,0.00760799548500002,2020.67019077353,2020.73562218399,1
2766,2767,Bronx,Bronx,0.06979724097,0.077405236455,0.00760799548500002,2020.67019077353,2020.7399880145,1
2767,3029,Bronx,Bronx,0.00383021240900006,0.081235448864,0.077405236455,2020.7399880145,2020.7438182269,1
3029,3141,Bronx,Bronx,0.00676872306499998,0.088004171929,0.081235448864,2020.7438182269,2020.75058694997,1
3141,3142,Bronx,Bronx,0.006997848488,0.095002020417,0.088004171929,2020.75058694997,2020.75758479846,1
3142,3144,Bronx,Bronx,0.000710593985499997,0.0957126144025,0.095002020417,2020.75758479846,2020.75829539244,1
2767,2768,Bronx,Bronx,0.02825642307,0.105661659525,0.077405236455,2020.7399880145,2020.76824443757,1
2768,2954,Bronx,Bronx,0.0152237714900001,0.120885431015,0.105661659525,2020.76824443757,2020.78346820906,1
3144,3145,Bronx,Bronx,0.02846425394,0.1241768683425,0.0957126144025,2020.75829539244,2020.78675964638,1
3029,3030,Bronx,Bronx,0.05249967896,0.133735127824,0.081235448864,2020.7438182269,2020.79631790586,1
2768,2769,Bronx,Bronx,0.0284402409000001,0.134101900425,0.105661659525,2020.76824443757,2020.79668467847,1
3030,3038,Bronx,Bronx,0.00821713160600002,0.14195225943,0.133735127824,2020.79631790586,2020.80453503747,1
3145,3157,Bronx,Bronx,0.0203801514900001,0.1445570198325,0.1241768683425,2020.78675964638,2020.80713979787,1
2769,2770,Bronx,Bronx,0.0143839878599999,0.148485888285,0.134101900425,2020.79668467847,2020.81106866633,1
3157,3158,Bronx,Bronx,0.007340293429,0.1518973132615,0.1445570198325,2020.80713979787,2020.8144800913,1
2770,2833,Bronx,Bronx,0.00917266666600003,0.157658554951,0.148485888285,2020.81106866633,2020.82024133299,1
2833,2847,Bronx,Bronx,0.00355996490599997,0.161218519857,0.157658554951,2020.82024133299,2020.8238012979,1
2847,2849,Bronx,Bronx,0.000742545791400095,0.1619610656484,0.161218519857,2020.8238012979,2020.82454384369,1
2053,2054,Bronx,Bronx,0.000987010575499991,0.1636943517755,0.1627073412,2020.82529011924,2020.82627712982,1
3158,3160,Bronx,Bronx,0.01318908983,0.1650864030915,0.1518973132615,2020.8144800913,2020.82766918113,1
2054,2055,Bronx,Bronx,0.00582139861700004,0.1695157503925,0.1636943517755,2020.82627712982,2020.83209852843,1
3038,3039,Bronx,Bronx,0.03116765526,0.17311991469,0.14195225943,2020.80453503747,2020.83570269273,1
3160,3161,Bronx,Bronx,0.00947102209299999,0.1745574251845,0.1650864030915,2020.82766918113,2020.83714020322,1
3161,3163,Bronx,Bronx,0.00440510135399996,0.1789625265385,0.1745574251845,2020.83714020322,2020.84154530458,1
3163,3167,Bronx,Bronx,8.3798973359972e-05,0.17904632551186,0.1789625265385,2020.84154530458,2020.84162910355,1
2053,2741,Bronx,Bronx,0.01750665964,0.18021400084,0.1627073412,2020.82529011924,2020.84279677888,1
2849,2851,Bronx,Bronx,0.02117019395,0.1831312595984,0.1619610656484,2020.82454384369,2020.84571403764,1
3167,3168,Bronx,Bronx,0.01053407768,0.18958040319186,0.17904632551186,2020.84162910355,2020.85216318123,1
3168,3169,Bronx,Bronx,0.000167483253699974,0.18974788644556,0.18958040319186,2020.85216318123,2020.85233066449,1
3169,3170,Bronx,Bronx,0.0015360888,0.19128397524556,0.18974788644556,2020.85233066449,2020.85386675329,1
2055,2057,Bronx,Bronx,0.02184196455,0.1913577149425,0.1695157503925,2020.83209852843,2020.85394049298,1
3038,3083,Bronx,Bronx,0.0515711559299999,0.19352341536,0.14195225943,2020.80453503747,2020.8561061934,1
3170,3339,Bronx,Bronx,0.00258379312300006,0.19386776836856,0.19128397524556,2020.85386675329,2020.85645054641,1
2770,2771,Bronx,Bronx,0.0472083776500001,0.195694265935,0.148485888285,2020.81106866633,2020.85827704398,1
2771,2772,Bronx,Bronx,0.00162733342400001,0.197321599359,0.195694265935,2020.85827704398,2020.8599043774,1
3339,3340,Bronx,Bronx,0.005205107215,0.19907287558356,0.19386776836856,2020.85645054641,2020.86165565362,1
3340,3346,Bronx,Bronx,0.00166248063499996,0.20073535621856,0.19907287558356,2020.86165565362,2020.86331813426,1
2851,2853,Bronx,NewYork,0.01823509974,0.2013663593384,0.1831312595984,2020.84571403764,2020.86394913738,1
2057,2058,Bronx,Bronx,0.01156397457,0.2029216895125,0.1913577149425,2020.85394049298,2020.86550446755,1
3346,3354,Bronx,Bronx,0.00253078282999997,0.20326613904856,0.20073535621856,2020.86331813426,2020.86584891709,1
2058,2059,Bronx,Bronx,0.00243249258199996,0.2053541820945,0.2029216895125,2020.86550446755,2020.86793696014,1
2853,2881,NewYork,NewYork,0.0052921256759999,0.2066584850144,0.2013663593384,2020.86394913738,2020.86924126305,1
2059,2079,Bronx,Bronx,0.0027858021060001,0.2081399842005,0.2053541820945,2020.86793696014,2020.87072276224,1
3354,3355,Bronx,Bronx,0.00766210666400002,0.21092824571256,0.20326613904856,2020.86584891709,2020.87351102375,1
2769,2949,Bronx,Bronx,0.07772178529,0.211823685715,0.134101900425,2020.79668467847,2020.87440646376,1
3083,3098,Bronx,Bronx,0.01856472582,0.21208814118,0.19352341536,2020.8561061934,2020.87467091922,1
3355,3356,Bronx,Bronx,0.00178921928499998,0.21271746499756,0.21092824571256,2020.87351102375,2020.87530024304,1
3170,3171,Bronx,Bronx,0.02174408584,0.21302806108556,0.19128397524556,2020.85386675329,2020.87561083913,1
2949,2950,Bronx,Bronx,0.00408680349599999,0.215910489211,0.211823685715,2020.87440646376,2020.87849326725,1
3356,3366,Bronx,Bronx,0.00325193048200001,0.21596939547956,0.21271746499756,2020.87530024304,2020.87855217352,1
3171,3253,Bronx,Bronx,0.00389602070200001,0.21692408178756,0.21302806108556,2020.87561083913,2020.87950685983,1
3366,3368,Bronx,Bronx,0.00105080355100007,0.21702019903056,0.21596939547956,2020.87855217352,2020.87960297707,1
2079,2098,Bronx,Bronx,0.0101909538,0.2183309380005,0.2081399842005,2020.87072276224,2020.88091371604,1
3368,3370,Bronx,Bronx,0.00296316217199999,0.21998336120256,0.21702019903056,2020.87960297707,2020.88256613924,1
2098,2143,Bronx,Bronx,0.00373415379099995,0.2220650917915,0.2183309380005,2020.88091371604,2020.88464786983,1
3370,3371,Bronx,Bronx,0.00219326338000003,0.22217662458256,0.21998336120256,2020.88256613924,2020.88475940262,1
3371,3372,Bronx,Bronx,0.00167801974999993,0.22385464433256,0.22217662458256,2020.88475940262,2020.88643742237,1
2143,2144,Bronx,Bronx,0.00260202563300005,0.2246671174245,0.2220650917915,2020.88464786983,2020.88724989546,1
2144,2155,Bronx,Bronx,0.000429792261799955,0.2250969096863,0.2246671174245,2020.88724989546,2020.88767968773,1
3372,3373,Bronx,Bronx,0.00143279246799999,0.22528743680056,0.22385464433256,2020.88643742237,2020.88787021484,1
3373,3375,Bronx,Bronx,0.000397726266200049,0.22568516306676,0.22528743680056,2020.88787021484,2020.88826794111,1
2155,2157,Bronx,Bronx,0.00132641367300002,0.2264233233593,0.2250969096863,2020.88767968773,2020.8890061014,1
3375,3376,Bronx,Bronx,0.00110032283999995,0.22678548590676,0.22568516306676,2020.88826794111,2020.88936826395,1
2157,2159,Bronx,Bronx,0.00214148532299996,0.2285648086823,0.2264233233593,2020.8890061014,2020.89114758672,1
2772,2773,Bronx,Bronx,0.03179033659,0.229111935949,0.197321599359,2020.8599043774,2020.89169471399,1
2159,2299,Bronx,Bronx,0.00076505209790001,0.2293298607802,0.2285648086823,2020.89114758672,2020.89191263882,1
3376,3377,Bronx,Bronx,0.00342752265500001,0.23021300856176,0.22678548590676,2020.88936826395,2020.8927957866,1
2159,2160,Bronx,Bronx,0.00189418276099995,0.2304589914433,0.2285648086823,2020.89114758672,2020.89304176948,1
3171,3172,Bronx,Bronx,0.0185489791300001,0.23157704021556,0.21302806108556,2020.87561083913,2020.89415981826,1
2950,2951,Bronx,Bronx,0.0168122858499999,0.232722775061,0.215910489211,2020.87849326725,2020.8953055531,1
2299,2300,Bronx,Bronx,0.00339876913399995,0.2327286299142,0.2293298607802,2020.89191263882,2020.89531140795,1
2881,2917,NewYork,NewYork,0.02628132387,0.2329398088844,0.2066584850144,2020.86924126305,2020.89552258692,1
2954,2957,Bronx,Bronx,0.1134384018,0.234323832815,0.120885431015,2020.78346820906,2020.89690661086,1
3377,3380,Bronx,Bronx,0.00422810458699996,0.23444111314876,0.23021300856176,2020.8927957866,2020.89702389119,1
3380,3387,Bronx,Bronx,0.00182465518300001,0.23626576833176,0.23444111314876,2020.89702389119,2020.89884854637,1
2917,2921,NewYork,NewYork,0.00358215825599995,0.2365219671404,0.2329398088844,2020.89552258692,2020.89910474518,1
3340,3341,Bronx,NewYork,0.0375203479899999,0.23659322357356,0.19907287558356,2020.86165565362,2020.89917600161,1
3387,3388,Bronx,Bronx,0.00123436454400006,0.23750013287576,0.23626576833176,2020.89884854637,2020.90008291092,1
2300,2374,Bronx,Bronx,0.00652675371300004,0.2392553836272,0.2327286299142,2020.89531140795,2020.90183816167,1
2957,2965,Bronx,Bronx,0.00583720602299997,0.240161038838,0.234323832815,2020.89690661086,2020.90274381688,1
2773,2774,Bronx,Bronx,0.0117242626799999,0.240836198629,0.229111935949,2020.89169471399,2020.90341897667,1
2160,2194,Bronx,Bronx,0.0103894683400001,0.2408484597833,0.2304589914433,2020.89304176948,2020.90343123782,1
2965,2966,Bronx,Bronx,0.000880132661900013,0.2410411714999,0.240161038838,2020.90274381688,2020.90362394954,1
2374,2378,Bronx,Bronx,0.00288022270300003,0.2421356063302,0.2392553836272,2020.90183816167,2020.90471838437,1
2881,2882,NewYork,NewYork,0.03550774281,0.2421662278244,0.2066584850144,2020.86924126305,2020.90474900586,1
3388,3395,Bronx,Bronx,0.00471087442699991,0.24221100730276,0.23750013287576,2020.90008291092,2020.90479378534,1
3172,3193,Bronx,Bronx,0.0122672900099999,0.24384433022556,0.23157704021556,2020.89415981826,2020.90642710827,1
3395,3396,Bronx,Bronx,0.00256502965000005,0.24477603695276,0.24221100730276,2020.90479378534,2020.90735881499,1
2774,2775,Bronx,Bronx,0.00400306920500004,0.244839267834,0.240836198629,2020.90341897667,2020.90742204587,1
3396,3399,Bronx,Bronx,0.000223290884200034,0.24499932783696,0.24477603695276,2020.90735881499,2020.90758210588,1
3172,3173,Bronx,Bronx,0.01386979131,0.24544683152556,0.23157704021556,2020.89415981826,2020.90802960957,1
3399,3404,Bronx,Bronx,0.000555919713600028,0.24555524755056,0.24499932783696,2020.90758210588,2020.90813802559,1
3404,3445,Bronx,Bronx,0.000146227970599933,0.24570147552116,0.24555524755056,2020.90813802559,2020.90828425356,1
2882,2883,NewYork,NewYork,0.00418599962599997,0.2463522274504,0.2421662278244,2020.90474900586,2020.90893500549,1
2378,2379,Bronx,Bronx,0.00534291776699991,0.2474785240972,0.2421356063302,2020.90471838437,2020.91006130214,1
2379,2380,Bronx,Bronx,0.00109351560900006,0.2485720397062,0.2474785240972,2020.91006130214,2020.91115481775,1
2300,2301,Bronx,Bronx,0.0162014998000001,0.2489301297142,0.2327286299142,2020.89531140795,2020.91151290775,1
3098,3099,Bronx,NewYork,0.03692347216,0.24901161334,0.21208814118,2020.87467091922,2020.91159439138,1
3445,3446,Bronx,Bronx,0.00356086237499997,0.24926233789616,0.24570147552116,2020.90828425356,2020.91184511594,1
3446,3447,Bronx,Bronx,0.000968747814800053,0.25023108571096,0.24926233789616,2020.91184511594,2020.91281386375,1
3447,3448,Bronx,Bronx,0.000149539471099969,0.25038062518206,0.25023108571096,2020.91281386375,2020.91296340322,1
2771,2826,Bronx,Bronx,0.0554841209199999,0.251178386855,0.195694265935,2020.85827704398,2020.9137611649,1
2921,2922,NewYork,NewYork,0.01547847557,0.2520004427104,0.2365219671404,2020.89910474518,2020.91458322075,1
3448,3450,Bronx,Bronx,0.00194907623200002,0.25232970141406,0.25038062518206,2020.91296340322,2020.91491247945,1
3450,3451,Bronx,Bronx,0.000348845808100018,0.25267854722216,0.25232970141406,2020.91491247945,2020.91526132526,1
3451,3456,Bronx,Bronx,0.000173125452300082,0.25285167267446,0.25267854722216,2020.91526132526,2020.91543445071,1
3083,3084,Bronx,NewYork,0.05961375683,0.25313717219,0.19352341536,2020.8561061934,2020.91571995023,1
3456,3457,Bronx,Bronx,0.001107255631,0.25395892830546,0.25285167267446,2020.91543445071,2020.91654170635,1
2741,2756,Bronx,Bronx,0.0743392893900001,0.25455329023,0.18021400084,2020.84279677888,2020.91713606827,1
3457,3526,Bronx,Bronx,0.00133569565199998,0.25529462395746,0.25395892830546,2020.91654170635,2020.917877402,1
2775,2776,Bronx,Bronx,0.0114472788700001,0.256286546704,0.244839267834,2020.90742204587,2020.91886932474,1
3526,3591,Bronx,Bronx,0.00106895929600004,0.25636358325346,0.25529462395746,2020.917877402,2020.91894636129,1
3591,3646,Bronx,Bronx,0.000318469776700026,0.25668205303016,0.25636358325346,2020.91894636129,2020.91926483107,1
3646,3670,Bronx,Bronx,4.78930350900075e-05,0.25672994606525,0.25668205303016,2020.91926483107,2020.91931272411,1
2776,2777,Bronx,Bronx,0.00127668028499994,0.257563226989,0.256286546704,2020.91886932474,2020.92014600503,1
2949,895,Bronx,Bronx,0.04668942663,0.258513112345,0.211823685715,2020.87440646376,2020.92109589039,1
2160,2161,Bronx,Bronx,0.0281626723100001,0.2586216637533,0.2304589914433,2020.89304176948,2020.92120444179,1
3099,3126,NewYork,NewYork,0.00985170933099999,0.258863322671,0.24901161334,2020.91159439138,2020.92144610071,1
3193,3194,Bronx,Bronx,0.0154633471900001,0.25930767741556,0.24384433022556,2020.90642710827,2020.92189045546,1
2777,2780,Bronx,Bronx,0.00263982445200006,0.260203051441,0.257563226989,2020.92014600503,2020.92278582948,1
2951,896,Bronx,Bronx,0.0277903372800001,0.260513112341,0.232722775061,2020.8953055531,2020.92309589038,1
3670,3735,Bronx,Bronx,0.00472022665600003,0.26145017272125,0.25672994606525,2020.91931272411,2020.92403295076,1
3039,3041,Bronx,Bronx,0.08840777118,0.26152768587,0.17311991469,2020.83570269273,2020.92411046391,1
3591,3592,Bronx,Bronx,0.00549786621799997,0.26186144947146,0.25636358325346,2020.91894636129,2020.92444422751,1
3735,3771,Bronx,Bronx,0.000650929790699917,0.26210110251195,0.26145017272125,2020.92403295076,2020.92468388055,1
3771,3963,Bronx,Bronx,0.00275983085600007,0.26486093336795,0.26210110251195,2020.92468388055,2020.92744371141,1
2780,2781,Bronx,Bronx,0.00486072561099993,0.265063777052,0.260203051441,2020.92278582948,2020.92764655509,1
2194,2214,Bronx,Bronx,0.02458368623,0.2654321460133,0.2408484597833,2020.90343123782,2020.92801492405,1
3646,3647,Bronx,NewYork,0.00887682495899988,0.26555887798916,0.25668205303016,2020.91926483107,2020.92814165603,1
2098,2099,Bronx,Bronx,0.04758757129,0.2659185092905,0.2183309380005,2020.88091371604,2020.92850128733,1
2741,2742,Bronx,Bronx,0.0858056338300001,0.26601963467,0.18021400084,2020.84279677888,2020.92860241271,1
3963,3964,Bronx,Bronx,0.00137620533899996,0.26623713870695,0.26486093336795,2020.92744371141,2020.92881991675,1
3963,1911,Bronx,NewYork,0.00165217897600001,0.26651311234395,0.26486093336795,2020.92744371141,2020.92909589038,1
2966,2967,Bronx,Bronx,0.02553486617,0.2665760376699,0.2410411714999,2020.90362394954,2020.92915881571,1
3964,4004,Bronx,Bronx,0.00104278276800007,0.26727992147495,0.26623713870695,2020.92881991675,2020.92986269952,1
3670,3671,Bronx,NewYork,0.01186411364,0.26859405970525,0.25672994606525,2020.91931272411,2020.93117683775,1
3964,3965,Bronx,Bronx,0.00269658898300007,0.26893372768995,0.26623713870695,2020.92881991675,2020.93151650573,1
3404,3405,Bronx,NewYork,0.02367898994,0.26923423749056,0.24555524755056,2020.90813802559,2020.93181701553,1
2380,2383,Bronx,Bronx,0.02072599879,0.2692980384962,0.2485720397062,2020.91115481775,2020.93188081654,1
2922,867,NewYork,NewYork,0.01751266963,0.2695131123404,0.2520004427104,2020.91458322075,2020.93209589038,1
3126,1072,NewYork,Nassau,0.01064978967,0.269513112341,0.258863322671,2020.92144610071,2020.93209589038,1
2214,2215,Bronx,Bronx,0.00453233438700007,0.2699644804003,0.2654321460133,2020.92801492405,2020.93254725844,1
2383,2384,Bronx,Bronx,0.00130918300899996,0.2706072215052,0.2692980384962,2020.93188081654,2020.93318999955,1
2144,2145,Bronx,Bronx,0.04600865497,0.2706757723945,0.2246671174245,2020.88724989546,2020.93325855043,1
3405,3406,NewYork,NewYork,0.00172132846299999,0.27095556595356,0.26923423749056,2020.93181701553,2020.93353834399,1
2301,2303,Bronx,Bronx,0.0226259837899999,0.2715561135042,0.2489301297142,2020.91151290775,2020.93413889154,1
2922,2923,NewYork,NewYork,0.02014134905,0.2721417917604,0.2520004427104,2020.91458322075,2020.9347245698,1
2781,2782,Bronx,Bronx,0.00745638474599997,0.272520161798,0.265063777052,2020.92764655509,2020.93510293984,1
2384,2404,Bronx,Bronx,0.00217730849999997,0.2727845300052,0.2706072215052,2020.93318999955,2020.93536730805,1
3965,3966,Bronx,Bronx,0.00510324995999989,0.27403697764995,0.26893372768995,2020.93151650573,2020.93661975569,1
2774,716,Bronx,Bronx,0.03367691371,0.274513112339,0.240836198629,2020.90341897667,2020.93709589038,1
2215,2216,Bronx,Bronx,0.00593738344099992,0.2759018638413,0.2699644804003,2020.93254725844,2020.93848464188,1
3771,3772,Bronx,Bronx,0.01393587189,0.27603697440195,0.26210110251195,2020.92468388055,2020.93861975244,1
3253,3254,Bronx,Bronx,0.05913021072,0.27605429250756,0.21692408178756,2020.87950685983,2020.93863707055,1
3126,3127,NewYork,NewYork,0.01721228474,0.276075607411,0.258863322671,2020.92144610071,2020.93865838545,1
2216,2217,Bronx,Bronx,0.000711783364500063,0.2766136472058,0.2759018638413,2020.93848464188,2020.93919642525,1
2404,2405,Bronx,Bronx,0.00391927052399998,0.2767038005292,0.2727845300052,2020.93536730805,2020.93928657857,1
2853,2854,NewYork,NewYork,0.07547242139,0.2768387807284,0.2013663593384,2020.86394913738,2020.93942155877,1
2923,2929,NewYork,NewYork,0.00691675610999998,0.2790585478704,0.2721417917604,2020.9347245698,2020.94164132591,1
2079,2080,Bronx,Bronx,0.07098521392,0.2791251981205,0.2081399842005,2020.87072276224,2020.94170797616,1
3671,3684,NewYork,NewYork,0.01059889766,0.27919295736525,0.26859405970525,2020.93117683775,2020.94177573541,1
2883,2885,NewYork,NewYork,0.03307545569,0.2794276831404,0.2463522274504,2020.90893500549,2020.94201046118,1
2782,2783,Bronx,Bronx,0.00718931687000007,0.279709478668,0.272520161798,2020.93510293984,2020.94229225671,1
2405,2408,Bronx,Bronx,0.003352946824,0.2800567473532,0.2767038005292,2020.93928657857,2020.94263952539,1
2967,2981,Bronx,Bronx,0.01418924452,0.2807652821899,0.2665760376699,2020.92915881571,2020.94334806023,1
2833,2834,Bronx,Bronx,0.1232838996,0.280942454551,0.157658554951,2020.82024133299,2020.94352523259,1
2966,3005,Bronx,Bronx,0.04007128496,0.2811124564599,0.2410411714999,2020.90362394954,2020.9436952345,1
2215,2257,Bronx,Bronx,0.0120577922199999,0.2820222726203,0.2699644804003,2020.93254725844,2020.94460505066,1
2408,2419,Bronx,Bronx,0.00224552858799998,0.2823022759412,0.2800567473532,2020.94263952539,2020.94488505398,1
2099,2100,Bronx,Bronx,0.0164283091099999,0.2823468184005,0.2659185092905,2020.92850128733,2020.94492959644,1
3084,1030,NewYork,Queens,0.02937594015,0.28251311234,0.25313717219,2020.91571995023,2020.94509589038,1
2783,2787,Bronx,Bronx,0.00296769933399998,0.282677178002,0.279709478668,2020.94229225671,2020.94525995604,1
2929,2936,NewYork,Bronx,0.00369400955600002,0.2827525574264,0.2790585478704,2020.94164132591,2020.94533533547,1
2936,2938,Bronx,Bronx,0.000511842772299986,0.2832644001987,0.2827525574264,2020.94533533547,2020.94584717824,1
3005,3006,Bronx,Bronx,0.00261422853900001,0.2837266849989,0.2811124564599,2020.9436952345,2020.94630946304,1
2161,2163,Bronx,Bronx,0.02516336719,0.2837850309433,0.2586216637533,2020.92120444179,2020.94636780898,1
3005,3010,Bronx,Bronx,0.00271181284100003,0.2838242693009,0.2811124564599,2020.9436952345,2020.94640704734,1
2419,2420,Bronx,Bronx,0.001579332988,0.2838816089292,0.2823022759412,2020.94488505398,2020.94646438697,1
3099,3100,NewYork,NewYork,0.03541178946,0.2844234028,0.24901161334,2020.91159439138,2020.94700618084,1
4004,4030,Bronx,Bronx,0.01801002863,0.28528995010495,0.26727992147495,2020.92986269952,2020.94787272815,1
2303,2304,Bronx,Bronx,0.01452538063,0.2860814941342,0.2715561135042,2020.93413889154,2020.94866427217,1
2787,2788,Bronx,Bronx,0.00377649611800002,0.28645367412,0.282677178002,2020.94525995604,2020.94903645216,1
3254,3255,Bronx,Bronx,0.0105744273300001,0.28662871983756,0.27605429250756,2020.93863707055,2020.94921149788,1
2163,2166,Bronx,Bronx,0.00289428565900002,0.2866793166023,0.2837850309433,2020.94636780898,2020.94926209464,1
3772,3790,Bronx,Bronx,0.01066295759,0.28669993199195,0.27603697440195,2020.93861975244,2020.94928271003,1
3790,3791,Bronx,Bronx,3.92921661401813e-06,0.286703861208564,0.28669993199195,2020.94928271003,2020.94928663925,1
2304,2305,Bronx,Bronx,0.00103965853499999,0.2871211526692,0.2860814941342,2020.94866427217,2020.94970393071,1
3791,3792,Bronx,Bronx,0.00127666962400003,0.287980530832564,0.286703861208564,2020.94928663925,2020.95056330887,1
2166,2169,Bronx,Bronx,0.001675241484,0.2883545580863,0.2866793166023,2020.94926209464,2020.95093733613,1
2217,2218,Bronx,Bronx,0.01203302883,0.2886466760358,0.2766136472058,2020.93919642525,2020.95122945408,1
4030,4076,Bronx,Bronx,0.00345496228100001,0.28874491238595,0.28528995010495,2020.94787272815,2020.95132769043,1
2788,2789,Bronx,Bronx,0.00333569890399998,0.289789373024,0.28645367412,2020.94903645216,2020.95237215106,1
2420,2422,Bronx,Bronx,0.006578196358,0.2904598052872,0.2838816089292,2020.94646438697,2020.95304258333,1
3735,3736,Bronx,Bronx,0.0297300803,0.29118025302125,0.26145017272125,2020.92403295076,2020.95376303106,1
2950,900,Bronx,NewYork,0.07560262313,0.291513112341,0.215910489211,2020.87849326725,2020.95409589038,1
2885,2889,NewYork,NewYork,0.0121434299,0.2915711130404,0.2794276831404,2020.94201046118,2020.95415389108,1
2889,2899,NewYork,NewYork,0.000319463404200027,0.2918905764446,0.2915711130404,2020.95415389108,2020.95447335449,1
3255,3256,Bronx,Bronx,0.00546025181499998,0.29208897165256,0.28662871983756,2020.94921149788,2020.95467174969,1
2899,2900,NewYork,NewYork,0.000361846379099973,0.2922524228237,0.2918905764446,2020.95447335449,2020.95483520086,1
3010,3011,Bronx,Bronx,0.00855067680400001,0.2923749461049,0.2838242693009,2020.94640704734,2020.95495772415,1
3736,3746,Bronx,Bronx,0.00120677098400002,0.29238702400525,0.29118025302125,2020.95376303106,2020.95496980205,1
3256,3257,Bronx,Bronx,0.000375780934300018,0.29246475258686,0.29208897165256,2020.95467174969,2020.95504753063,1
2826,2827,Bronx,NewYork,0.04134901814,0.292527404995,0.251178386855,2020.9137611649,2020.95511018304,1
4004,4005,Bronx,Bronx,0.02574708775,0.29302700922495,0.26727992147495,2020.92986269952,2020.95560978727,1
2900,2901,NewYork,NewYork,0.000848328956599975,0.2931007517803,0.2922524228237,2020.95483520086,2020.95568352982,1
3684,3685,NewYork,NewYork,0.0139510744,0.29314403176525,0.27919295736525,2020.94177573541,2020.95572680981,1
2826,2828,Bronx,Bronx,0.04228654613,0.293464932985,0.251178386855,2020.9137611649,2020.95604771103,1
4005,1952,Bronx,Bronx,0.000486103117300019,0.29351311234225,0.29302700922495,2020.95560978727,2020.95609589038,1
3341,3342,NewYork,NewYork,0.05694255131,0.29353577488356,0.23659322357356,2020.89917600161,2020.95611855292,1
2885,2886,NewYork,NewYork,0.01412365769,0.2935513408304,0.2794276831404,2020.94201046118,2020.95613411887,1
3173,3174,Bronx,NewYork,0.04837039107,0.29381722259556,0.24544683152556,2020.90802960957,2020.95640000064,1
2828,2830,Bronx,Bronx,0.000465673686300017,0.2939306066713,0.293464932985,2020.95604771103,2020.95651338471,1
4098,4099,Nassau,Nassau,0.2209455421,0.293984948045,0.073039405945,2020.73562218399,2020.95656772609,1
2145,2146,Bronx,Bronx,0.02337259592,0.2940483683145,0.2706757723945,2020.93325855043,2020.95663114635,1
4076,4077,Bronx,Bronx,0.00553261176399999,0.29427752414995,0.28874491238595,2020.95132769043,2020.95686030219,1
2981,2983,Bronx,Bronx,0.01368898805,0.2944542702399,0.2807652821899,2020.94334806023,2020.95703704828,1
2983,2984,Bronx,Bronx,0.000404506532199977,0.2948587767721,0.2944542702399,2020.95703704828,2020.95744155481,1
3084,3085,NewYork,NewYork,0.0418762686,0.29501344079,0.25313717219,2020.91571995023,2020.95759621883,1
3592,3636,Bronx,NewYork,0.0335028521,0.29536430157146,0.26186144947146,2020.92444422751,2020.95794707961,1
3636,3637,NewYork,NewYork,5.85440401101867e-06,0.295370155975471,0.29536430157146,2020.95794707961,2020.95795293402,1
2100,2139,Bronx,Bronx,0.01322941103,0.2955762294305,0.2823468184005,2020.94492959644,2020.95815900747,1
3193,3207,Bronx,Bronx,0.05204135656,0.29588568678556,0.24384433022556,2020.90642710827,2020.95846846483,1
3006,3007,Bronx,Kings,0.01253075442,0.2962574394189,0.2837266849989,2020.94630946304,2020.95884021746,1
3127,3129,NewYork,NewYork,0.02022242732,0.296298034731,0.276075607411,2020.93865838545,2020.95888081277,1
3011,3015,Bronx,Bronx,0.00408490880899998,0.2964598549139,0.2923749461049,2020.95495772415,2020.95904263295,1
2854,2855,NewYork,NewYork,0.0196494309799999,0.2964882117084,0.2768387807284,2020.93942155877,2020.95907098975,1
3457,3458,Bronx,Bronx,0.0425508343,0.29650976260546,0.25395892830546,2020.91654170635,2020.95909254065,1
2827,771,NewYork,NewYork,0.00398570734300002,0.296513112338,0.292527404995,2020.95511018304,2020.95909589038,1
3685,3691,NewYork,NewYork,0.00337632372199997,0.29652035548725,0.29314403176525,2020.95572680981,2020.95910313353,1
3145,3146,Bronx,Bronx,0.1723920749,0.2965689432425,0.1241768683425,2020.78675964638,2020.95915172128,1
3041,3042,Bronx,Bronx,0.03564204118,0.29716972705,0.26152768587,2020.92411046391,2020.95975250509,1
3791,3807,Bronx,Bronx,0.01048580216,0.297189663368564,0.286703861208564,2020.94928663925,2020.95977244141,1
2772,2819,Bronx,Bronx,0.1002117445,0.297533343859,0.197321599359,2020.8599043774,2020.9601161219,1
4005,4006,Bronx,Bronx,0.00474430901,0.29777131823495,0.29302700922495,2020.95560978727,2020.96035409628,1
3085,3091,NewYork,NewYork,0.00289354874300002,0.297906989533,0.29501344079,2020.95759621883,2020.96048976757,1
3647,3650,NewYork,NewYork,0.0323880237,0.29794690168916,0.26555887798916,2020.92814165603,2020.96052967973,1
3691,3694,NewYork,NewYork,0.00145319309500003,0.29797354858225,0.29652035548725,2020.95910313353,2020.96055632662,1
2756,2757,Bronx,Bronx,0.0435732456899999,0.29812653592,0.25455329023,2020.91713606827,2020.96070931396,1
2422,2448,Bronx,Bronx,0.00792767319400001,0.2983874784812,0.2904598052872,2020.95304258333,2020.96097025652,1
2448,2449,Bronx,Bronx,8.46657375319637e-08,0.298387563146937,0.2983874784812,2020.96097025652,2020.96097034119,1
2855,2856,NewYork,NewYork,0.00223196055399999,0.2987201722624,0.2964882117084,2020.95907098975,2020.9613029503,1
2449,2451,Bronx,Bronx,0.000454701695000004,0.298842264841937,0.298387563146937,2020.96097034119,2020.96142504288,1
3377,3378,Bronx,Bronx,0.0689620003,0.29917500886176,0.23021300856176,2020.8927957866,2020.9617577869,1
3746,3756,Bronx,Bronx,0.00678943747799998,0.29917646148325,0.29238702400525,2020.95496980205,2020.96175923952,1
4030,4031,Bronx,Bronx,0.01390492373,0.29919487383495,0.28528995010495,2020.94787272815,2020.96177765188,1
2855,2872,NewYork,NewYork,0.00273584228700002,0.2992240539954,0.2964882117084,2020.95907098975,2020.96180683204,1
3592,3593,Bronx,Bronx,0.0374039036,0.29926535307146,0.26186144947146,2020.92444422751,2020.96184813111,1
3157,1105,Bronx,Westchester,0.1549560925,0.2995131123325,0.1445570198325,2020.80713979787,2020.96209589037,1
2789,2790,Bronx,Bronx,0.00986160207800002,0.299650975102,0.289789373024,2020.95237215106,2020.96223375314,1
3772,3773,Bronx,Bronx,0.02432294498,0.30035991938195,0.27603697440195,2020.93861975244,2020.96294269742,1
3685,3686,NewYork,NewYork,0.00790458074299999,0.30104861250825,0.29314403176525,2020.95572680981,2020.96363139055,1
2854,2878,NewYork,NewYork,0.0242352366299999,0.3010740173584,0.2768387807284,2020.93942155877,2020.9636567954,1
2055,2056,Bronx,Bronx,0.1315632143,0.3010789646925,0.1695157503925,2020.83209852843,2020.96366174273,1
2777,2778,Bronx,Bronx,0.04367299703,0.301236224019,0.257563226989,2020.92014600503,2020.96381900206,1
2790,732,Bronx,Bronx,0.00186213723899997,0.301513112341,0.299650975102,2020.96223375314,2020.96409589038,1
2408,2409,Bronx,Bronx,0.02187958894,0.3019363362932,0.2800567473532,2020.94263952539,2020.96451911433,1
3015,3016,Bronx,Bronx,0.005730358288,0.3021902132019,0.2964598549139,2020.95904263295,2020.96477299124,1
2984,2988,Bronx,Bronx,0.00759993254000002,0.3024587093121,0.2948587767721,2020.95744155481,2020.96504148735,1
3686,3687,NewYork,NewYork,0.00164823635200001,0.30269684886025,0.30104861250825,2020.96363139055,2020.9652796269,1
2100,2101,Bronx,Bronx,0.02040497714,0.3027517955405,0.2823468184005,2020.94492959644,2020.96533457358,1
2451,2480,Bronx,Bronx,0.00395847123499998,0.302800736076937,0.298842264841937,2020.96142504288,2020.96538351412,1
2790,2791,Bronx,Bronx,0.00326799392900001,0.302918969031,0.299650975102,2020.96223375314,2020.96550174707,1
2059,2060,Bronx,NewYork,0.0979603236800001,0.3033145057745,0.2053541820945,2020.86793696014,2020.96589728381,1
2791,733,Bronx,Westchester,0.001594143311,0.304513112342,0.302918969031,2020.96550174707,2020.96709589038,1
3526,3527,Bronx,NewYork,0.04940973862,0.30470436257746,0.25529462395746,2020.917877402,2020.96728714062,1
3637,3638,NewYork,NewYork,0.00933586018299998,0.304706016158471,0.295370155975471,2020.95795293402,2020.9672887942,1
3016,3020,Bronx,Bronx,0.00256756691600002,0.3047577801179,0.3021902132019,2020.96477299124,2020.96734055816,1
3966,3967,Bronx,Bronx,0.0310109772000001,0.30504795484995,0.27403697764995,2020.93661975569,2020.96763073289,1
2305,2307,Bronx,Bronx,0.01806805939,0.3051892120592,0.2871211526692,2020.94970393071,2020.9677719901,1
2101,2102,Bronx,Bronx,0.00246125421600002,0.3052130497565,0.3027517955405,2020.96533457358,2020.9677958278,1
2480,2484,Bronx,Bronx,0.00293213896799999,0.305732875044937,0.302800736076937,2020.96538351412,2020.96831565309,1
2830,2831,Bronx,Bronx,0.01185699501,0.3057876016813,0.2939306066713,2020.95651338471,2020.96837037972,1
2484,2485,Bronx,Bronx,0.000519389203800014,0.306252264248737,0.305732875044937,2020.96831565309,2020.96883504229,1
2485,2489,Bronx,Bronx,6.95069577700269e-05,0.306321771206507,0.306252264248737,2020.96883504229,2020.96890454925,1
2489,2496,Bronx,Bronx,0.000276294165599988,0.306598065372107,0.306321771206507,2020.96890454925,2020.96918084341,1
3671,3672,NewYork,NewYork,0.03831870572,0.30691276542525,0.26859405970525,2020.93117683775,2020.96949554347,1
3756,3757,Bronx,Bronx,0.00787028387499999,0.30704674535825,0.29917646148325,2020.96175923952,2020.9696295234,1
3807,3808,Bronx,Bronx,0.01027527869,0.307464942058564,0.297189663368564,2020.95977244141,2020.9700477201,1
2214,160,Bronx,Westchester,0.04208096635,0.3075131123633,0.2654321460133,2020.92801492405,2020.9700958904,1
3168,1116,Bronx,Bronx,0.1179327092,0.30751311239186,0.18958040319186,2020.85216318123,2020.97009589043,1
2496,2497,Bronx,Bronx,0.00104810702199998,0.307646172394107,0.306598065372107,2020.96918084341,2020.97022895043,1
2984,2985,Bronx,Bronx,0.01289314518,0.3077519219521,0.2948587767721,2020.95744155481,2020.97033469999,1
3041,3074,Bronx,Bronx,0.04643119778,0.30795888365,0.26152768587,2020.92411046391,2020.97054166169,1
4031,4033,Bronx,Bronx,0.00887848091499999,0.30807335474995,0.29919487383495,2020.96177765188,2020.97065613279,1
3638,3639,NewYork,NewYork,0.003375781164,0.308081797322471,0.304706016158471,2020.9672887942,2020.97066457536,1
3639,3641,NewYork,NewYork,0.000862185419000017,0.308943982741471,0.308081797322471,2020.97066457536,2020.97152676078,1
3736,3737,Bronx,NewYork,0.0181012579,0.30928151092125,0.29118025302125,2020.95376303106,2020.97186428896,1
2497,2498,Bronx,Bronx,0.00186559454700003,0.309511766941107,0.307646172394107,2020.97022895043,2020.97209454498,1
2954,2955,Bronx,Kings,0.189034683,0.309920114015,0.120885431015,2020.78346820906,2020.97250289206,1
3773,3781,Bronx,Bronx,0.00985588844399998,0.31021580782595,0.30035991938195,2020.96294269742,2020.97279858587,1
3781,3783,Bronx,Bronx,0.000621834493599982,0.31083764231955,0.31021580782595,2020.97279858587,2020.97342042036,1
4031,4032,Bronx,Bronx,0.01213478414,0.31132965797495,0.29919487383495,2020.96177765188,2020.97391243602,1
3207,3208,Bronx,Bronx,0.01564845447,0.31153414125556,0.29588568678556,2020.95846846483,2020.9741169193,1
3257,3258,Bronx,Bronx,0.01913257285,0.31159732543686,0.29246475258686,2020.95504753063,2020.97418010348,1
3737,3738,NewYork,NewYork,0.00238384941100001,0.31166536033225,0.30928151092125,2020.97186428896,2020.97424813837,1
3808,3812,Bronx,Bronx,0.00429833249200001,0.311763274550564,0.307464942058564,2020.9700477201,2020.97434605259,1
2102,2103,Bronx,Bronx,0.00668961620199998,0.3119026659585,0.3052130497565,2020.9677958278,2020.974485444,1
3812,3814,Bronx,Bronx,0.000154725503400011,0.311918000053964,0.311763274550564,2020.97434605259,2020.97450077809,1
3527,3535,NewYork,NewYork,0.00734227079600003,0.31204663337346,0.30470436257746,2020.96728714062,2020.97462941141,1
2967,2968,Bronx,Bronx,0.04552634846,0.3121023861299,0.2665760376699,2020.92915881571,2020.97468516417,1
3258,3271,Bronx,Bronx,0.000631984897000004,0.31222931033386,0.31159732543686,2020.97418010348,2020.97481208837,1
3342,1289,NewYork,NewYork,0.01897733746,0.31251311234356,0.29353577488356,2020.95611855292,2020.97509589038,1
2498,2500,Bronx,Bronx,0.00365154823300001,0.313163315174108,0.309511766941107,2020.97209454498,2020.97574609321,1
4077,4079,Bronx,NewYork,0.0189529883,0.31323051244995,0.29427752414995,2020.95686030219,2020.97581329049,1
3814,3815,Bronx,Bronx,0.00141373909800002,0.313331739151964,0.311918000053964,2020.97450077809,2020.97591451719,1
2901,2902,NewYork,NewYork,0.0204244131,0.3135251648803,0.2931007517803,2020.95568352982,2020.97610794292,1
2080,2081,Bronx,Bronx,0.03488476944,0.3140099675605,0.2791251981205,2020.94170797616,2020.9765927456,1
3738,3741,NewYork,NewYork,0.00242538242500001,0.31409074275725,0.31166536033225,2020.97424813837,2020.9766735208,1
2834,2837,Bronx,Bronx,0.03387165929,0.314814113841,0.280942454551,2020.94352523259,2020.97739689188,1
3641,3642,NewYork,NewYork,0.00629711486599999,0.315241097607471,0.308943982741471,2020.97152676078,2020.97782387565,1
4077,4078,Bronx,Bronx,0.02097886155,0.31525638569995,0.29427752414995,2020.95686030219,2020.97783916374,1
3458,3481,Bronx,Bronx,0.0188599719,0.31536973450546,0.29650976260546,2020.95909254065,2020.97795251255,1
2489,2490,Bronx,Bronx,0.009087336133,0.315409107339507,0.306321771206507,2020.96890454925,2020.97799188538,1
3672,3675,NewYork,NewYork,0.00857346247599999,0.31548622790125,0.30691276542525,2020.96949554347,2020.97806900594,1
4033,4035,Bronx,Bronx,0.00743087211100002,0.31550422686095,0.30807335474995,2020.97065613279,2020.9780870049,1
3007,951,Kings,Kings,0.01925567292,0.3155131123389,0.2962574394189,2020.95884021746,2020.97809589038,1
2983,950,Bronx,Bronx,0.0210588421,0.3155131123399,0.2944542702399,2020.95703704828,2020.97809589038,1
2988,932,Bronx,Bronx,0.01305440303,0.3155131123421,0.3024587093121,2020.96504148735,2020.97809589038,1
3341,1288,NewYork,NewYork,0.0789198887700001,0.31551311234356,0.23659322357356,2020.89917600161,2020.97809589038,1
4032,1978,Bronx,Bronx,0.00418345436900003,0.31551311234395,0.31132965797495,2020.97391243602,2020.97809589038,1
3194,3195,Bronx,Kings,0.05640297902,0.31571065643556,0.25930767741556,2020.92189045546,2020.97829343448,1
2139,2140,Bronx,Bronx,0.02016714758,0.3157433770105,0.2955762294305,2020.95815900747,2020.97832615505,1
2163,2164,Bronx,NewYork,0.03202004334,0.3158050742833,0.2837850309433,2020.94636780898,2020.97838785232,1
2988,2989,Bronx,Bronx,0.01363231957,0.3160910288821,0.3024587093121,2020.96504148735,2020.97867380692,1
2194,2195,Bronx,Bronx,0.0753999085299999,0.3162483683133,0.2408484597833,2020.90343123782,2020.97883114635,1
4006,4008,Bronx,Bronx,0.01862263219,0.31639395042495,0.29777131823495,2020.96035409628,2020.97897672847,1
2307,2310,Bronx,Bronx,0.01149222303,0.3166814350892,0.3051892120592,2020.9677719901,2020.97926421313,1
2500,2527,Bronx,Bronx,0.00352310148899998,0.316686416663107,0.313163315174108,2020.97574609321,2020.9792691947,1
3020,3021,Bronx,Bronx,0.01200866709,0.3167664472079,0.3047577801179,2020.96734055816,2020.97934922525,1
2527,2528,Bronx,Bronx,0.000251244127499994,0.316937660790607,0.316686416663107,2020.9792691947,2020.97952043883,1
2878,2879,NewYork,NewYork,0.01599976055,0.3170737779084,0.3010740173584,2020.9636567954,2020.97965655595,1
4035,4036,Bronx,Bronx,0.00165021636200002,0.31715444322295,0.31550422686095,2020.9780870049,2020.97973722126,1
3042,3043,Bronx,Bronx,0.02000731202,0.31717703907,0.29716972705,2020.95975250509,2020.97975981711,1
3815,3816,Bronx,Bronx,0.004036806718,0.317368545869964,0.313331739151964,2020.97591451719,2020.97995132391,1
4079,4083,NewYork,NewYork,0.00420896087299999,0.31743947332295,0.31323051244995,2020.97581329049,2020.98002225136,1
2528,2529,Bronx,Bronx,0.000551545274199983,0.317489206064807,0.316937660790607,2020.97952043883,2020.98007198411,1
3792,3801,Bronx,NewYork,0.02959199884,0.317572529672564,0.287980530832564,2020.95056330887,2020.98015530771,1
2103,2107,Bronx,Bronx,0.005693876042,0.3175965420005,0.3119026659585,2020.974485444,2020.98017932004,1
2902,2904,NewYork,NewYork,0.00429560617300001,0.3178207710533,0.3135251648803,2020.97610794292,2020.98040354909,1
2107,2108,Bronx,Bronx,0.000379454960900028,0.3179759969614,0.3175965420005,2020.98017932004,2020.980558775,1
3757,3758,Bronx,Bronx,0.01121264342,0.31825938877825,0.30704674535825,2020.9696295234,2020.98084216682,1
2529,2535,Bronx,Bronx,0.000833158691199987,0.318322364756007,0.317489206064807,2020.98007198411,2020.9809051428,1
3458,3459,Bronx,Bronx,0.02188341781,0.31839318041546,0.29650976260546,2020.95909254065,2020.98097595846,1
4032,1979,Bronx,Bronx,0.00718345436899998,0.31851311234395,0.31132965797495,2020.97391243602,2020.98109589038,1
4078,2025,Bronx,Bronx,0.00325672664400001,0.31851311234395,0.31525638569995,2020.97783916374,2020.98109589038,1
4078,2026,Bronx,Bronx,0.00325672664400001,0.31851311234395,0.31525638569995,2020.97783916374,2020.98109589038,1
2904,2905,NewYork,NewYork,0.000762301192600012,0.3185830722459,0.3178207710533,2020.98040354909,2020.98116585029,1
2917,2918,NewYork,NewYork,0.08579048427,0.3187302931544,0.2329398088844,2020.89552258692,2020.98131307119,1
2951,2952,Bronx,Bronx,0.0864582680200001,0.319181043081,0.232722775061,2020.8953055531,2020.98176382112,1
2422,2423,Bronx,Nassau,0.02903353722,0.3194933425072,0.2904598052872,2020.95304258333,2020.98207612055,1
3642,3643,NewYork,NewYork,0.00427905828000003,0.319520155887471,0.315241097607471,2020.97782387565,2020.98210293393,1
3174,3177,NewYork,NewYork,0.02579176514,0.31960898773556,0.29381722259556,2020.95640000064,2020.98219176578,1
2535,2538,Bronx,Bronx,0.00130266918799998,0.319625033944007,0.318322364756007,2020.9809051428,2020.98220781198,1
2905,2906,NewYork,NewYork,0.00111412128499999,0.3196971935309,0.3185830722459,2020.98116585029,2020.98227997157,1
2169,2183,Bronx,Bronx,0.03159637995,0.3199509380363,0.2883545580863,2020.95093733613,2020.98253371608,1
4079,4080,NewYork,NewYork,0.00679849985499997,0.32002901230495,0.31323051244995,2020.97581329049,2020.98261179035,1
4080,4081,NewYork,NewYork,0.000106285488599978,0.32013529779355,0.32002901230495,2020.98261179035,2020.98271807583,1
3816,3818,Bronx,Bronx,0.00292868807800001,0.320297233947964,0.317368545869964,2020.97995132391,2020.98288001199,1
4036,4037,Bronx,Bronx,0.00337943853900002,0.32053388176195,0.31715444322295,2020.97973722126,2020.9831166598,1
2081,2082,Bronx,Bronx,0.00670836643,0.3207183339905,0.3140099675605,2020.9765927456,2020.98330111203,1
3818,3823,Bronx,Bronx,0.0006759276353,0.320973161583264,0.320297233947964,2020.98288001199,2020.98355593962,1
2216,2221,Bronx,NewYork,0.04533732088,0.3212391847213,0.2759018638413,2020.93848464188,2020.98382196276,1
2490,2491,Bronx,Bronx,0.00590073384200002,0.321309841181508,0.315409107339507,2020.97799188538,2020.98389261922,1
3823,3825,Bronx,Bronx,0.000482454567000024,0.321455616150264,0.320973161583264,2020.98355593962,2020.98403839419,1
3043,3044,Bronx,Bronx,0.00431475861300001,0.321491797683,0.31717703907,2020.97975981711,2020.98407457572,1
2791,2792,Bronx,Bronx,0.0185817796,0.321500748631,0.302918969031,2020.96550174707,2020.98408352667,1
3825,3845,Bronx,Bronx,9.44974929200093e-05,0.321550113643184,0.321455616150264,2020.98403839419,2020.98413289168,1
2257,2258,Bronx,NewYork,0.03959797136,0.3216202439803,0.2820222726203,2020.94460505066,2020.98420302202,1
2538,2539,Bronx,Bronx,0.002060627762,0.321685661706007,0.319625033944007,2020.98220781198,2020.98426843975,1
2164,2165,NewYork,NewYork,0.00590923398900001,0.3217143082723,0.3158050742833,2020.97838785232,2020.98429708631,1
3100,3107,NewYork,NewYork,0.03733019557,0.32175359837,0.2844234028,2020.94700618084,2020.98433637641,1
3593,3594,Bronx,Bronx,0.02249984471,0.32176519778146,0.29926535307146,2020.96184813111,2020.98434797582,1
3967,3968,Bronx,Bronx,0.01672573571,0.32177369055995,0.30504795484995,2020.96763073289,2020.9843564686,1
3741,3742,NewYork,NewYork,0.00769365032000002,0.32178439307725,0.31409074275725,2020.9766735208,2020.98436717112,1
2310,2312,Bronx,Bronx,0.00539666701399999,0.3220781021032,0.3166814350892,2020.97926421313,2020.98466088014,1
3527,3528,NewYork,NewYork,0.01742178164,0.32212614421746,0.30470436257746,2020.96728714062,2020.98470892226,1
2183,2184,Bronx,Bronx,0.00247722757399998,0.3224281656103,0.3199509380363,2020.98253371608,2020.98501094365,1
2989,2992,Bronx,Bronx,0.00645342720000003,0.3225444560821,0.3160910288821,2020.97867380692,2020.98512723412,1
2938,2940,Bronx,Bronx,0.03939004719,0.3226544473887,0.2832644001987,2020.94584717824,2020.98523722543,1
2384,2385,Bronx,NewYork,0.05224915072,0.3228563722252,0.2706072215052,2020.93318999955,2020.98543915027,1
3044,3057,Bronx,Bronx,0.001617585639,0.323109383322,0.321491797683,2020.98407457572,2020.98569216136,1
3845,3866,Bronx,Bronx,0.00160122231199999,0.323151335955184,0.321550113643184,2020.98413289168,2020.985734114,1
3481,3485,Bronx,Bronx,0.00809976555300002,0.32346950005846,0.31536973450546,2020.97795251255,2020.9860522781,1
3378,1325,Bronx,Bronx,0.02433810348,0.32351311234176,0.29917500886176,2020.9617577869,2020.98609589038,1
2165,108,NewYork,NewYork,0.00179880409400002,0.3235131123663,0.3217143082723,2020.98429708631,2020.98609589041,1
2081,39,Bronx,Westchester,0.00950314480600001,0.3235131123665,0.3140099675605,2020.9765927456,2020.98609589041,1
3253,1200,Bronx,Bronx,0.1065890306,0.32351311238756,0.21692408178756,2020.87950685983,2020.98609589043,1
3485,3486,Bronx,Bronx,0.000133495464699984,0.32360299552316,0.32346950005846,2020.9860522781,2020.98618577356,1
4033,4034,Bronx,Bronx,0.01553434134,0.32360769608995,0.30807335474995,2020.97065613279,2020.98619047413,1
3207,3249,Bronx,Bronx,0.02773239649,0.32361808327556,0.29588568678556,2020.95846846483,2020.98620086132,1
2303,2373,Bronx,Bronx,0.05210139221,0.3236575057142,0.2715561135042,2020.93413889154,2020.98624028375,1
2837,2838,Bronx,Bronx,0.008855267394,0.323669381235,0.314814113841,2020.97739689188,2020.98625215928,1
2838,2839,Bronx,Bronx,6.80180574900158e-05,0.32373739929249,0.323669381235,2020.98625215928,2020.98632017733,1
3271,3272,Bronx,Bronx,0.01183447647,0.32406378680386,0.31222931033386,2020.97481208837,2020.98664656484,1
2218,2219,Bronx,NewYork,0.0355117763,0.3241584523358,0.2886466760358,2020.95122945408,2020.98674123038,1
3042,3073,Bronx,Bronx,0.0270277435,0.32419747055,0.29716972705,2020.95975250509,2020.98678024859,1
2312,2313,Bronx,Bronx,0.00249950303800001,0.3245776051412,0.3220781021032,2020.98466088014,2020.98716038318,1
3650,3652,NewYork,NewYork,0.02666624756,0.32461314924916,0.29794690168916,2020.96052967973,2020.98719592729,1
3258,3259,Bronx,Bronx,0.01318782336,0.32478514879686,0.31159732543686,2020.97418010348,2020.98736792684,1
3208,3210,Bronx,Bronx,0.0133397704,0.32487391165556,0.31153414125556,2020.9741169193,2020.9874566897,1
2906,2907,NewYork,NewYork,0.00523229943600001,0.3249294929669,0.3196971935309,2020.98227997157,2020.98751227101,1
2918,2919,NewYork,NewYork,0.00620569978199997,0.3249359929364,0.3187302931544,2020.98131307119,2020.98751877098,1
2313,2316,Bronx,Bronx,0.000464742897499981,0.3250423480387,0.3245776051412,2020.98716038318,2020.98762512608,1
3107,3108,NewYork,NewYork,0.00345750758899999,0.325211105959,0.32175359837,2020.98433637641,2020.987793884,1
2539,2540,Bronx,Bronx,0.00361205577099999,0.325297717477007,0.321685661706007,2020.98426843975,2020.98788049552,1
2423,2424,Nassau,Nassau,0.00595695579,0.3254502982972,0.3194933425072,2020.98207612055,2020.98803307634,1
2907,2908,NewYork,NewYork,0.000581780339100002,0.325511273306,0.3249294929669,2020.98751227101,2020.98809405135,1
2316,2320,Bronx,Bronx,0.000615828364899984,0.3256581764036,0.3250423480387,2020.98762512608,2020.98824095444,1
2540,2541,Bronx,Bronx,0.000590080585199992,0.325887798062207,0.325297717477007,2020.98788049552,2020.9884705761,1
4008,4014,Bronx,Bronx,0.00954947941000001,0.32594342983495,0.31639395042495,2020.97897672847,2020.98852620788,1
2792,2804,Bronx,Bronx,0.00449112446400002,0.325991873095,0.321500748631,2020.98408352667,2020.98857465114,1
2541,2542,Bronx,Bronx,0.000122368381299975,0.326010166443507,0.325887798062207,2020.9884705761,2020.98859294448,1
2108,2110,Bronx,Bronx,0.00803711976900001,0.3260131167304,0.3179759969614,2020.980558775,2020.98859589477,1
2886,2887,NewYork,Queens,0.03268581136,0.3262371521904,0.2935513408304,2020.95613411887,2020.98881993023,1
2887,829,Queens,Queens,0.000275960150100008,0.3265131123405,0.3262371521904,2020.98881993023,2020.98909589038,1
2887,830,Queens,Queens,0.000275960150100008,0.3265131123405,0.3262371521904,2020.98881993023,2020.98909589038,1
4035,1982,Bronx,Bronx,0.01100888548,0.32651311234095,0.31550422686095,2020.9780870049,2020.98909589038,1
4034,1980,Bronx,Bronx,0.00290541625399998,0.32651311234395,0.32360769608995,2020.98619047413,2020.98909589038,1
4034,1981,Bronx,Bronx,0.00290541625399998,0.32651311234395,0.32360769608995,2020.98619047413,2020.98909589038,1
2775,717,Bronx,Bronx,0.08167384451,0.326513112344,0.244839267834,2020.90742204587,2020.98909589038,1
2872,815,NewYork,Richmond,0.02728905835,0.3265131123454,0.2992240539954,2020.96180683204,2020.98909589039,1
4014,4015,Bronx,Bronx,0.00058790215729998,0.32653133199225,0.32594342983495,2020.98852620788,2020.98911411003,1
2804,2805,Bronx,Bronx,0.000554973426700023,0.3265468465217,0.325991873095,2020.98857465114,2020.98912962456,1
3044,3045,Bronx,Bronx,0.00512162100500002,0.326613418688,0.321491797683,2020.98407457572,2020.98919619673,1
2929,2930,NewYork,Nassau,0.04758722837,0.3266457762404,0.2790585478704,2020.94164132591,2020.98922855428,1
4037,4038,Bronx,Bronx,0.00615142168900001,0.32668530345095,0.32053388176195,2020.9831166598,2020.98926808149,1
2952,2953,Bronx,Bronx,0.00770907425400003,0.326890117335,0.319181043081,2020.98176382112,2020.98947289538,1
2792,2793,Bronx,Bronx,0.00555223336299998,0.327052981994,0.321500748631,2020.98408352667,2020.98963576003,1
2889,2890,NewYork,NewYork,0.03557138401,0.3271424970504,0.2915711130404,2020.95415389108,2020.98972527509,1
2080,2094,Bronx,Bronx,0.04817292858,0.3272981267005,0.2791251981205,2020.94170797616,2020.98988090474,1
3486,3488,Bronx,Bronx,0.00381347094000001,0.32741646646316,0.32360299552316,2020.98618577356,2020.9899992445,1
3594,3595,Bronx,Bronx,0.005729703759,0.32749490154046,0.32176519778146,2020.98434797582,2020.99007767958,1
2258,2260,NewYork,NewYork,0.00625170423799998,0.3278719482183,0.3216202439803,2020.98420302202,2020.99045472626,1
2542,2544,Bronx,Bronx,0.00195299581699998,0.327963162260507,0.326010166443507,2020.98859294448,2020.9905459403,1
4038,4039,Bronx,Bronx,0.00131251641899999,0.32799781986995,0.32668530345095,2020.98926808149,2020.99058059791,1
2500,2501,Bronx,Bronx,0.01492573517,0.328089050344108,0.313163315174108,2020.97574609321,2020.99067182838,1
2544,2545,Bronx,Bronx,0.000144796122199975,0.328107958382707,0.327963162260507,2020.9905459403,2020.99069073642,1
2856,2858,NewYork,Nassau,0.02964548131,0.3283656535724,0.2987201722624,2020.9613029503,2020.99094843161,1
2940,2944,Bronx,Bronx,0.00573182044100001,0.3283862678297,0.3226544473887,2020.98523722543,2020.99096904587,1
4015,4016,Bronx,Bronx,0.00185906304099998,0.32839039503325,0.32653133199225,2020.98911411003,2020.99097317307,1
3968,3969,Bronx,Bronx,0.006649891771,0.32842358233095,0.32177369055995,2020.9843564686,2020.99100636037,1
3177,3179,NewYork,NewYork,0.00887582187800001,0.32848480961356,0.31960898773556,2020.98219176578,2020.99106758765,1
2545,2563,Bronx,Bronx,0.000768833628299992,0.328876792011007,0.328107958382707,2020.99069073642,2020.99145957005,1
2563,2564,Bronx,Bronx,8.74349380597383e-06,0.328885535504813,0.328876792011007,2020.99145957005,2020.99146831355,1
2082,2085,Bronx,Bronx,0.00837562603399999,0.3290939600245,0.3207183339905,2020.98330111203,2020.99167673806,1
2424,2425,Nassau,Nassau,0.00368885223499998,0.3291391505322,0.3254502982972,2020.98803307634,2020.99172192857,1
2563,2608,Bronx,Bronx,0.000267563596499987,0.329144355607507,0.328876792011007,2020.99145957005,2020.99172713365,1
2608,2616,Bronx,Bronx,0.000107921978100001,0.329252277585607,0.329144355607507,2020.99172713365,2020.99183505563,1
2320,2321,Bronx,Bronx,0.00364423159499999,0.3293024079986,0.3256581764036,2020.98824095444,2020.99188518604,1
2451,2452,Bronx,NewYork,0.03048135253,0.329323617371937,0.298842264841937,2020.96142504288,2020.99190639541,1
2907,851,NewYork,Westchester,0.004583619373,0.3295131123399,0.3249294929669,2020.98751227101,2020.99209589038,1
3405,1352,NewYork,Bronx,0.06027887485,0.32951311234056,0.26923423749056,2020.93181701553,2020.99209589038,1
2804,746,Bronx,NewYork,0.00352123924600001,0.329513112341,0.325991873095,2020.98857465114,2020.99209589038,1
4083,2031,NewYork,NewYork,0.01207363902,0.32951311234295,0.31743947332295,2020.98002225136,2020.99209589038,1
3694,3696,NewYork,NewYork,0.03158576966,0.32955931824225,0.29797354858225,2020.96055632662,2020.99214209628,1
3746,3747,Bronx,Bronx,0.0372624739,0.32964949790525,0.29238702400525,2020.95496980205,2020.99223227595,1
3684,3727,NewYork,Bronx,0.05050018549,0.32969314285525,0.27919295736525,2020.94177573541,2020.9922759209,1
3210,3212,Bronx,Bronx,0.00489829026600003,0.32977220192156,0.32487391165556,2020.9874566897,2020.99235497996,1
3272,3273,Bronx,Bronx,0.005787360229,0.32985114703286,0.32406378680386,2020.98664656484,2020.99243392507,1
2110,2111,Bronx,Bronx,0.003866757542,0.3298798742724,0.3260131167304,2020.98859589477,2020.99246265231,1
3406,3407,NewYork,NewYork,0.05895556957,0.32991113552356,0.27095556595356,2020.93353834399,2020.99249391356,1
2195,2197,Bronx,Bronx,0.01381496532,0.3300633336333,0.3162483683133,2020.97883114635,2020.99264611167,1
2616,2679,Bronx,Bronx,0.000951273759000004,0.330203551344607,0.329252277585607,2020.99183505563,2020.99278632939,1
3249,3251,Bronx,Bronx,0.006766220366,0.33038430364156,0.32361808327556,2020.98620086132,2020.99296708168,1
2616,2617,Bronx,Bronx,0.00117365491100002,0.330425932496607,0.329252277585607,2020.99183505563,2020.99300871054,1
2679,2688,Bronx,Bronx,0.000599765613900016,0.330803316958507,0.330203551344607,2020.99278632939,2020.993386095,1
2321,2327,Bronx,Bronx,0.00159514224200002,0.3308975502406,0.3293024079986,2020.99188518604,2020.99348032828,1
3825,3826,Bronx,Bronx,0.009456494353,0.330912110503264,0.321455616150264,2020.98403839419,2020.99349488854,1
2839,2842,Bronx,Bronx,0.00722027095099997,0.33095767024349,0.32373739929249,2020.98632017733,2020.99354044828,1
3594,3602,Bronx,Bronx,0.00923115303900002,0.33099635082046,0.32176519778146,2020.98434797582,2020.99357912886,1
3259,3260,Bronx,Bronx,0.00635251506099999,0.33113766385786,0.32478514879686,2020.98736792684,2020.9937204419,1
4083,4084,NewYork,NewYork,0.01386886617,0.33130833949295,0.31743947332295,2020.98002225136,2020.99389111753,1
2793,2797,Bronx,Bronx,0.00428110155,0.331334083544,0.327052981994,2020.98963576003,2020.99391686158,1
2327,2328,Bronx,Bronx,0.000641157817000026,0.3315387080576,0.3308975502406,2020.99348032828,2020.9941214861,1
2805,2806,Bronx,Bronx,0.00514150209600001,0.3316883486177,0.3265468465217,2020.98912962456,2020.99427112666,1
2385,2386,NewYork,NewYork,0.00884438203299998,0.3317007542582,0.3228563722252,2020.98543915027,2020.9942835323,1
3866,3867,Bronx,Bronx,0.00860367717600002,0.331755013131184,0.323151335955184,2020.985734114,2020.99433779117,1
2501,2502,Bronx,Bronx,0.00370110494300002,0.331790155287108,0.328089050344108,2020.99067182838,2020.99437293333,1
2908,2911,NewYork,NewYork,0.00630697728599999,0.331818250592,0.325511273306,2020.98809405135,2020.99440102863,1
2944,2945,Bronx,Bronx,0.00343869266199998,0.3318249604917,0.3283862678297,2020.99096904587,2020.99440773853,1
3407,3439,NewYork,NewYork,0.00192751783799999,0.33183865336156,0.32991113552356,2020.99249391356,2020.9944214314,1
2529,2530,Bronx,Nassau,0.01447778865,0.331966994714807,0.317489206064807,2020.98007198411,2020.99454977276,1
3407,3408,NewYork,NewYork,0.00223749915799998,0.33214863468156,0.32991113552356,2020.99249391356,2020.99473141272,1
2452,2453,NewYork,NewYork,0.00288911061500002,0.332212727986938,0.329323617371937,2020.99190639541,2020.99479550603,1
3408,3412,NewYork,NewYork,9.17801351700276e-05,0.33224041481673,0.33214863468156,2020.99473141272,2020.99482319286,1
2886,2888,NewYork,NewYork,0.03869141856,0.3322427593904,0.2935513408304,2020.95613411887,2020.99482553743,1
4039,4040,Bronx,Bronx,0.004247602844,0.33224542271395,0.32799781986995,2020.99058059791,2020.99482820075,1
3373,3374,Bronx,NewYork,0.1070310755,0.33231851230056,0.22528743680056,2020.88787021484,2020.99490129034,1
3694,3695,NewYork,NewYork,0.03437546484,0.33234901342225,0.29797354858225,2020.96055632662,2020.99493179146,1
2060,2061,NewYork,NewYork,0.02908333439,0.3323978401645,0.3033145057745,2020.96589728381,2020.9949806182,1
4080,2027,NewYork,Bronx,0.01248410004,0.33251311234495,0.32002901230495,2020.98261179035,2020.99509589039,1
2217,161,Bronx,Bronx,0.0558994651599999,0.3325131123658,0.2766136472058,2020.93919642525,2020.99509589041,1
2742,689,Bronx,Bronx,0.0664934777,0.33251311237,0.26601963467,2020.92860241271,2020.99509589041,1
3273,3274,Bronx,Bronx,0.00268865928899997,0.33253980632186,0.32985114703286,2020.99243392507,2020.99512258436,1
2485,2486,Bronx,Bronx,0.02636783966,0.332620103908737,0.306252264248737,2020.96883504229,2020.99520288195,1
3346,3347,Bronx,Bronx,0.1319023368,0.33263769301856,0.20073535621856,2020.86331813426,2020.99522047106,1
2742,2743,Bronx,Bronx,0.06668414823,0.3327037829,0.26601963467,2020.92860241271,2020.99528656094,1
2872,2873,NewYork,NewYork,0.03370040279,0.3329244567854,0.2992240539954,2020.96180683204,2020.99550723483,1
3108,3109,NewYork,NewYork,0.00780545485400003,0.333016560813,0.325211105959,2020.987793884,2020.99559933885,1
3783,3786,Bronx,Bronx,0.02269610062,0.33353374293955,0.31083764231955,2020.97342042036,2020.99611652098,1
2184,2185,Bronx,Bronx,0.01111180361,0.3335399692203,0.3224281656103,2020.98501094365,2020.99612274726,1
3260,3261,Bronx,Bronx,0.00272068637799999,0.33385835023586,0.33113766385786,2020.9937204419,2020.99644112828,1
3792,3793,Bronx,Bronx,0.04613554175,0.334116072582564,0.287980530832564,2020.95056330887,2020.99669885062,1
2328,2329,Bronx,Bronx,0.00262987214600002,0.3341685802036,0.3315387080576,2020.9941214861,2020.99675135824,1
3447,1395,Bronx,NewYork,0.08428202663,0.33451311234096,0.25023108571096,2020.91281386375,2020.99709589038,1
2805,747,Bronx,Bronx,0.00796626581999998,0.3345131123417,0.3265468465217,2020.98912962456,2020.99709589038,1
4036,1983,Bronx,NewYork,0.01735866912,0.33451311234295,0.31715444322295,2020.97973722126,2020.99709589038,1
3406,1353,NewYork,NewYork,0.06355754639,0.33451311234356,0.27095556595356,2020.93353834399,2020.99709589038,1
3274,3275,Bronx,Bronx,0.00201803267900003,0.33455783900086,0.33253980632186,2020.99512258436,2020.99714061704,1
3696,3697,NewYork,Kings,0.00510748054799998,0.33466679879025,0.32955931824225,2020.99214209628,2020.99724957683,1
3459,3462,Bronx,Bronx,0.0164449,0.33483808041546,0.31839318041546,2020.98097595846,2020.99742085846,1
2060,2064,NewYork,Bronx,0.03160848536,0.3349229911345,0.3033145057745,2020.96589728381,2020.99750576917,1
2140,2141,Bronx,Bronx,0.01924944284,0.3349928198505,0.3157433770105,2020.97832615505,2020.99757559789,1
2778,2779,Bronx,Bronx,0.03384572321,0.335081947229,0.301236224019,2020.96381900206,2020.99766472527,1
2992,2995,Bronx,Bronx,0.01265081877,0.3351952748521,0.3225444560821,2020.98512723412,2020.99777805289,1
2111,2112,Bronx,Bronx,0.00547727622499999,0.3353571504974,0.3298798742724,2020.99246265231,2020.99793992854,1
3845,3846,Bronx,Bronx,0.01386040997,0.335410523613184,0.321550113643184,2020.98413289168,2020.99799330165,1
3173,3191,Bronx,Bronx,0.0900470085,0.33549384002556,0.24544683152556,2020.90802960957,2020.99807661807,1
3867,3868,Bronx,Bronx,0.00378670832,0.335541721451184,0.331755013131184,2020.99433779117,2020.99812449949,1
4081,4082,NewYork,NewYork,0.01544915707,0.33558445486355,0.32013529779355,2020.98271807583,2020.9981672329,1
3968,3978,Bronx,Bronx,0.01385652511,0.33563021566995,0.32177369055995,2020.9843564686,2020.99821299371,1
2743,2744,Bronx,Bronx,0.00298473366300001,0.335688516563,0.3327037829,2020.99528656094,2020.9982712946,1
3652,3657,NewYork,NewYork,0.01111059462,0.33572374386916,0.32461314924916,2020.98719592729,2020.99830652191,1
2617,2619,Bronx,Bronx,0.00536802949100001,0.335793961987607,0.330425932496607,2020.99300871054,2020.99837674003,1
2783,2784,Bronx,Bronx,0.05624150796,0.335950986628,0.279709478668,2020.94229225671,2020.99853376467,1
3021,3022,Bronx,Bronx,0.01920888541,0.3359753326179,0.3167664472079,2020.97934922525,2020.99855811066,1
2806,2807,Bronx,Bronx,0.00431261944099998,0.3360009680587,0.3316883486177,2020.99427112666,2020.9985837461,1
2619,2620,Bronx,Bronx,0.000257607023499973,0.336051569011107,0.335793961987607,2020.99837674003,2020.99863434705,1
2620,2621,Bronx,Bronx,5.63039474200111e-05,0.336107872958527,0.336051569011107,2020.99863434705,2020.998690651,1
3462,3463,Bronx,Bronx,0.00134572271200001,0.33618380312746,0.33483808041546,2020.99742085846,2020.99876658117,1
2329,2330,Bronx,Bronx,0.00201781989499999,0.3361864000986,0.3341685802036,2020.99675135824,2020.99876917814,1
2797,2798,Bronx,Bronx,0.004857801765,0.336191885309,0.331334083544,2020.99391686158,2020.99877466335,1
2873,2874,NewYork,NewYork,0.00334845952399998,0.3362729163094,0.3329244567854,2020.99550723483,2020.99885569435,1
3212,3214,Bronx,Bronx,0.00651601092100001,0.33628821284256,0.32977220192156,2020.99235497996,2020.99887099088,1
3602,3603,Bronx,Bronx,0.00529454008500002,0.33629089090546,0.33099635082046,2020.99357912886,2020.99887366895,1
3868,3869,Bronx,Bronx,0.000883530006099975,0.336425251457284,0.335541721451184,2020.99812449949,2020.9990080295,1
2617,2618,Bronx,NewYork,0.00629400785299999,0.336719940349607,0.330425932496607,2020.99300871054,2020.99930271839,1
2856,2857,NewYork,Bronx,0.03808800248,0.3368081747424,0.2987201722624,2020.9613029503,2020.99939095278,1
3022,3023,Bronx,Bronx,0.000867399112599976,0.3368427317305,0.3359753326179,2020.99855811066,2020.99942550977,1
2452,2456,NewYork,NewYork,0.00753634812699999,0.336859965498937,0.329323617371937,2020.99190639541,2020.99944274354,1
2386,2396,NewYork,NewYork,0.00524234206399998,0.3369430963222,0.3317007542582,2020.9942835323,2020.99952587436,1
3869,3870,Bronx,Bronx,0.000775105330700021,0.337200356787984,0.336425251457284,2020.9990080295,2020.99978313483,1
2456,2457,NewYork,NewYork,0.000408305349400007,0.337268270848337,0.336859965498937,2020.99944274354,2020.99985104889,1
3100,3101,NewYork,NewYork,0.05285582818,0.33727923098,0.2844234028,2020.94700618084,2020.99986200902,1
3535,3570,NewYork,NewYork,0.02524045887,0.33728709224346,0.31204663337346,2020.97462941141,2020.99986987028,1
3023,3024,Bronx,Bronx,0.000500011846599979,0.3373427435771,0.3368427317305,2020.99942550977,2020.99992552162,1
2330,2331,Bronx,Bronx,0.00117461150100001,0.3373610115996,0.3361864000986,2020.99876917814,2020.99994378964,1
3141,1089,Bronx,Bronx,0.2495089404,0.337513112329,0.088004171929,2020.75058694997,2021.00009589037,1
3109,1052,NewYork,Kings,0.00449655152400003,0.337513112337,0.333016560813,2020.99559933885,2021.00009589038,1
2779,720,Bronx,Bronx,0.00243116511000002,0.337513112339,0.335081947229,2020.99766472527,2021.00009589038,1
4084,2032,NewYork,Queens,0.00620477285100002,0.33751311234395,0.33130833949295,2020.99389111753,2021.00009589038,1
2882,826,NewYork,Bronx,0.09534688452,0.3375131123444,0.2421662278244,2020.90474900586,2021.00009589038,1
2219,163,NewYork,NewYork,0.01335466003,0.3375131123658,0.3241584523358,2020.98674123038,2021.00009589041,1
3488,3490,Bronx,Bronx,0.01026422608,0.33768069254316,0.32741646646316,2020.9899992445,2021.00026347058,1
2157,2158,Bronx,Nassau,0.1114062552,0.3378295785593,0.2264233233593,2020.8890061014,2021.0004123566,1
2085,2086,Bronx,Bronx,0.00876328340299998,0.3378572434275,0.3290939600245,2020.99167673806,2021.00044002147,1
2819,2820,Bronx,NewYork,0.04043140635,0.337964750209,0.297533343859,2020.9601161219,2021.00054752825,1
2621,2622,Bronx,Bronx,0.00193103883000001,0.338038911788527,0.336107872958527,2020.998690651,2021.00062168983,1
3846,3847,Bronx,Bronx,0.00263313030700002,0.338043653920184,0.335410523613184,2020.99799330165,2021.00062643196,1
2169,2170,Bronx,Bronx,0.04975312128,0.3381076793663,0.2883545580863,2020.95093733613,2021.00069045741,1
2874,2876,NewYork,NewYork,0.00184946075100001,0.3381223770604,0.3362729163094,2020.99885569435,2021.0007051551,1
2185,2189,Bronx,Bronx,0.00458786016399998,0.3381278293843,0.3335399692203,2020.99612274726,2021.00071060742,1
3603,3604,Bronx,Bronx,0.00203966326600002,0.33833055417146,0.33629089090546,2020.99887366895,2021.00091333221,1
3490,3491,Bronx,Bronx,0.000700717504799997,0.33838141004796,0.33768069254316,2021.00026347058,2021.00096418809,1
2501,2505,Bronx,Bronx,0.01038620891,0.338475259254107,0.328089050344108,2020.99067182838,2021.00105803729,1
2831,2832,Bronx,Bronx,0.0327545513,0.3385421529813,0.3057876016813,2020.96837037972,2021.00112493102,1
2923,2924,NewYork,NewYork,0.06642942024,0.3385712120004,0.2721417917604,2020.9347245698,2021.00115399004,1
3570,3571,NewYork,NewYork,0.00132906175699998,0.33861615400046,0.33728709224346,2020.99986987028,2021.00119893204,1
3342,3343,NewYork,NewYork,0.04509481655,0.33863059143356,0.29353577488356,2020.95611855292,2021.00121336947,1
2103,2104,Bronx,Bronx,0.02681011402,0.3387127799785,0.3119026659585,2020.974485444,2021.00129555802,1
2195,2196,Bronx,Bronx,0.02248342383,0.3387317921433,0.3162483683133,2020.97883114635,2021.00131457018,1
3459,3460,Bronx,Bronx,0.02056134552,0.33895452593546,0.31839318041546,2020.98097595846,2021.00153730398,1
3870,3871,Bronx,Bronx,0.00177095130299998,0.338971308090984,0.337200356787984,2020.99978313483,2021.00155408613,1
3801,3803,NewYork,NewYork,0.02157849996,0.339151029632564,0.317572529672564,2020.98015530771,2021.00173380767,1
3657,3658,NewYork,NewYork,0.00345290696700001,0.33917665083616,0.33572374386916,2020.99830652191,2021.00175942888,1
3275,3276,Bronx,Bronx,0.00462879016000001,0.33918662916086,0.33455783900086,2020.99714061704,2021.0017694072,1
4040,4044,Bronx,Bronx,0.006948660863,0.33919408357695,0.33224542271395,2020.99482820075,2021.00177686162,1
3276,3277,Bronx,Bronx,1.79631961300109e-05,0.33920459235699,0.33918662916086,2021.0017694072,2021.0017873704,1
2112,2113,Bronx,Bronx,0.003903764172,0.3392609146694,0.3353571504974,2020.99793992854,2021.00184369271,1
2622,2623,Bronx,Bronx,0.00125579288299998,0.339294704671527,0.338038911788527,2021.00062168983,2021.00187748271,1
3463,3464,Bronx,Bronx,0.00313267799900002,0.33931648112646,0.33618380312746,2020.99876658117,2021.00189925917,1
3697,3698,Kings,Kings,0.00467550181900001,0.33934230060925,0.33466679879025,2020.99724957683,2021.00192507865,1
2545,2546,Bronx,Bronx,0.0112358111,0.339343769482707,0.328107958382707,2020.99069073642,2021.00192654752,1
2221,2248,NewYork,NewYork,0.01815868124,0.3393978659613,0.3212391847213,2020.98382196276,2021.001980644,1
2405,2406,Bronx,Bronx,0.06270715151,0.3394109520392,0.2767038005292,2020.93928657857,2021.00199373008,1
3214,3215,Bronx,Bronx,0.003193910129,0.33948212297156,0.33628821284256,2020.99887099088,2021.00206490101,1
3261,3262,Bronx,Bronx,0.00565633739100002,0.33951468762686,0.33385835023586,2020.99644112828,2021.00209746567,1
2807,2808,Bronx,Bronx,0.00358394257200001,0.3395849106307,0.3360009680587,2020.9985837461,2021.00216768867,1
2185,2186,Bronx,Westchester,0.006072679119,0.3396126483393,0.3335399692203,2020.99612274726,2021.00219542638,1
3658,3659,NewYork,NewYork,0.000479033327699996,0.33965568416386,0.33917665083616,2021.00175942888,2021.0022384622,1
3045,3046,Bronx,Bronx,0.01306764293,0.339681061618,0.326613418688,2020.98919619673,2021.00226383966,1
3571,3572,NewYork,NewYork,0.00114335510000002,0.33975950910046,0.33861615400046,2021.00119893204,2021.00234228714,1
3129,3130,NewYork,NewYork,0.04346260113,0.339760635861,0.296298034731,2020.95888081277,2021.0023434139,1
2530,2531,Nassau,Nassau,0.008138173355,0.340105168069807,0.331966994714807,2020.99454977276,2021.00268794611,1
2219,2220,NewYork,NewYork,0.0159547423,0.3401131946358,0.3241584523358,2020.98674123038,2021.00269597268,1
3262,3263,Bronx,Bronx,0.000769452605099974,0.34028414023196,0.33951468762686,2021.00209746567,2021.00286691827,1
2166,2167,Bronx,Bronx,0.05361522769,0.3402945442923,0.2866793166023,2020.94926209464,2021.00287732233,1
2876,2877,NewYork,NewYork,0.00225853706399998,0.3403809141244,0.3381223770604,2021.0007051551,2021.00296369216,1
4084,4085,NewYork,NewYork,0.009106317478,0.34041465697095,0.33130833949295,2020.99389111753,2021.00299743501,1
2773,715,Bronx,NewYork,0.1114011764,0.340513112349,0.229111935949,2020.89169471399,2021.00309589039,1
2218,162,Bronx,NewYork,0.05186643633,0.3405131123658,0.2886466760358,2020.95122945408,2021.00309589041,1
2220,164,NewYork,NewYork,0.000399917730800003,0.3405131123666,0.3401131946358,2021.00269597268,2021.00309589041,1
2220,165,NewYork,NewYork,0.000399917730800003,0.3405131123666,0.3401131946358,2021.00269597268,2021.00309589041,1
3491,3502,Bronx,Bronx,0.00220259024899999,0.34058400029696,0.33838141004796,2021.00096418809,2021.00316677834,1
3758,3759,Bronx,Bronx,0.02236414671,0.34062353548825,0.31825938877825,2020.98084216682,2021.00320631353,1
3773,3774,Bronx,Bronx,0.04027130378,0.34063122316195,0.30035991938195,2020.96294269742,2021.0032140012,1
3343,3344,NewYork,NewYork,0.00200533776200001,0.34063592919556,0.33863059143356,2021.00121336947,2021.00321870724,1
3464,3465,Bronx,Bronx,0.00193886468400001,0.34125534581046,0.33931648112646,2021.00189925917,2021.00383812385,1
2819,2823,Bronx,Bronx,0.04427143413,0.341804777989,0.297533343859,2020.9601161219,2021.00438755603,1
3747,3749,Bronx,NewYork,0.01261392101,0.34226341891525,0.32964949790525,2020.99223227595,2021.00484619696,1
2921,866,NewYork,Suffolk,0.1059911452,0.3425131123404,0.2365219671404,2020.89910474518,2021.00509589038,1
2820,762,NewYork,Suffolk,0.00454836213300003,0.342513112342,0.337964750209,2021.00054752825,2021.00509589038,1
2085,29,Bronx,Westchester,0.01341915234,0.3425131123645,0.3290939600245,2020.99167673806,2021.0050958904,1
2688,635,Bronx,NewYork,0.01170979541,0.342513112368507,0.330803316958507,2020.993386095,2021.00509589041,1
2995,2996,Bronx,Bronx,0.00742820852800002,0.3426234833801,0.3351952748521,2020.99777805289,2021.00520626142,1
2808,2809,Bronx,Bronx,0.00311743145999999,0.3427023420907,0.3395849106307,2021.00216768867,2021.00528512013,1
2260,2261,NewYork,NewYork,0.01496898818,0.3428409363983,0.3278719482183,2020.99045472626,2021.00542371444,1
3101,3102,NewYork,NewYork,0.00614048363899999,0.343419714619,0.33727923098,2020.99986200902,2021.00600249266,1
2623,2624,Bronx,Bronx,0.00419299549300001,0.343487700164527,0.339294704671527,2021.00187748271,2021.0060704782,1
3528,3531,NewYork,NewYork,0.02154300899,0.34366915320746,0.32212614421746,2020.98470892226,2021.00625193125,1
2564,2565,Bronx,Bronx,0.01492138753,0.343806923034813,0.328885535504813,2020.99146831355,2021.00638970108,1
2688,2689,Bronx,Bronx,0.01304769914,0.343851016098507,0.330803316958507,2020.993386095,2021.00643379414,1
3826,3842,Bronx,Bronx,0.01382115234,0.344733262843264,0.330912110503264,2020.99349488854,2021.00731604088,1
2945,2947,Bronx,Bronx,0.01329233728,0.3451172977717,0.3318249604917,2020.99440773853,2021.00770007581,1
3251,3252,Bronx,Bronx,0.01492661985,0.34531092349156,0.33038430364156,2020.99296708168,2021.00789370153,1
2806,748,Bronx,Bronx,0.01382476372,0.3455131123377,0.3316883486177,2020.99427112666,2021.00809589038,1
3073,1019,Bronx,Bronx,0.02131564179,0.34551311234,0.32419747055,2020.98678024859,2021.00809589038,1
3057,1001,Bronx,Bronx,0.02240372902,0.345513112342,0.323109383322,2020.98569216136,2021.00809589038,1
4081,2030,NewYork,NewYork,0.02537781455,0.34551311234355,0.32013529779355,2020.98271807583,2021.00809589038,1
4082,2028,NewYork,Bronx,0.00992865747999999,0.34551311234355,0.33558445486355,2020.9981672329,2021.00809589038,1
4082,2029,NewYork,NewYork,0.00992865747999999,0.34551311234355,0.33558445486355,2020.9981672329,2021.00809589038,1
2953,899,Bronx,Queens,0.01862299501,0.345513112345,0.326890117335,2020.98947289538,2021.00809589039,1
3637,1584,NewYork,Kings,0.05014295637,0.345513112345471,0.295370155975471,2020.95795293402,2021.00809589039,1
3462,1427,Bronx,Bronx,0.01067503193,0.34551311234546,0.33483808041546,2020.99742085846,2021.00809589039,1
2061,6,NewYork,NewYork,0.0131152722,0.3455131123645,0.3323978401645,2020.9949806182,2021.00809589041,1
2619,565,Bronx,Westchester,0.00971915037900001,0.345513112366607,0.335793961987607,2020.99837674003,2021.00809589041,1
2618,563,NewYork,Westchester,0.00879317201699997,0.345513112366607,0.336719940349607,2020.99930271839,2021.00809589041,1
2618,564,NewYork,NewYork,0.00879317201699997,0.345513112366607,0.336719940349607,2020.99930271839,2021.00809589041,1
2056,2,Bronx,Bronx,0.04443414768,0.3455131123725,0.3010789646925,2020.96366174273,2021.00809589041,1
2947,2948,Bronx,Bronx,0.000505903812099973,0.3456232015838,0.3451172977717,2021.00770007581,2021.00820597962,1
3847,3850,Bronx,Bronx,0.00782608683500002,0.345869740755184,0.338043653920184,2021.00062643196,2021.0084525188,1
2197,2198,Bronx,Bronx,0.01605995481,0.3461232884433,0.3300633336333,2020.99264611167,2021.00870606648,1
3030,3031,Bronx,NewYork,0.2133261597,0.347061287524,0.133735127824,2020.79631790586,2021.00964406556,1
2911,2912,NewYork,NewYork,0.0158629973,0.347681247892,0.331818250592,2020.99440102863,2021.01026402593,1
3263,3266,Bronx,Bronx,0.00740766229000001,0.34769180252196,0.34028414023196,2021.00286691827,2021.01027458056,1
3742,3743,NewYork,NewYork,0.02605127798,0.34783567105725,0.32178439307725,2020.98436717112,2021.0104184491,1
2113,2114,Bronx,Bronx,0.00864564450499999,0.3479065591744,0.3392609146694,2021.00184369271,2021.01048933721,1
2114,2115,Bronx,Bronx,3.64383016600023e-05,0.34794299747606,0.3479065591744,2021.01048933721,2021.01052577552,1
2912,2913,NewYork,NewYork,0.00043130242049999,0.3481125503125,0.347681247892,2021.01026402593,2021.01069532835,1
2784,2785,Bronx,Bronx,0.01217501435,0.348126000978,0.335950986628,2020.99853376467,2021.01070877902,1
3595,3596,Bronx,Bronx,0.02089006253,0.34838496407046,0.32749490154046,2020.99007767958,2021.01096774211,1
2877,820,NewYork,Richmond,0.00813219821299999,0.3485131123374,0.3403809141244,2021.00296369216,2021.01109589038,1
4038,1985,Bronx,Bronx,0.02182780889,0.34851311234095,0.32668530345095,2020.98926808149,2021.01109589038,1
4037,1984,Bronx,NewYork,0.02797923058,0.34851311234195,0.32053388176195,2020.9831166598,2021.01109589038,1
2947,892,Bronx,Bronx,0.00339581457299998,0.3485131123447,0.3451172977717,2021.00770007581,2021.01109589039,1
2165,109,NewYork,NewYork,0.02679880409,0.3485131123623,0.3217143082723,2020.98429708631,2021.0110958904,1
2823,2824,Bronx,Bronx,0.00726364498299997,0.349068422972,0.341804777989,2021.00438755603,2021.01165120101,1
3786,3788,Bronx,Bronx,0.01579319627,0.34932693920955,0.33353374293955,2020.99611652098,2021.01190971725,1
3871,3873,Bronx,Bronx,0.01062455349,0.349595861580984,0.338971308090984,2021.00155408613,2021.01217863962,1
3978,3979,Bronx,Bronx,0.01401565014,0.34964586580995,0.33563021566995,2020.99821299371,2021.01222864385,1
4006,4007,Bronx,Nassau,0.05236253299,0.35013385122495,0.29777131823495,2020.96035409628,2021.01271662927,1
2331,2332,Bronx,Bronx,0.01280842445,0.3501694360496,0.3373610115996,2020.99994378964,2021.01275221409,1
2622,2654,Bronx,Bronx,0.01253193644,0.350570848228527,0.338038911788527,2021.00062168983,2021.01315362627,1
3873,3874,Bronx,Bronx,0.000996116034999994,0.350591977615984,0.349595861580984,2021.01217863962,2021.01317475566,1
3277,3278,Bronx,Bronx,0.01153490496,0.35073949731699,0.33920459235699,2021.0017873704,2021.01332227536,1
3127,3128,NewYork,NewYork,0.07492271498,0.350998322391,0.276075607411,2020.93865838545,2021.01358110043,1
3174,3175,NewYork,NewYork,0.05739618725,0.35121340984556,0.29381722259556,2020.95640000064,2021.01379618789,1
3502,3503,Bronx,Bronx,0.01068458167,0.35126858196696,0.34058400029696,2021.00316677834,2021.01385136001,1
2948,894,Bronx,NewYork,0.00588991076099998,0.3515131123448,0.3456232015838,2021.00820597962,2021.01409589039,1
2953,898,Bronx,NewYork,0.02462299501,0.351513112345,0.326890117335,2020.98947289538,2021.01409589039,1
2094,40,Bronx,Westchester,0.02421498567,0.3515131123705,0.3272981267005,2020.98988090474,2021.01409589041,1
2620,566,Bronx,Bronx,0.01546154336,0.351513112371107,0.336051569011107,2020.99863434705,2021.01409589041,1
2608,2609,Bronx,NewYork,0.02247603072,0.351620386327507,0.329144355607507,2020.99172713365,2021.01420316437,1
4099,4100,Nassau,Nassau,0.05792693659,0.351911884635,0.293984948045,2020.95656772609,2021.01449466268,1
2221,2222,NewYork,NewYork,0.03070163006,0.3519408147813,0.3212391847213,2020.98382196276,2021.01452359282,1
2198,2199,Bronx,Bronx,0.00583913263399999,0.3519624210773,0.3461232884433,2021.00870606648,2021.01454519912,1
2505,2506,Bronx,Bronx,0.01355450378,0.352029763034107,0.338475259254107,2021.00105803729,2021.01461254107,1
2689,2690,Bronx,Bronx,0.00839878162199997,0.352249797720507,0.343851016098507,2021.00643379414,2021.01483257576,1
2968,2969,Bronx,Bronx,0.04017364807,0.3522760341999,0.3121023861299,2020.97468516417,2021.01485881224,1
3465,3466,Bronx,Bronx,0.01105676415,0.35231210996046,0.34125534581046,2021.00383812385,2021.014894888,1
3215,3219,Bronx,Bronx,0.01299296488,0.35247508785156,0.33948212297156,2021.00206490101,2021.01505786589,1
3466,3472,Bronx,Bronx,0.0007603133313,0.35307242329176,0.35231210996046,2021.014894888,2021.01565520133,1
2807,749,Bronx,NewYork,0.01751214428,0.3535131123387,0.3360009680587,2020.9985837461,2021.01609589038,1
4039,1986,Bronx,Westchester,0.02551529247,0.35351311233995,0.32799781986995,2020.99058059791,2021.01609589038,1
3023,968,Bronx,Nassau,0.01667038061,0.3535131123405,0.3368427317305,2020.99942550977,2021.01609589038,1
2832,776,Bronx,Bronx,0.01497095936,0.3535131123413,0.3385421529813,2021.00112493102,2021.01609589038,1
2832,777,Bronx,Bronx,0.01497095936,0.3535131123413,0.3385421529813,2021.00112493102,2021.01609589038,1
2164,110,NewYork,Queens,0.03770803808,0.3535131123633,0.3158050742833,2020.97838785232,2021.0160958904,1
2690,636,Bronx,Bronx,0.00126331464599999,0.353513112366507,0.352249797720507,2021.01483257576,2021.01609589041,1
2186,130,Westchester,Westchester,0.01390046403,0.3535131123693,0.3396126483393,2021.00219542638,2021.01609589041,1
2143,90,Bronx,NewYork,0.1314480206,0.3535131123915,0.2220650917915,2020.88464786983,2021.01609589043,1
2261,2262,NewYork,NewYork,0.01111985199,0.3539607883883,0.3428409363983,2021.00542371444,2021.01654356643,1
3451,3452,Bronx,NewYork,0.1016004246,0.35427897182216,0.25267854722216,2020.91526132526,2021.01686174986,1
3786,3787,Bronx,Westchester,0.02128934859,0.35482309152955,0.33353374293955,2020.99611652098,2021.01740586957,1
3074,3079,Bronx,NewYork,0.04688621207,0.35484509572,0.30795888365,2020.97054166169,2021.01742787376,1
2262,2263,NewYork,NewYork,0.001087772022,0.3550485604103,0.3539607883883,2021.01654356643,2021.01763133845,1
3727,3729,Bronx,NewYork,0.02540091691,0.35509405976525,0.32969314285525,2020.9922759209,2021.01767683781,1
2146,2149,Bronx,Bronx,0.0613212719,0.3553696402145,0.2940483683145,2020.95663114635,2021.01795241825,1
3195,3198,Kings,Kings,0.03968044203,0.35539109846556,0.31571065643556,2020.97829343448,2021.01797387651,1
3472,3473,Bronx,Bronx,0.00263934300200003,0.35571176629376,0.35307242329176,2021.01565520133,2021.01829454433,1
3675,3676,NewYork,NewYork,0.04027297812,0.35575920602125,0.31548622790125,2020.97806900594,2021.01834198406,1
2809,2810,Bronx,Bronx,0.01306414054,0.3557664826307,0.3427023420907,2021.00528512013,2021.01834926067,1
3803,3804,NewYork,NewYork,0.01662072084,0.355771750472564,0.339151029632564,2021.00173380767,2021.01835452851,1
3016,3017,Bronx,Bronx,0.05364842602,0.3558386392219,0.3021902132019,2020.96477299124,2021.01842141726,1
2149,2150,Bronx,Bronx,0.000472304899999998,0.3558419451145,0.3553696402145,2021.01795241825,2021.01842472316,1
3347,3349,Bronx,Bronx,0.02320782703,0.35584552004856,0.33263769301856,2020.99522047106,2021.01842829809,1
3687,3688,NewYork,NewYork,0.05370043726,0.35639728612025,0.30269684886025,2020.9652796269,2021.01898006416,1
4044,4046,Bronx,Bronx,0.01727383103,0.35646791460695,0.33919408357695,2021.00177686162,2021.01905069265,1
2690,2691,Bronx,Bronx,0.00422598045400002,0.356475778174507,0.352249797720507,2021.01483257576,2021.01905855621,1
2158,104,Nassau,Nassau,0.01868353381,0.3565131123693,0.3378295785593,2021.0004123566,2021.01909589041,1
3979,3983,Bronx,Bronx,0.00701712684900002,0.35666299265895,0.34964586580995,2021.01222864385,2021.0192457707,1
4040,4041,Bronx,Bronx,0.02457232021,0.35681774292395,0.33224542271395,2020.99482820075,2021.01940052096,1
3278,3279,Bronx,Bronx,0.006719657612,0.35745915492899,0.35073949731699,2021.01332227536,2021.02004193297,1
2425,2426,Nassau,Nassau,0.02841225879,0.3575514093222,0.3291391505322,2020.99172192857,2021.02013418736,1
2969,2970,Bronx,Bronx,0.00558816252900002,0.3578641967289,0.3522760341999,2021.01485881224,2021.02044697477,1
3595,3598,Bronx,NewYork,0.03042209233,0.35791699387046,0.32749490154046,2020.99007767958,2021.02049977191,1
2624,2625,Bronx,Bronx,0.01453319519,0.358020895354527,0.343487700164527,2021.0060704782,2021.0206036734,1
3604,3605,Bronx,Bronx,0.02019696121,0.35852751538146,0.33833055417146,2021.00091333221,2021.02111029342,1
3604,3612,Bronx,Kings,0.02022130174,0.35855185591146,0.33833055417146,2021.00091333221,2021.02113463395,1
2654,2655,Bronx,Bronx,0.00799783111899999,0.358568679347527,0.350570848228527,2021.01315362627,2021.02115145739,1
3108,3113,NewYork,Queens,0.03341800329,0.358629109249,0.325211105959,2020.987793884,2021.02121188729,1
2502,2503,Bronx,Bronx,0.02703853324,0.358828688527108,0.331790155287108,2020.99437293333,2021.02141146657,1
3503,3505,Bronx,Bronx,0.007734881724,0.35900346369096,0.35126858196696,2021.01385136001,2021.02158624173,1
3826,3827,Bronx,Bronx,0.02852834511,0.359440455613264,0.330912110503264,2020.99349488854,2021.02202323365,1
2913,2914,NewYork,NewYork,0.0113818687,0.3594944190125,0.3481125503125,2021.01069532835,2021.02207719705,1
2385,331,NewYork,NewYork,0.03665674014,0.3595131123652,0.3228563722252,2020.98543915027,2021.02209589041,1
2970,2975,Bronx,Bronx,0.00175029882799999,0.3596144955569,0.3578641967289,2021.02044697477,2021.0221972736,1
4085,4089,NewYork,NewYork,0.01922461215,0.35963926912095,0.34041465697095,2021.00299743501,2021.02222204716,1
3698,3722,Kings,NewYork,0.02041842049,0.35976072109925,0.33934230060925,2021.00192507865,2021.02234349914,1
3057,3058,Bronx,Bronx,0.03670013082,0.359809514142,0.323109383322,2020.98569216136,2021.02239229218,1
2486,2487,Bronx,Bronx,0.02748665977,0.360106763678737,0.332620103908737,2020.99520288195,2021.02268954172,1
3024,3025,Bronx,NewYork,0.02276673723,0.3601094808071,0.3373427435771,2020.99992552162,2021.02269225885,1
3412,3413,NewYork,NewYork,0.02792671115,0.36016712596673,0.33224041481673,2020.99482319286,2021.02274990401,1
3874,3875,Bronx,Bronx,0.00991352081399999,0.360505498429984,0.350591977615984,2021.01317475566,2021.02308827647,1
2849,2850,Bronx,Kings,0.1986174189,0.3605784845484,0.1619610656484,2020.82454384369,2021.02316126259,1
3875,3880,Bronx,Bronx,0.000122465199400013,0.360627963629384,0.360505498429984,2021.02308827647,2021.02321074167,1
2858,2859,Nassau,Nassau,0.03237103981,0.3607366933824,0.3283656535724,2020.99094843161,2021.02331947142,1
2930,2931,Nassau,Nassau,0.03417052012,0.3608162963604,0.3266457762404,2020.98922855428,2021.0233990744,1
2457,2459,NewYork,NewYork,0.02357853164,0.360846802488338,0.337268270848337,2020.99985104889,2021.02342958053,1
2146,2147,Bronx,Bronx,0.06718000937,0.3612283776845,0.2940483683145,2020.95663114635,2021.02381115572,1
3657,3669,NewYork,NewYork,0.02575222153,0.36147596539916,0.33572374386916,2020.99830652191,2021.02405874344,1
3698,3699,Kings,Kings,0.022639675,0.36198197560925,0.33934230060925,2021.00192507865,2021.02456475365,1
3729,3734,NewYork,NewYork,0.00691896484600002,0.36201302461125,0.35509405976525,2021.01767683781,2021.02459580265,1
3758,3761,Bronx,Bronx,0.04386120377,0.36212059254825,0.31825938877825,2020.98084216682,2021.02470337059,1
3699,3700,Kings,Kings,0.000142673325299991,0.36212464893455,0.36198197560925,2021.02456475365,2021.02470742698,1
2877,821,NewYork,Nassau,0.02213219821,0.3625131123344,0.3403809141244,2021.00296369216,2021.02509589037,1
2808,750,Bronx,NewYork,0.02292820171,0.3625131123407,0.3395849106307,2021.00216768867,2021.02509589038,1
2621,567,Bronx,Westchester,0.02640523941,0.362513112368527,0.336107872958527,2020.998690651,2021.02509589041,1
3413,3414,NewYork,NewYork,0.00261961135700001,0.36278673732373,0.36016712596673,2021.02274990401,2021.02536951536,1
2546,2549,Bronx,Bronx,0.02366818682,0.363011956302707,0.339343769482707,2021.00192654752,2021.02559473434,1
3743,3744,NewYork,NewYork,0.01530142149,0.36313709254725,0.34783567105725,2021.0104184491,2021.02571987059,1
2655,2656,Bronx,Bronx,0.00466686200999999,0.363235541357527,0.358568679347527,2021.02115145739,2021.0258183194,1
2115,2118,Bronx,Bronx,0.01549841992,0.36344141739606,0.34794299747606,2021.01052577552,2021.02602419544,1
3414,3415,NewYork,NewYork,0.000734331399699972,0.36352106872343,0.36278673732373,2021.02536951536,2021.02610384676,1
2996,2997,Bronx,Bronx,0.02128659043,0.3639100738101,0.3426234833801,2021.00520626142,2021.02649285185,1
3803,3805,NewYork,NewYork,0.02528330001,0.364434329642564,0.339151029632564,2021.00173380767,2021.02701710768,1
3818,3819,Bronx,Queens,0.04413752628,0.364434760227964,0.320297233947964,2020.98288001199,2021.02701753827,1
2199,2200,Bronx,Bronx,0.01253877746,0.3645011985373,0.3519624210773,2021.01454519912,2021.02708397658,1
3024,969,Bronx,Bronx,0.02717036876,0.3645131123371,0.3373427435771,2020.99992552162,2021.02709589038,1
3073,1018,Bronx,NewYork,0.04031564179,0.36451311234,0.32419747055,2020.98678024859,2021.02709589038,1
2824,767,Bronx,Bronx,0.01544468937,0.364513112342,0.349068422972,2021.01165120101,2021.02709589038,1
3091,1037,NewYork,Kings,0.06660612281,0.364513112343,0.297906989533,2020.96048976757,2021.02709589038,1
3343,1290,NewYork,NewYork,0.02588252091,0.36451311234356,0.33863059143356,2021.00121336947,2021.02709589038,1
3676,1621,NewYork,NewYork,0.00875390632599998,0.36451311234725,0.35575920602125,2021.01834198406,2021.02709589039,1
2196,141,Bronx,Westchester,0.02578132022,0.3645131123633,0.3387317921433,2021.00131457018,2021.0270958904,1
2149,95,Bronx,Westchester,0.00914347215200001,0.3645131123665,0.3553696402145,2021.01795241825,2021.02709589041,1
2406,352,Bronx,NewYork,0.02510216033,0.3645131123692,0.3394109520392,2021.00199373008,2021.02709589041,1
2498,2499,Bronx,Bronx,0.05523620997,0.364747976911107,0.309511766941107,2020.97209454498,2021.02733075495,1
2997,2999,Bronx,Bronx,0.000875553297000009,0.3647856271071,0.3639100738101,2021.02649285185,2021.02736840515,1
2118,2119,Bronx,Bronx,0.00148637860599998,0.36492779600206,0.36344141739606,2021.02602419544,2021.02751057404,1
2263,2264,NewYork,Bronx,0.00995414867900002,0.3650027090893,0.3550485604103,2021.01763133845,2021.02758548713,1
3847,3848,Bronx,Bronx,0.02704031774,0.365083971660184,0.338043653920184,2021.00062643196,2021.0276667497,1
2150,2152,Bronx,NewYork,0.00943669193300001,0.3652786370475,0.3558419451145,2021.01842472316,2021.02786141509,1
3219,3220,Bronx,Bronx,0.01280689256,0.36528198041156,0.35247508785156,2021.01505786589,2021.02786475845,1
3880,3881,Bronx,Bronx,0.004921033947,0.365548997576384,0.360627963629384,2021.02321074167,2021.02813177562,1
3279,3283,Bronx,Bronx,0.00811701728800002,0.36557617221699,0.35745915492899,2021.02004193297,2021.02815895026,1
2094,2095,Bronx,Bronx,0.03866314265,0.3659612693505,0.3272981267005,2020.98988090474,2021.02854404739,1
3850,3852,Bronx,Bronx,0.02023078174,0.366100522495184,0.345869740755184,2021.0084525188,2021.02868330054,1
3659,3660,NewYork,NewYork,0.02650532026,0.36616100442386,0.33965568416386,2021.0022384622,2021.02874378246,1
3101,3106,NewYork,Kings,0.02893793949,0.36621717047,0.33727923098,2020.99986200902,2021.02879994851,1
3652,3653,NewYork,NewYork,0.04163525626,0.36624840550916,0.32461314924916,2020.98719592729,2021.02883118355,1
2332,2333,Bronx,Bronx,0.01616915373,0.3663385897796,0.3501694360496,2021.01275221409,2021.02892136782,1
3266,3267,Bronx,Bronx,0.01877080125,0.36646260377196,0.34769180252196,2021.01027458056,2021.02904538181,1
3722,3723,NewYork,NewYork,0.00698036890699999,0.36674109000625,0.35976072109925,2021.02234349914,2021.02932386805,1
3249,3250,Bronx,Bronx,0.0431818536,0.36679993687556,0.32361808327556,2020.98620086132,2021.02938271492,1
2689,2699,Bronx,Bronx,0.02311693901,0.366967955108507,0.343851016098507,2021.00643379414,2021.02955073315,1
2914,858,NewYork,Richmond,0.00801869332600003,0.3675131123385,0.3594944190125,2021.02207719705,2021.03009589038,1
3267,1211,Bronx,Nassau,0.00105050857099998,0.36751311234296,0.36646260377196,2021.02904538181,2021.03009589038,1
4100,2049,Nassau,Nassau,0.01560122771,0.367513112345,0.351911884635,2021.01449466268,2021.03009589039,1
2423,369,Nassau,Nassau,0.04801976986,0.3675131123672,0.3194933425072,2020.98207612055,2021.03009589041,1
3505,3507,Bronx,Bronx,0.008850456088,0.36785391977896,0.35900346369096,2021.02158624173,2021.03043669782,1
2487,2488,Bronx,Bronx,0.00775250336099997,0.367859267039737,0.360106763678737,2021.02268954172,2021.03044204508,1
2333,2334,Bronx,Bronx,0.001660298422,0.3679988882016,0.3663385897796,2021.02892136782,2021.03058166624,1
3572,3573,NewYork,NewYork,0.02862094887,0.36838045797046,0.33975950910046,2021.00234228714,2021.03096323601,1
3852,3853,Bronx,Bronx,0.00233309794999997,0.368433620445184,0.366100522495184,2021.02868330054,2021.03101639849,1
2334,2335,Bronx,Bronx,0.000501540983699977,0.3685004291853,0.3679988882016,2021.03058166624,2021.03108320723,1
3283,3286,Bronx,Bronx,0.003130915018,0.36870708723499,0.36557617221699,2021.02815895026,2021.03128986528,1
3612,3613,Kings,Kings,0.01035502977,0.36890688568146,0.35855185591146,2021.02113463395,2021.03148966372,1
2335,2337,Bronx,Bronx,0.000840072656400015,0.3693405018417,0.3685004291853,2021.03108320723,2021.03192327988,1
3761,3762,Bronx,Bronx,0.00733076943599997,0.36945136198425,0.36212059254825,2021.02470337059,2021.03203414002,1
3749,3750,NewYork,NewYork,0.0273991004,0.36966251931525,0.34226341891525,2021.00484619696,2021.03224529736,1
3672,3673,NewYork,Bronx,0.06279452583,0.36970729125525,0.30691276542525,2020.96949554347,2021.0322900693,1
3046,3047,Bronx,Bronx,0.03006780484,0.369748866458,0.339681061618,2021.00226383966,2021.0323316445,1
3729,3730,NewYork,NewYork,0.01493523912,0.37002929888525,0.35509405976525,2021.01767683781,2021.03261207693,1
2565,2566,Bronx,Bronx,0.02626542422,0.370072347254813,0.343806923034813,2021.00638970108,2021.0326551253,1
3762,3763,Bronx,Bronx,0.000624134696699974,0.37007549668095,0.36945136198425,2021.03203414002,2021.03265827472,1
3091,3092,NewYork,NewYork,0.07227816493,0.370185154463,0.297906989533,2020.96048976757,2021.0327679325,1
3491,3492,Bronx,NewYork,0.03188149761,0.37026290765796,0.33838141004796,2021.00096418809,2021.0328456857,1
3025,3026,NewYork,NewYork,0.01019147359,0.3703009543971,0.3601094808071,2021.02269225885,2021.03288373244,1
3146,3147,Bronx,Bronx,0.07386329401,0.3704322372525,0.2965689432425,2020.95915172128,2021.03301501529,1
2785,726,Bronx,Bronx,0.02238711136,0.370513112338,0.348126000978,2021.01070877902,2021.03309589038,1
2778,719,Bronx,Bronx,0.06927688832,0.370513112339,0.301236224019,2020.96381900206,2021.03309589038,1
3079,1025,NewYork,NewYork,0.01566801662,0.37051311234,0.35484509572,2021.01742787376,2021.03309589038,1
2565,2576,Bronx,Bronx,0.02677986971,0.370586792744813,0.343806923034813,2021.00638970108,2021.03316957079,1
2337,2340,Bronx,Bronx,0.00125612367,0.3705966255117,0.3693405018417,2021.03192327988,2021.03317940355,1
3723,3724,NewYork,NewYork,0.00392611660600001,0.37066720661225,0.36674109000625,2021.02932386805,2021.03324998465,1
2119,2120,Bronx,Bronx,0.00590722013200001,0.37083501613406,0.36492779600206,2021.02751057404,2021.03341779417,1
2625,2626,Bronx,Bronx,0.01298443491,0.371005330264527,0.358020895354527,2021.0206036734,2021.0335881083,1
3535,3536,NewYork,NewYork,0.0590252639,0.37107189727346,0.31204663337346,2020.97462941141,2021.03365467531,1
2396,2399,NewYork,NewYork,0.03427781478,0.3712209111022,0.3369430963222,2020.99952587436,2021.03380368914,1
3107,3117,NewYork,NewYork,0.04962058097,0.37137417934,0.32175359837,2020.98433637641,2021.03395695738,1
3613,3614,Kings,Kings,0.002626530199,0.37153341588046,0.36890688568146,2021.03148966372,2021.03411619392,1
3026,3027,NewYork,NewYork,0.00129587701,0.3715968314071,0.3703009543971,2021.03288373244,2021.03417960945,1
3983,3985,Bronx,Bronx,0.01506667697,0.37172966962895,0.35666299265895,2021.0192457707,2021.03431244767,1
3085,3086,NewYork,Bronx,0.07675579834,0.37176923913,0.29501344079,2020.95759621883,2021.03435201717,1
2186,2187,Westchester,Westchester,0.03259347697,0.3722061253093,0.3396126483393,2021.00219542638,2021.03478890335,1
3380,3381,Bronx,NewYork,0.1378829233,0.37232403644876,0.23444111314876,2020.89702389119,2021.03490681449,1
3473,3474,Bronx,Bronx,0.01686160376,0.37257337005376,0.35571176629376,2021.01829454433,2021.03515614809,1
3047,3048,Bronx,Bronx,0.00308850221899998,0.372837368677,0.369748866458,2021.0323316445,2021.03542014672,1
2426,2430,Nassau,Nassau,0.01528919878,0.3728406081022,0.3575514093222,2021.02013418736,2021.03542338614,1
3378,3379,Bronx,NewYork,0.07371329611,0.37288830497176,0.29917500886176,2020.9617577869,2021.03547108301,1
2307,2308,Bronx,Bronx,0.06783939359,0.3730286056492,0.3051892120592,2020.9677719901,2021.03561138369,1
3286,3287,Bronx,Bronx,0.00449616399300001,0.37320325122799,0.36870708723499,2021.03128986528,2021.03578602927,1
2834,2835,Bronx,Bronx,0.09245948056,0.373401935111,0.280942454551,2020.94352523259,2021.03598471315,1
3643,3644,NewYork,Queens,0.05390547347,0.373425629357471,0.319520155887471,2020.98210293393,2021.0360084074,1
3415,3416,NewYork,NewYork,0.00996750208399999,0.37348857080743,0.36352106872343,2021.02610384676,2021.03607134885,1
3025,970,NewYork,NewYork,0.01340363153,0.3735131123371,0.3601094808071,2021.02269225885,2021.03609589038,1
3043,987,Bronx,Bronx,0.05633607327,0.37351311234,0.31717703907,2020.97975981711,2021.03609589038,1
3086,1031,Bronx,Bronx,0.00174387321000002,0.37351311234,0.37176923913,2021.03435201717,2021.03609589038,1
2888,832,NewYork,NewYork,0.04127035295,0.3735131123404,0.3322427593904,2020.99482553743,2021.03609589038,1
3737,1683,NewYork,NewYork,0.06423160142,0.37351311234125,0.30928151092125,2020.97186428896,2021.03609589038,1
3026,971,NewYork,NewYork,0.00321215794399998,0.3735131123411,0.3703009543971,2021.03288373244,2021.03609589038,1
4041,1987,Bronx,Bronx,0.01669536942,0.37351311234395,0.35681774292395,2021.01940052096,2021.03609589038,1
3744,1687,NewYork,NewYork,0.0103760198,0.37351311234725,0.36313709254725,2021.02571987059,2021.03609589039,1
3730,1680,NewYork,NewYork,0.003483813462,0.37351311234725,0.37002929888525,2021.03261207693,2021.03609589039,1
3688,1632,NewYork,Westchester,0.01711582623,0.37351311235025,0.35639728612025,2021.01898006416,2021.03609589039,1
3734,1681,NewYork,NewYork,0.01150008774,0.37351311235125,0.36201302461125,2021.02459580265,2021.03609589039,1
3734,1682,NewYork,NewYork,0.01150008774,0.37351311235125,0.36201302461125,2021.02459580265,2021.03609589039,1
2140,88,Bronx,NewYork,0.05776973536,0.3735131123705,0.3157433770105,2020.97832615505,2021.03609589041,1
2119,64,Bronx,NewYork,0.00858531636900001,0.37351311237106,0.36492779600206,2021.02751057404,2021.03609589041,1
2340,2341,Bronx,Bronx,0.003073407724,0.3736700332357,0.3705966255117,2021.03317940355,2021.03625281128,1
2576,2581,Bronx,Bronx,0.003195426808,0.373782219552813,0.370586792744813,2021.03316957079,2021.03636499759,1
2626,2631,Bronx,Bronx,0.00300370477,0.374009035034527,0.371005330264527,2021.0335881083,2021.03659181307,1
2222,2230,NewYork,NewYork,0.02214273472,0.3740835495013,0.3519408147813,2021.01452359282,2021.03666632754,1
3676,3677,NewYork,NewYork,0.01842812969,0.37418733571125,0.35575920602125,2021.01834198406,2021.03677011375,1
3287,3288,Bronx,Bronx,0.00133366052599998,0.37453691175399,0.37320325122799,2021.03578602927,2021.03711968979,1
3399,3400,Bronx,NewYork,0.1295488498,0.37454817763696,0.24499932783696,2020.90758210588,2021.03713095568,1
2691,2692,Bronx,Bronx,0.01811483006,0.374590608234507,0.356475778174507,2021.01905855621,2021.03717338627,1
3288,3307,Bronx,Bronx,5.47778459499826e-05,0.37459168959994,0.37453691175399,2021.03711968979,2021.03717446764,1
2851,2852,Bronx,Kings,0.1914830309,0.3746142904984,0.1831312595984,2020.84571403764,2021.03719706854,1
2999,3001,Bronx,Bronx,0.01030242172,0.3750880488271,0.3647856271071,2021.02736840515,2021.03767082687,1
3158,3159,Bronx,Nassau,0.2233891557,0.3752864689615,0.1518973132615,2020.8144800913,2021.037869247,1
2170,2180,Bronx,Bronx,0.03726053595,0.3753682153163,0.3381076793663,2021.00069045741,2021.03795099336,1
3853,3854,Bronx,Bronx,0.00698691244999999,0.375420532895184,0.368433620445184,2021.03101639849,2021.03800331094,1
2997,2998,Bronx,NewYork,0.01157571557,0.3754857893801,0.3639100738101,2021.02649285185,2021.03806856742,1
4089,4091,NewYork,Bronx,0.01586811688,0.37550738600095,0.35963926912095,2021.02222204716,2021.03809016404,1
3474,1419,Bronx,NewYork,0.00293974228600002,0.37551311233976,0.37257337005376,2021.03515614809,2021.03809589038,1
2998,940,NewYork,NewYork,2.7322960340026e-05,0.37551311234044,0.3754857893801,2021.03806856742,2021.03809589038,1
2998,941,NewYork,NewYork,2.7322960340026e-05,0.37551311234044,0.3754857893801,2021.03806856742,2021.03809589038,1
2809,751,Bronx,Bronx,0.03281077025,0.3755131123407,0.3427023420907,2021.00528512013,2021.03809589038,1
3220,1165,Bronx,Bronx,0.01023113193,0.37551311234156,0.36528198041156,2021.02786475845,2021.03809589038,1
2787,729,Bronx,NewYork,0.09283593434,0.375513112342,0.282677178002,2020.94525995604,2021.03809589038,1
3531,1481,NewYork,NewYork,0.03184395914,0.37551311234746,0.34366915320746,2021.00625193125,2021.03809589039,1
2373,320,Bronx,NewYork,0.05185560665,0.3755131123642,0.3236575057142,2020.98624028375,2021.0380958904,1
2453,398,NewYork,NewYork,0.04330038438,0.375513112366938,0.332212727986938,2020.99479550603,2021.03809589041,1
2654,600,Bronx,Westchester,0.02494226414,0.375513112368527,0.350570848228527,2021.01315362627,2021.03809589041,1
2340,285,Bronx,Bronx,0.00491648685899998,0.3755131123707,0.3705966255117,2021.03317940355,2021.03809589041,1
2341,286,Bronx,NewYork,0.00184307913499998,0.3755131123707,0.3736700332357,2021.03625281128,2021.03809589041,1
2744,690,Bronx,NewYork,0.03982459581,0.375513112373,0.335688516563,2020.9982712946,2021.03809589041,1
2743,2747,Bronx,Bronx,0.04295032298,0.37565410588,0.3327037829,2020.99528656094,2021.03823688392,1
3881,3882,Bronx,Bronx,0.01013897883,0.375687976406384,0.365548997576384,2021.02813177562,2021.03827075445,1
2170,2171,Bronx,Bronx,0.03761339238,0.3757210717463,0.3381076793663,2021.00069045741,2021.03830384979,1
3793,3794,Bronx,NewYork,0.04177410731,0.375890179892564,0.334116072582564,2020.99669885062,2021.03847295793,1
3700,3701,Kings,Kings,0.01382715114,0.37595180007455,0.36212464893455,2021.02470742698,2021.03853457811,1
2999,3000,Bronx,Bronx,0.01135102084,0.3761366479471,0.3647856271071,2021.02736840515,2021.03871942599,1
3724,3725,NewYork,NewYork,0.005706389566,0.37637359617825,0.37066720661225,2021.03324998465,2021.03895637422,1
2120,2122,Bronx,Bronx,0.00568251383200002,0.37651752996606,0.37083501613406,2021.03341779417,2021.03910030801,1
3191,3192,Bronx,Bronx,0.04122305185,0.37671689187556,0.33549384002556,2020.99807661807,2021.03929966992,1
3102,3103,NewYork,NewYork,0.0333992191,0.376818933719,0.343419714619,2021.00600249266,2021.03940171176,1
2810,2811,Bronx,Bronx,0.02121059176,0.3769770743907,0.3557664826307,2021.01834926067,2021.03955985243,1
2847,2848,Bronx,NewYork,0.2158916306,0.377110150457,0.161218519857,2020.8238012979,2021.0396929285,1
3573,3574,NewYork,NewYork,0.008829804592,0.37721026256246,0.36838045797046,2021.03096323601,2021.0397930406,1
3536,3564,NewYork,NewYork,0.00637709363799999,0.37744899091146,0.37107189727346,2021.03365467531,2021.04003176895,1
2576,2577,Bronx,Westchester,0.00694249987200002,0.377529292616813,0.370586792744813,2021.03316957079,2021.04011207066,1
2122,2123,Bronx,Bronx,0.00114485677100001,0.37766238673706,0.37651752996606,2021.03910030801,2021.04024516478,1
4041,4042,Bronx,Bronx,0.02092009164,0.37773783456395,0.35681774292395,2021.01940052096,2021.0403206126,1
3027,3028,NewYork,NewYork,0.00614149888400001,0.3777383302911,0.3715968314071,2021.03417960945,2021.04032110833,1
4044,4045,Bronx,NewYork,0.03854719845,0.37774128202695,0.33919408357695,2021.00177686162,2021.04032406007,1
2453,2454,NewYork,NewYork,0.04553542867,0.377748156656938,0.332212727986938,2020.99479550603,2021.0403309347,1
3788,3789,Bronx,NewYork,0.02853560246,0.37786254166955,0.34932693920955,2021.01190971725,2021.04044531971,1
4046,4047,Bronx,Bronx,0.02155520845,0.37802312305695,0.35646791460695,2021.01905069265,2021.0406059011,1
3853,3862,Bronx,Bronx,0.00967465846600002,0.378108278911184,0.368433620445184,2021.03101639849,2021.04069105695,1
2549,2550,Bronx,NewYork,0.01524930964,0.378261265942707,0.363011956302707,2021.02559473434,2021.04084404398,1
3347,3348,Bronx,Bronx,0.04567357331,0.37831126632856,0.33263769301856,2020.99522047106,2021.04089404437,1
3466,3467,Bronx,Bronx,0.02609511585,0.37840722581046,0.35231210996046,2021.014894888,2021.04099000385,1
2848,792,NewYork,NewYork,0.00140296184400002,0.378513112301,0.377110150457,2021.0396929285,2021.04109589034,1
3001,944,Bronx,Bronx,0.00342506351299998,0.3785131123401,0.3750880488271,2021.03767082687,2021.04109589038,1
3000,942,Bronx,NewYork,0.00237646439299999,0.3785131123401,0.3761366479471,2021.03871942599,2021.04109589038,1
3000,943,Bronx,Bronx,0.00237646439299999,0.3785131123401,0.3761366479471,2021.03871942599,2021.04109589038,1
3695,1640,NewYork,NewYork,0.04616409892,0.37851311234225,0.33234901342225,2020.99493179146,2021.04109589038,1
4042,1988,Bronx,Bronx,0.000775277779800021,0.37851311234375,0.37773783456395,2021.0403206126,2021.04109589038,1
2187,131,Westchester,Westchester,0.00630698705900001,0.3785131123683,0.3722061253093,2021.03478890335,2021.04109589041,1
2487,432,Bronx,Westchester,0.01840634869,0.378513112368737,0.360106763678737,2021.02268954172,2021.04109589041,1
2488,433,Bronx,Westchester,0.01065384533,0.378513112369737,0.367859267039737,2021.03044204508,2021.04109589041,1
2577,2578,Westchester,Westchester,0.001173427522,0.378702720138813,0.377529292616813,2021.04011207066,2021.04128549818,1
3307,3310,Bronx,Bronx,0.00439707967899999,0.37898876927894,0.37459168959994,2021.03717446764,2021.04157154732,1
3531,3532,NewYork,NewYork,0.03547982369,0.37914897689746,0.34366915320746,2021.00625193125,2021.04173175494,1
2399,2400,NewYork,NewYork,0.008167765258,0.3793886763602,0.3712209111022,2021.03380368914,2021.0419714544,1
2858,2863,Nassau,Nassau,0.05111155714,0.3794772107124,0.3283656535724,2020.99094843161,2021.04205998875,1
3854,3855,Bronx,Bronx,0.00419276045299999,0.379613293348184,0.375420532895184,2021.03800331094,2021.04219607139,1
3310,3317,Bronx,Bronx,0.000719127535599995,0.37970789681454,0.37898876927894,2021.04157154732,2021.04229067485,1
3783,3784,Bronx,Bronx,0.06887350269,0.37971114500955,0.31083764231955,2020.97342042036,2021.04229392305,1
2655,2657,Bronx,Bronx,0.02126386147,0.379832540817527,0.358568679347527,2021.02115145739,2021.04241531886,1
4016,4020,Bronx,Bronx,0.05174204731,0.38013244234325,0.32839039503325,2020.99097317307,2021.04271522038,1
3381,3382,NewYork,NewYork,0.00816488253600001,0.38048891898476,0.37232403644876,2021.03490681449,2021.04307169703,1
4091,4092,Bronx,Bronx,0.00503069464799999,0.38053808064895,0.37550738600095,2021.03809016404,2021.04312085869,1
3317,1263,Bronx,Westchester,0.00180521552500001,0.38151311233954,0.37970789681454,2021.04229067485,2021.04409589038,1
3256,1202,Bronx,Bronx,0.08942414069,0.38151311234256,0.29208897165256,2020.95467174969,2021.04409589038,1
3344,1291,NewYork,NewYork,0.04087718315,0.38151311234556,0.34063592919556,2021.00321870724,2021.04409589039,1
3412,1358,NewYork,NewYork,0.04927269753,0.38151311234673,0.33224041481673,2020.99482319286,2021.04409589039,1
2624,569,Bronx,Bronx,0.0380254122,0.381513112364527,0.343487700164527,2021.0060704782,2021.04409589041,1
2056,3,Bronx,Bronx,0.08043414768,0.3815131123725,0.3010789646925,2020.96366174273,2021.04409589041,1
2631,2634,Bronx,Bronx,0.00784486231999998,0.381853897354527,0.374009035034527,2021.03659181307,2021.04443667539,1
2757,2759,Bronx,Bronx,0.08381320216,0.38193973808,0.29812653592,2020.96070931396,2021.04452251612,1
2104,2105,Bronx,Bronx,0.04325897022,0.3819717501985,0.3387127799785,2021.00129555802,2021.04455452824,1
2459,2460,NewYork,NewYork,0.02136617006,0.382212972548338,0.360846802488338,2021.02342958053,2021.04479575059,1
2542,2543,Bronx,Bronx,0.05679572557,0.382805892013507,0.326010166443507,2020.98859294448,2021.04538867005,1
3781,3782,Bronx,Bronx,0.07310665554,0.38332246336595,0.31021580782595,2020.97279858587,2021.04590524141,1
3058,3059,Bronx,Bronx,0.02372381688,0.383533331022,0.359809514142,2021.02239229218,2021.04611610906,1
3614,3615,Kings,Bronx,0.01202500702,0.38355842290046,0.37153341588046,2021.03411619392,2021.04614120094,1
2222,2223,NewYork,Bronx,0.03216993284,0.3841107476213,0.3519408147813,2021.01452359282,2021.04669352566,1
3660,3662,NewYork,NewYork,0.01799491389,0.38415591831386,0.36616100442386,2021.02874378246,2021.04673869635,1
3045,3051,Bronx,Bronx,0.05756146565,0.384174884338,0.326613418688,2020.98919619673,2021.04675766238,1
3730,3731,NewYork,NewYork,0.01421523985,0.38424453873525,0.37002929888525,2021.03261207693,2021.04682731678,1
2879,2880,NewYork,Bronx,0.06723403274,0.3843078106484,0.3170737779084,2020.97965655595,2021.04689058869,1
3882,3883,Bronx,Bronx,0.00871410551599999,0.384402081922384,0.375687976406384,2021.03827075445,2021.04698485996,1
2776,718,Bronx,Bronx,0.1282265656,0.384513112304,0.256286546704,2020.91886932474,2021.04709589034,1
3355,1303,Bronx,Nassau,0.1735848666,0.38451311231256,0.21092824571256,2020.87351102375,2021.04709589035,1
2788,730,Bronx,Richmond,0.09805943822,0.38451311234,0.28645367412,2020.94903645216,2021.04709589038,1
3106,1050,Kings,Kings,0.01829594187,0.38451311234,0.36621717047,2021.02879994851,2021.04709589038,1
3251,1197,Bronx,Bronx,0.0541288087,0.38451311234156,0.33038430364156,2020.99296708168,2021.04709589038,1
3790,1737,Bronx,Bronx,0.09781318035,0.38451311234195,0.28669993199195,2020.94928271003,2021.04709589038,1
2857,798,Bronx,Bronx,0.0477049376,0.3845131123424,0.3368081747424,2020.99939095278,2021.04709589038,1
4045,1991,NewYork,Kings,0.00677183031700002,0.38451311234395,0.37774128202695,2021.04032406007,2021.04709589038,1
4045,1992,NewYork,NewYork,0.00677183031700002,0.38451311234395,0.37774128202695,2021.04032406007,2021.04709589038,1
2899,843,NewYork,Kings,0.0926225359,0.3845131123446,0.2918905764446,2020.95447335449,2021.04709589038,1
3192,1138,Bronx,Bronx,0.00779622046900003,0.38451311234456,0.37671689187556,2021.03929966992,2021.04709589038,1
3250,1195,Bronx,Westchester,0.01771317547,0.38451311234556,0.36679993687556,2021.02938271492,2021.04709589039,1
3759,1705,Bronx,Nassau,0.04388957686,0.38451311234825,0.34062353548825,2021.00320631353,2021.04709589039,1
3761,1708,Bronx,Bronx,0.0223925198,0.38451311234825,0.36212059254825,2021.02470337059,2021.04709589039,1
3485,1432,Bronx,Bronx,0.06104361229,0.38451311234846,0.32346950005846,2020.9860522781,2021.04709589039,1
3571,1517,NewYork,NewYork,0.04589695835,0.38451311235046,0.33861615400046,2021.00119893204,2021.04709589039,1
2656,601,Bronx,Bronx,0.02127757101,0.384513112367527,0.363235541357527,2021.0258183194,2021.04709589041,1
2656,602,Bronx,Kings,0.02127757101,0.384513112367527,0.363235541357527,2021.0258183194,2021.04709589041,1
2152,98,NewYork,Westchester,0.01923447532,0.3845131123675,0.3652786370475,2021.02786141509,2021.04709589041,1
2262,207,NewYork,Westchester,0.03055232398,0.3845131123683,0.3539607883883,2021.01654356643,2021.04709589041,1
2623,568,Bronx,Kings,0.0452184077,0.384513112371527,0.339294704671527,2021.00187748271,2021.04709589041,1
3416,3422,NewYork,NewYork,0.0110773416,0.38456591240743,0.37348857080743,2021.03607134885,2021.04714869045,1
4008,4009,Bronx,NewYork,0.06832806425,0.38472201467495,0.31639395042495,2020.97897672847,2021.04730479272,1
3883,3884,Bronx,Bronx,0.000603739190099983,0.385005821112484,0.384402081922384,2021.04698485996,2021.04758859915,1
2835,2836,Bronx,Bronx,0.01171445436,0.385116389471,0.373401935111,2021.03598471315,2021.04769916751,1
2223,2224,Bronx,Bronx,0.00108368531199998,0.3851944329333,0.3841107476213,2021.04669352566,2021.04777721097,1
3774,3775,Bronx,NewYork,0.04469268674,0.38532390990195,0.34063122316195,2021.0032140012,2021.04790668794,1
3051,3052,Bronx,Bronx,0.00115240972000002,0.385327294058,0.384174884338,2021.04675766238,2021.0479100721,1
2859,2860,Nassau,Nassau,0.02462180573,0.3853584991124,0.3607366933824,2021.02331947142,2021.04794127715,1
3349,3350,Bronx,Bronx,0.029549426,0.38539494604856,0.35584552004856,2021.01842829809,2021.04797772409,1
3884,3888,Bronx,Bronx,0.000777748687300017,0.385783569799784,0.385005821112484,2021.04758859915,2021.04836634784,1
3807,3962,Bronx,Bronx,0.08863797743,0.385827640798564,0.297189663368564,2020.95977244141,2021.04841041884,1
2189,2190,Bronx,Bronx,0.0478532976,0.3859811269843,0.3381278293843,2021.00071060742,2021.04856390502,1
3001,3002,Bronx,Bronx,0.01100270724,0.3860907560671,0.3750880488271,2021.03767082687,2021.04867353411,1
3677,3678,NewYork,NewYork,0.01194046127,0.38612779698125,0.37418733571125,2021.03677011375,2021.04871057502,1
3027,972,NewYork,NewYork,0.01491628093,0.3865131123371,0.3715968314071,2021.03417960945,2021.04909589038,1
2968,912,Bronx,Bronx,0.07441072621,0.3865131123399,0.3121023861299,2020.97468516417,2021.04909589038,1
2888,831,NewYork,NewYork,0.05427035295,0.3865131123404,0.3322427593904,2020.99482553743,2021.04909589038,1
3379,1326,NewYork,NewYork,0.01362480737,0.38651311234176,0.37288830497176,2021.03547108301,2021.04909589038,1
3793,1738,Bronx,Queens,0.05239703976,0.386513112342564,0.334116072582564,2020.99669885062,2021.04909589038,1
3855,1798,Bronx,Bronx,0.00689981899499997,0.386513112343184,0.379613293348184,2021.04219607139,2021.04909589038,1
2948,893,Bronx,Bronx,0.04088991076,0.3865131123438,0.3456232015838,2021.00820597962,2021.04909589038,1
3348,1295,Bronx,Bronx,0.00820184601599999,0.38651311234456,0.37831126632856,2021.04089404437,2021.04909589038,1
2496,443,Bronx,Bronx,0.07991504699,0.386513112362108,0.306598065372107,2020.96918084341,2021.0490958904,1
2373,319,Bronx,Bronx,0.06285560665,0.3865131123642,0.3236575057142,2020.98624028375,2021.0490958904,1
2625,570,Bronx,NewYork,0.02849221701,0.386513112364527,0.358020895354527,2021.0206036734,2021.0490958904,1
2502,450,Bronx,Bronx,0.05472295708,0.386513112367108,0.331790155287108,2020.99437293333,2021.04909589041,1
2499,445,Bronx,Bronx,0.02176513546,0.386513112371108,0.364747976911107,2021.02733075495,2021.04909589041,1
2122,67,Bronx,Westchester,0.00999558240499998,0.38651311237106,0.37651752996606,2021.03910030801,2021.04909589041,1
2145,91,Bronx,Westchester,0.11583734,0.3865131123945,0.2706757723945,2020.93325855043,2021.04909589043,1
4020,4022,Bronx,Bronx,0.00668710635100001,0.38681954869425,0.38013244234325,2021.04271522038,2021.04940232673,1
3481,3482,Bronx,Bronx,0.0714760487,0.38684578320546,0.31536973450546,2020.97795251255,2021.04942856125,1
3002,3003,Bronx,Bronx,0.00117936224499998,0.3872701183121,0.3860907560671,2021.04867353411,2021.04985289635,1
2657,2658,Bronx,Bronx,0.00764105272600002,0.387473593543527,0.379832540817527,2021.04241531886,2021.05005637158,1
2430,2431,Nassau,Nassau,0.01465602258,0.3874966306822,0.3728406081022,2021.03542338614,2021.05007940872,1
2264,2293,Bronx,Bronx,0.02261516673,0.3876178758193,0.3650027090893,2021.02758548713,2021.05020065386,1
4047,4048,Bronx,Bronx,0.00969416612899998,0.38771728918595,0.37802312305695,2021.0406059011,2021.05030006723,1
3422,3426,NewYork,NewYork,0.00332028379600002,0.38788619620343,0.38456591240743,2021.04714869045,2021.05046897424,1
2747,2748,Bronx,Bronx,0.01226424554,0.38791835142,0.37565410588,2021.03823688392,2021.05050112946,1
3439,3442,NewYork,Bronx,0.05618869755,0.38802735091156,0.33183865336156,2020.9944214314,2021.05061012895,1
3492,3493,NewYork,NewYork,0.01799267944,0.38825558709796,0.37026290765796,2021.0328456857,2021.05083836514,1
3725,3726,NewYork,NewYork,0.01201827556,0.38839187173825,0.37637359617825,2021.03895637422,2021.05097464978,1
3103,3104,NewYork,NewYork,0.01165482924,0.388473762959,0.376818933719,2021.03940171176,2021.051056541,1
3317,3318,Bronx,Bronx,0.00898137712800001,0.38868927394254,0.37970789681454,2021.04229067485,2021.05127205198,1
3888,3889,Bronx,Bronx,0.003049718609,0.388833288408784,0.385783569799784,2021.04836634784,2021.05141606645,1
2581,2582,Bronx,Bronx,0.01510610226,0.388888321812813,0.373782219552813,2021.03636499759,2021.05147109985,1
3532,3533,NewYork,NewYork,0.01019224427,0.38934122116746,0.37914897689746,2021.04173175494,2021.05192399921,1
3059,1002,Bronx,Westchester,0.00597978131799998,0.38951311234,0.383533331022,2021.04611610906,2021.05209589038,1
3763,1709,Bronx,Bronx,0.01943761566,0.38951311234095,0.37007549668095,2021.03265827472,2021.05209589038,1
3775,1719,NewYork,NewYork,0.004189202442,0.38951311234395,0.38532390990195,2021.04790668794,2021.05209589038,1
4046,1993,Bronx,Bronx,0.03304519774,0.38951311234695,0.35646791460695,2021.01905069265,2021.05209589039,1
3573,1518,NewYork,NewYork,0.02113265438,0.38951311235046,0.36838045797046,2021.03096323601,2021.05209589039,1
2158,105,Nassau,Nassau,0.05168353381,0.3895131123693,0.3378295785593,2021.0004123566,2021.05209589041,1
2316,2317,Bronx,Bronx,0.06466788769,0.3897102357287,0.3250423480387,2020.98762512608,2021.05229301377,1
2989,2990,Bronx,Bronx,0.07369086612,0.3897818950021,0.3160910288821,2020.97867380692,2021.05236467304,1
2938,2939,Bronx,Bronx,0.1065277714,0.3897921715987,0.2832644001987,2020.94584717824,2021.05237494964,1
3288,3289,Bronx,Bronx,0.01555049431,0.39008740606399,0.37453691175399,2021.03711968979,2021.0526701841,1
2260,2298,NewYork,Kings,0.06292028574,0.3907922339583,0.3278719482183,2020.99045472626,2021.053375012,1
3536,3537,NewYork,NewYork,0.01974484164,0.39081673891346,0.37107189727346,2021.03365467531,2021.05339951695,1
3318,3320,Bronx,Bronx,0.00212822327599999,0.39081749721854,0.38868927394254,2021.05127205198,2021.05340027526,1
3533,3534,NewYork,NewYork,0.00158778796699999,0.39092900913446,0.38934122116746,2021.05192399921,2021.05351178717,1
3215,3216,Bronx,NewYork,0.05146143655,0.39094355952156,0.33948212297156,2021.00206490101,2021.05352633756,1
3570,3582,NewYork,NewYork,0.05370761462,0.39099470686346,0.33728709224346,2020.99986987028,2021.0535774849,1
3129,3138,NewYork,NewYork,0.09470487017,0.391002904901,0.296298034731,2020.95888081277,2021.05358568294,1
3842,3843,Bronx,Bronx,0.04635504168,0.391088304523264,0.344733262843264,2021.00731604088,2021.05367108256,1
2230,2241,NewYork,NewYork,0.01700983806,0.3910933875613,0.3740835495013,2021.03666632754,2021.0536761656,1
2293,2294,Bronx,Bronx,0.00359918351400002,0.3912170593333,0.3876178758193,2021.05020065386,2021.05379983737,1
3537,3538,NewYork,NewYork,0.00059227610610002,0.39140901501956,0.39081673891346,2021.05339951695,2021.05399179306,1
3031,3032,NewYork,NewYork,0.04456117266,0.391622460184,0.347061287524,2021.00964406556,2021.05420523822,1
3605,3606,Bronx,Bronx,0.03334344623,0.39187096161146,0.35852751538146,2021.02111029342,2021.05445373965,1
2874,2875,NewYork,Suffolk,0.05591430243,0.3921872187394,0.3362729163094,2020.99885569435,2021.05476999678,1
3727,3728,Bronx,Westchester,0.0625399677,0.39223311055525,0.32969314285525,2020.9922759209,2021.0548158886,1
2756,714,Bronx,NewYork,0.1379598221,0.39251311233,0.25455329023,2020.91713606827,2021.05509589037,1
3113,1061,Queens,Queens,0.03388400309,0.392513112339,0.358629109249,2021.02121188729,2021.05509589038,1
3002,945,Bronx,Bronx,0.00642235627299997,0.3925131123401,0.3860907560671,2021.04867353411,2021.05509589038,1
3032,978,NewYork,NewYork,0.000890652156500027,0.3925131123405,0.391622460184,2021.05420523822,2021.05509589038,1
2836,778,Bronx,NewYork,0.00739672286999998,0.392513112341,0.385116389471,2021.04769916751,2021.05509589038,1
2171,123,Bronx,Queens,0.01679204062,0.3925131123663,0.3757210717463,2021.03830384979,2021.05509589041,1
2456,402,NewYork,NewYork,0.05565314687,0.392513112368937,0.336859965498937,2020.99944274354,2021.05509589041,1
2490,436,Bronx,Westchester,0.07710400503,0.392513112369507,0.315409107339507,2020.97799188538,2021.05509589041,1
2264,2265,Bronx,Bronx,0.02756172831,0.3925644373993,0.3650027090893,2021.02758548713,2021.05514721544,1
3175,3176,NewYork,NewYork,0.04137914426,0.39259255410556,0.35121340984556,2021.01379618789,2021.05517533215,1
2748,2749,Bronx,Bronx,0.00483584815900001,0.392754199579,0.38791835142,2021.05050112946,2021.05533697762,1
2940,2941,Bronx,NewYork,0.0702539379,0.3929083852887,0.3226544473887,2020.98523722543,2021.05549116333,1
3827,3828,Bronx,Bronx,0.03356804847,0.393008504083264,0.359440455613264,2021.02202323365,2021.05559128212,1
3109,3110,NewYork,NewYork,0.06023713362,0.393253694433,0.333016560813,2020.99559933885,2021.05583647247,1
2658,2659,Bronx,Bronx,0.00629724450300001,0.393770838046527,0.387473593543527,2021.05005637158,2021.05635361609,1
2749,2750,Bronx,Bronx,0.00117159604,0.393925795619,0.392754199579,2021.05533697762,2021.05650857366,1
2549,2553,Bronx,Bronx,0.03131892097,0.394330877272707,0.363011956302707,2021.02559473434,2021.05691365531,1
2985,2986,Bronx,NewYork,0.08663742706,0.3943893490121,0.3077519219521,2020.97033469999,2021.05697212705,1
2957,2958,Bronx,Kings,0.1606438166,0.394967649415,0.234323832815,2020.89690661086,2021.05755042746,1
3320,3326,Bronx,Bronx,0.00420887883900001,0.39502637605754,0.39081749721854,2021.05340027526,2021.0576091541,1
2341,2342,Bronx,Bronx,0.02148913795,0.3951591711857,0.3736700332357,2021.03625281128,2021.05774194923,1
3507,3510,Bronx,Bronx,0.02749521799,0.39534913776896,0.36785391977896,2021.03043669782,2021.05793191581,1
3582,3583,NewYork,NewYork,0.00435689053900001,0.39535159740246,0.39099470686346,2021.0535774849,2021.05793437544,1
3452,3453,NewYork,Bronx,0.04111202831,0.39539100013216,0.35427897182216,2021.01686174986,2021.05797377817,1
3889,3891,Bronx,Bronx,0.00660180278700001,0.395435091195784,0.388833288408784,2021.05141606645,2021.05801786924,1
2827,770,NewYork,Queens,0.1029857073,0.395513112295,0.292527404995,2020.95511018304,2021.05809589034,1
2789,731,Bronx,NewYork,0.1057237393,0.395513112324,0.289789373024,2020.95237215106,2021.05809589036,1
2905,849,NewYork,Queens,0.07693004009,0.3955131123359,0.3185830722459,2020.98116585029,2021.05809589038,1
3028,973,NewYork,NewYork,0.01777478205,0.3955131123411,0.3777383302911,2021.04032110833,2021.05809589038,1
3612,1556,Kings,Kings,0.03696125643,0.39551311234146,0.35855185591146,2021.02113463395,2021.05809589038,1
2863,805,Nassau,Suffolk,0.01603590163,0.3955131123424,0.3794772107124,2021.04205998875,2021.05809589038,1
3744,1688,NewYork,NewYork,0.0323760198,0.39551311234725,0.36313709254725,2021.02571987059,2021.05809589039,1
3678,1622,NewYork,NewYork,0.00938531536600001,0.39551311234725,0.38612779698125,2021.04871057502,2021.05809589039,1
2823,766,Bronx,Queens,0.05370833436,0.395513112349,0.341804777989,2021.00438755603,2021.05809589039,1
2747,694,Bronx,NewYork,0.01985900649,0.39551311237,0.37565410588,2021.03823688392,2021.05809589041,1
2054,1,Bronx,NewYork,0.2318187606,0.3955131123755,0.1636943517755,2020.82627712982,2021.05809589042,1
3985,3987,Bronx,Bronx,0.02378933343,0.39551900305895,0.37172966962895,2021.03431244767,2021.0581017811,1
3058,3066,Bronx,Bronx,0.03575694778,0.395566461922,0.359809514142,2021.02239229218,2021.05814923996,1
3662,3663,NewYork,NewYork,0.01159003808,0.39574595639386,0.38415591831386,2021.04673869635,2021.05832873443,1
2230,2231,NewYork,NewYork,0.02171656116,0.3958001106613,0.3740835495013,2021.03666632754,2021.0583828887,1
3701,3702,Kings,Kings,0.01986961422,0.39582141429455,0.37595180007455,2021.03853457811,2021.05840419234,1
2658,2660,Bronx,Bronx,0.008362038159,0.395835631702527,0.387473593543527,2021.05005637158,2021.05841840974,1
2265,2269,Bronx,Bronx,0.00353522839999998,0.3960996657993,0.3925644373993,2021.05514721544,2021.05868244384,1
3059,3060,Bronx,Bronx,0.01269701288,0.396230343902,0.383533331022,2021.04611610906,2021.05881312194,1
3987,3988,Bronx,Bronx,0.000727283239799981,0.39624628629875,0.39551900305895,2021.0581017811,2021.05882906434,1
3092,3093,NewYork,Kings,0.02642386002,0.396609014483,0.370185154463,2021.0327679325,2021.05919179252,1
3675,3682,NewYork,NewYork,0.08112457054,0.39661079844125,0.31548622790125,2020.97806900594,2021.05919357648,1
3988,3989,Bronx,Bronx,0.000372853495699987,0.39661913979445,0.39624628629875,2021.05882906434,2021.05920191783,1
3891,3893,Bronx,Bronx,0.00118686658599998,0.396621957781784,0.395435091195784,2021.05801786924,2021.05920473582,1
3289,3290,Bronx,Bronx,0.00654784681100001,0.39663525287499,0.39008740606399,2021.0526701841,2021.05921803092,1
2342,2343,Bronx,Bronx,0.00159702633199998,0.3967561975177,0.3951591711857,2021.05774194923,2021.05933897556,1
2908,2909,NewYork,NewYork,0.0714846163,0.396995889606,0.325511273306,2020.98809405135,2021.05957866765,1
3893,3900,Bronx,Bronx,0.000509013287199989,0.397130971068984,0.396621957781784,2021.05920473582,2021.05971374911,1
3493,3494,NewYork,NewYork,0.008892146855,0.39714773395296,0.38825558709796,2021.05083836514,2021.05973051199,1
2890,2891,NewYork,NewYork,0.07018529498,0.3973277920304,0.3271424970504,2020.98972527509,2021.05991057007,1
4048,4049,Bronx,Bronx,0.009792128309,0.39750941749495,0.38771728918595,2021.05030006723,2021.06009219554,1
3644,1591,Queens,Queens,0.02408748299,0.397513112347471,0.373425629357471,2021.0360084074,2021.06009589039,1
3371,1319,Bronx,Westchester,0.1753364878,0.39751311238256,0.22217662458256,2020.88475940262,2021.06009589042,1
2820,2821,NewYork,Queens,0.05962528057,0.397590030779,0.337964750209,2021.00054752825,2021.06017280882,1
2454,2455,NewYork,NewYork,0.01995559261,0.397703749266938,0.377748156656938,2021.0403309347,2021.06028652731,1
3254,3337,Bronx,Bronx,0.1216607705,0.39771506300756,0.27605429250756,2020.93863707055,2021.06029784105,1
2609,2610,NewYork,NewYork,0.04632190343,0.397942289757507,0.351620386327507,2021.01420316437,2021.0605250678,1
2634,2635,Bronx,Bronx,0.01648133694,0.398335234294527,0.381853897354527,2021.04443667539,2021.06091801233,1
3474,3475,Bronx,Bronx,0.02582097349,0.39839434354376,0.37257337005376,2021.03515614809,2021.06097712158,1
3538,3539,NewYork,NewYork,0.006991494042,0.39840050906156,0.39140901501956,2021.05399179306,2021.0609832871,1
3104,3105,NewYork,NewYork,0.01001386775,0.398487630709,0.388473762959,2021.051056541,2021.06107040875,1
3066,3067,Bronx,Queens,0.00292209199400001,0.398488553916,0.395566461922,2021.05814923996,2021.06107133196,1
3079,3080,NewYork,NewYork,0.04367547948,0.3985205752,0.35484509572,2021.01742787376,2021.06110335324,1
3494,3495,NewYork,NewYork,0.00143466001699999,0.39858239396996,0.39714773395296,2021.05973051199,2021.06116517201,1
2506,2507,Bronx,Bronx,0.04668889887,0.398718661904107,0.352029763034107,2021.01461254107,2021.06130143994,1
2660,2662,Bronx,Bronx,0.00304574790899997,0.398881379611527,0.395835631702527,2021.05841840974,2021.06146415765,1
3615,3616,Bronx,Bronx,0.01534127115,0.39889969405046,0.38355842290046,2021.04614120094,2021.06148247209,1
3616,3617,Bronx,Bronx,4.65737165399882e-05,0.398946267767,0.39889969405046,2021.06148247209,2021.06152904581,1
2491,2492,Bronx,Bronx,0.07768654278,0.398996383961507,0.321309841181508,2020.98389261922,2021.061579162,1
3854,3856,Bronx,Bronx,0.02372262076,0.399143153655184,0.375420532895184,2021.03800331094,2021.0617259317,1
2105,2106,Bronx,Bronx,0.01743405374,0.3994058039385,0.3819717501985,2021.04455452824,2021.06198858198,1
3617,3618,Bronx,Bronx,0.000543140643600004,0.3994894084106,0.398946267767,2021.06152904581,2021.06207218645,1
3801,3802,NewYork,Kings,0.08198971452,0.399562244192564,0.317572529672564,2020.98015530771,2021.06214502223,1
3326,3327,Bronx,Bronx,0.00470576341099999,0.39973213946854,0.39502637605754,2021.0576091541,2021.06231491751,1
3701,3712,Kings,Kings,0.02387020339,0.39982200346455,0.37595180007455,2021.03853457811,2021.0624047815,1
2660,2661,Bronx,Bronx,0.00400221244600002,0.399837844148527,0.395835631702527,2021.05841840974,2021.06242062219,1
3368,3369,Bronx,Bronx,0.182902062,0.39992226103056,0.21702019903056,2020.87960297707,2021.06250503907,1
2821,2822,Queens,Queens,0.00258774795200001,0.400177778731,0.397590030779,2021.06017280882,2021.06276055677,1
2171,2172,Bronx,Bronx,0.02446041856,0.4001814903063,0.3757210717463,2021.03830384979,2021.06276426835,1
3475,3476,Bronx,Bronx,0.001874292103,0.40026863564676,0.39839434354376,2021.06097712158,2021.06285141369,1
2082,2083,Bronx,Queens,0.07962713403,0.4003454680205,0.3207183339905,2020.98330111203,2021.06292824606,1
2343,2358,Bronx,Bronx,0.00367737728500001,0.4004335748027,0.3967561975177,2021.05933897556,2021.06301635284,1
3356,3357,Bronx,Nassau,0.1877423444,0.40045980939756,0.21271746499756,2020.87530024304,2021.06304258744,1
2873,816,NewYork,Suffolk,0.06758865555,0.4005131123354,0.3329244567854,2020.99550723483,2021.06309589038,1
3051,1000,Bronx,Bronx,0.016338228,0.400513112338,0.384174884338,2021.04675766238,2021.06309589038,1
3788,1734,Bronx,Queens,0.05118617313,0.40051311233955,0.34932693920955,2021.01190971725,2021.06309589038,1
2810,752,Bronx,Bronx,0.04474662971,0.4005131123407,0.3557664826307,2021.01834926067,2021.06309589038,1
3128,1074,NewYork,NewYork,0.04951478995,0.400513112341,0.350998322391,2021.01358110043,2021.06309589038,1
3805,1751,NewYork,NewYork,0.0360787827,0.400513112342564,0.364434329642564,2021.02701710768,2021.06309589038,1
3533,1478,NewYork,NewYork,0.01117189118,0.40051311234746,0.38934122116746,2021.05192399921,2021.06309589039,1
2749,702,Bronx,Bronx,0.00775891279099999,0.40051311237,0.392754199579,2021.05533697762,2021.06309589041,1
3900,3901,Bronx,Bronx,0.00340580337599999,0.400536774444984,0.397130971068984,2021.05971374911,2021.06311955249,1
2909,2910,NewYork,NewYork,0.00354403749299997,0.400539927099,0.396995889606,2021.05957866765,2021.06312270514,1
2798,2799,Bronx,Bronx,0.06443943278,0.400631318089,0.336191885309,2020.99877466335,2021.06321409613,1
2269,2280,Bronx,Bronx,0.004550217345,0.4006498831443,0.3960996657993,2021.05868244384,2021.06323266118,1
2200,2202,Bronx,Bronx,0.03625917998,0.4007603785173,0.3645011985373,2021.02708397658,2021.06334315656,1
3052,3053,Bronx,Bronx,0.01551826086,0.400845554918,0.385327294058,2021.0479100721,2021.06342833296,1
2626,2627,Bronx,Bronx,0.02985351626,0.400858846524527,0.371005330264527,2021.0335881083,2021.06344162457,1
3476,3477,Bronx,Bronx,0.000630461120199988,0.40089909676696,0.40026863564676,2021.06285141369,2021.06348187481,1
3539,3541,NewYork,NewYork,0.002683592505,0.40108410156656,0.39840050906156,2021.0609832871,2021.06366687961,1
2627,2628,Bronx,Bronx,0.000287403868900027,0.401146250393427,0.400858846524527,2021.06344162457,2021.06372902843,1
3572,3580,NewYork,NewYork,0.06149106212,0.40125057122046,0.33975950910046,2021.00234228714,2021.06383334926,1
2202,2203,Bronx,Bronx,0.0005221430631,0.4012825215804,0.4007603785173,2021.06334315656,2021.06386529962,1
3969,3971,Bronx,Bronx,0.07305701258,0.40148059491095,0.32842358233095,2020.99100636037,2021.06406337295,1
3564,3565,NewYork,NewYork,0.02414496367,0.40159395458146,0.37744899091146,2021.04003176895,2021.06417673262,1
3074,3075,Bronx,Bronx,0.0938400706,0.40179895425,0.30795888365,2020.97054166169,2021.06438173229,1
3179,3180,NewYork,Bronx,0.07332338434,0.40180819395356,0.32848480961356,2020.99106758765,2021.06439097199,1
2924,2925,NewYork,NewYork,0.06343723772,0.4020084497204,0.3385712120004,2021.00115399004,2021.06459122776,1
2086,2093,Bronx,NewYork,0.06431465244,0.4021718958675,0.3378572434275,2021.00044002147,2021.06475467391,1
3147,3148,Bronx,Bronx,0.03192928887,0.4023615261225,0.3704322372525,2021.03301501529,2021.06494430416,1
2280,2281,Bronx,Bronx,0.001827713615,0.4024775967593,0.4006498831443,2021.06323266118,2021.0650603748,1
2750,2751,Bronx,Queens,0.008607400456,0.402533196075,0.393925795619,2021.05650857366,2021.06511597412,1
4049,4054,Bronx,Bronx,0.00516952175399998,0.40267893924895,0.39750941749495,2021.06009219554,2021.06526171729,1
3677,3680,NewYork,Bronx,0.02867812944,0.40286546515125,0.37418733571125,2021.03677011375,2021.06544824319,1
2231,2232,NewYork,NewYork,0.00709710492900001,0.4028972155903,0.3958001106613,2021.0583828887,2021.06547999363,1
3510,3511,Bronx,Bronx,0.007564344753,0.40291348252196,0.39534913776896,2021.05793191581,2021.06549626056,1
3482,3483,Bronx,Bronx,0.01624616709,0.40309195029546,0.38684578320546,2021.04942856125,2021.06567472834,1
2409,2412,Bronx,Bronx,0.1012341667,0.4031705029932,0.3019363362932,2020.96451911433,2021.06575328103,1
2757,2758,Bronx,Bronx,0.1052012494,0.40332778532,0.29812653592,2020.96070931396,2021.06591056336,1
2139,89,Bronx,Bronx,0.1079368829,0.4035131123305,0.2955762294305,2020.95815900747,2021.06609589037,1
3372,1320,Bronx,NewYork,0.179658468,0.40351311233256,0.22385464433256,2020.88643742237,2021.06609589037,1
3021,966,Bronx,NewYork,0.08674666513,0.4035131123379,0.3167664472079,2020.97934922525,2021.06609589038,1
2852,796,Kings,Nassau,0.02889882184,0.4035131123384,0.3746142904984,2021.03719706854,2021.06609589038,1
2852,797,Kings,Kings,0.02889882184,0.4035131123384,0.3746142904984,2021.03719706854,2021.06609589038,1
3789,1736,NewYork,NewYork,0.02565057067,0.40351311233955,0.37786254166955,2021.04044531971,2021.06609589038,1
3105,1049,NewYork,NewYork,0.00502548163099997,0.40351311234,0.398487630709,2021.06107040875,2021.06609589038,1
3598,1543,NewYork,NewYork,0.04559611847,0.40351311234046,0.35791699387046,2021.02049977191,2021.06609589038,1
3696,1642,NewYork,Queens,0.0739537941,0.40351311234225,0.32955931824225,2020.99214209628,2021.06609589038,1
3534,1480,NewYork,NewYork,0.01258410321,0.40351311234446,0.39092900913446,2021.05351178717,2021.06609589038,1
2879,824,NewYork,NewYork,0.08643933444,0.4035131123484,0.3170737779084,2020.97965655595,2021.06609589039,1
2659,604,Bronx,NewYork,0.00974227432000002,0.403513112366527,0.393770838046527,2021.05635361609,2021.06609589041,1
2540,487,Bronx,Suffolk,0.07821539489,0.403513112367007,0.325297717477007,2020.98788049552,2021.06609589041,1
2106,50,Bronx,Westchester,0.004107308433,0.4035131123715,0.3994058039385,2021.06198858198,2021.06609589041,1
3644,3645,Queens,Queens,0.03018530381,0.403610933167471,0.373425629357471,2021.0360084074,2021.06619371121,1
3663,3664,NewYork,NewYork,0.00808638508999998,0.40383234148386,0.39574595639386,2021.05832873443,2021.06641511952,1
3862,3863,Bronx,Bronx,0.02594008978,0.404048368691184,0.378108278911184,2021.04069105695,2021.06663114673,1
2086,2087,Bronx,Bronx,0.0663028009,0.4041600443275,0.3378572434275,2021.00044002147,2021.06674282237,1
2431,2432,Nassau,Nassau,0.01671098509,0.4042076157722,0.3874966306822,2021.05007940872,2021.06679039381,1
3482,3484,Bronx,Bronx,0.01744670288,0.40429248608546,0.38684578320546,2021.04942856125,2021.06687526413,1
2891,2892,NewYork,NewYork,0.00717230698999999,0.4045000990204,0.3973277920304,2021.05991057007,2021.06708287706,1
3863,3864,Bronx,Bronx,0.000539031999099993,0.404587400690284,0.404048368691184,2021.06663114673,2021.06717017873,1
4054,4055,Bronx,Bronx,0.002301550496,0.40498048974495,0.40267893924895,2021.06526171729,2021.06756326779,1
3618,3619,Bronx,Bronx,0.00549219504199999,0.4049816034526,0.3994894084106,2021.06207218645,2021.06756438149,1
3541,3542,NewYork,NewYork,0.004059429442,0.40514353100856,0.40108410156656,2021.06366687961,2021.06772630905,1
2269,2270,Bronx,Bronx,0.00924004901999997,0.4053397148193,0.3960996657993,2021.05868244384,2021.06792249286,1
2123,2124,Bronx,Bronx,0.02775448093,0.40541686766706,0.37766238673706,2021.04024516478,2021.06799964571,1
3022,967,Bronx,NewYork,0.06953777972,0.4055131123379,0.3359753326179,2020.99855811066,2021.06809589038,1
3653,1599,NewYork,NewYork,0.03926470683,0.40551311233916,0.36624840550916,2021.02883118355,2021.06809589038,1
3476,1421,Bronx,NewYork,0.00524447669299999,0.40551311233976,0.40026863564676,2021.06285141369,2021.06809589038,1
2909,852,NewYork,Nassau,0.00851722273400002,0.40551311234,0.396995889606,2021.05957866765,2021.06809589038,1
2931,874,Nassau,Nassau,0.04469681598,0.4055131123404,0.3608162963604,2021.0233990744,2021.06809589038,1
3379,1327,NewYork,NewYork,0.03262480737,0.40551311234176,0.37288830497176,2021.03547108301,2021.06809589038,1
2925,869,NewYork,NewYork,0.00350466262400001,0.4055131123444,0.4020084497204,2021.06459122776,2021.06809589038,1
3511,1457,Bronx,Bronx,0.002599629825,0.40551311234696,0.40291348252196,2021.06549626056,2021.06809589039,1
3349,1296,Bronx,Queens,0.0496675923,0.40551311234856,0.35584552004856,2021.01842829809,2021.06809589039,1
2124,69,Bronx,NewYork,9.62447043599823e-05,0.40551311237142,0.40541686766706,2021.06799964571,2021.06809589041,1
2758,704,Bronx,Bronx,0.00218532705899999,0.405513112379,0.40332778532,2021.06591056336,2021.06809589042,1
2811,2812,Bronx,NewYork,0.02859125202,0.4055683264107,0.3769770743907,2021.03955985243,2021.06815110445,1
2891,2898,NewYork,NewYork,0.008324557447,0.4056523494774,0.3973277920304,2021.05991057007,2021.06823512752,1
3828,3829,Bronx,Bronx,0.01269476274,0.405703266823264,0.393008504083264,2021.05559128212,2021.06828604486,1
2679,2680,Bronx,Bronx,0.0755294294,0.405732980744607,0.330203551344607,2020.99278632939,2021.06831575879,1
3344,3345,NewYork,NewYork,0.06558783941,0.40622376860556,0.34063592919556,2021.00321870724,2021.06880654665,1
2530,2532,Nassau,Nassau,0.07438383901,0.406350833724807,0.331966994714807,2020.99454977276,2021.06893361177,1
2064,2072,Bronx,Bronx,0.07170785449,0.4066308456245,0.3349229911345,2020.99750576917,2021.06921362366,1
3583,3586,NewYork,NewYork,0.01161286263,0.40696446003246,0.39535159740246,2021.05793437544,2021.06954723807,1
3759,3760,Bronx,Nassau,0.06636986434,0.40699339982825,0.34062353548825,2021.00320631353,2021.06957617787,1
2187,2188,Westchester,Westchester,0.03491588006,0.4071220053693,0.3722061253093,2021.03478890335,2021.06970478341,1
2811,2813,Bronx,Bronx,0.03017678111,0.4071538555007,0.3769770743907,2021.03955985243,2021.06973663354,1
3400,3401,NewYork,NewYork,0.03261378292,0.40716196055696,0.37454817763696,2021.03713095568,2021.0697447386,1
3660,3661,NewYork,NewYork,0.04116008251,0.40732108693386,0.36616100442386,2021.02874378246,2021.06990386497,1
2627,2629,Bronx,Bronx,0.00662614110499998,0.407484987629527,0.400858846524527,2021.06344162457,2021.07006776567,1
3388,3389,Bronx,Bronx,0.1701171778,0.40761731067576,0.23750013287576,2020.90008291092,2021.07020008872,1
3738,3739,NewYork,NewYork,0.09605009253,0.40771545286225,0.31166536033225,2020.97424813837,2021.0702982309,1
2699,2700,Bronx,Queens,0.04087427547,0.407842230578507,0.366967955108507,2021.02955073315,2021.07042500862,1
3542,3544,NewYork,NewYork,0.00280145822900002,0.40794498923756,0.40514353100856,2021.06772630905,2021.07052776728,1
3453,3454,Bronx,Bronx,0.01255784917,0.40794884930216,0.39539100013216,2021.05797377817,2021.07053162734,1
3901,3902,Bronx,Bronx,0.00745666616000001,0.407993440604984,0.400536774444984,2021.06311955249,2021.07057621865,1
3426,3428,NewYork,NewYork,0.02022938247,0.40811557867343,0.38788619620343,2021.05046897424,2021.07069835671,1
3376,1324,Bronx,NewYork,0.1817276264,0.40851311230676,0.22678548590676,2020.88936826395,2021.07109589035,1
2910,854,NewYork,NewYork,0.00797318524099999,0.40851311234,0.400539927099,2021.06312270514,2021.07109589038,1
3662,1607,NewYork,NewYork,0.02435719403,0.40851311234386,0.38415591831386,2021.04673869635,2021.07109589038,1
3464,1409,Bronx,NewYork,0.06919663122,0.40851311234646,0.33931648112646,2021.00189925917,2021.07109589039,1
3680,1625,Bronx,Bronx,0.00564764719599997,0.40851311234725,0.40286546515125,2021.06544824319,2021.07109589039,1
2659,603,Bronx,Bronx,0.01474227432,0.408513112366527,0.393770838046527,2021.05635361609,2021.07109589041,1
2662,607,Bronx,Bronx,0.00963173275500001,0.408513112366527,0.398881379611527,2021.06146415765,2021.07109589041,1
2661,605,Bronx,Bronx,0.00867526821800002,0.408513112366527,0.399837844148527,2021.06242062219,2021.07109589041,1
2661,606,Bronx,Bronx,0.00867526821800002,0.408513112366527,0.399837844148527,2021.06242062219,2021.07109589041,1
2093,37,NewYork,NewYork,0.00634121649899999,0.4085131123665,0.4021718958675,2021.06475467391,2021.07109589041,1
2298,244,Kings,Kings,0.01772087841,0.4085131123683,0.3907922339583,2021.053375012,2021.07109589041,1
2759,706,Bronx,Bronx,0.02657337429,0.40851311237,0.38193973808,2021.04452251612,2021.07109589041,1
3965,1912,Bronx,NewYork,0.1395793847,0.40851311238995,0.26893372768995,2020.93151650573,2021.07109589043,1
2120,2121,Bronx,Bronx,0.03789005411,0.40872507024406,0.37083501613406,2021.03341779417,2021.07130784828,1
3775,3776,NewYork,NewYork,0.02341796785,0.40874187775195,0.38532390990195,2021.04790668794,2021.07132465579,1
3428,3429,NewYork,NewYork,0.000627356692800007,0.40874293536623,0.40811557867343,2021.07069835671,2021.07132571341,1
2700,2701,Queens,Queens,0.00106615585699998,0.408908386435507,0.407842230578507,2021.07042500862,2021.07149116448,1
3177,3178,NewYork,NewYork,0.08947157262,0.40908056035556,0.31960898773556,2020.98219176578,2021.0716633384,1
3467,3468,Bronx,Bronx,0.0307532207,0.40916044651046,0.37840722581046,2021.04099000385,2021.07174322455,1
2924,2926,NewYork,NewYork,0.07069144261,0.4092626546104,0.3385712120004,2021.00115399004,2021.07184543265,1
3086,3087,Bronx,Bronx,0.03753010737,0.4092993465,0.37176923913,2021.03435201717,2021.07188212454,1
3774,3778,Bronx,Bronx,0.06873674054,0.40936796370195,0.34063122316195,2021.0032140012,2021.07195074174,1
2358,2359,Bronx,Bronx,0.008998174139,0.4094317489417,0.4004335748027,2021.06301635284,2021.07201452698,1
3829,3832,Bronx,Bronx,0.00385841170200002,0.409561678525264,0.405703266823264,2021.06828604486,2021.07214445657,1
3619,3622,Bronx,Kings,0.004598333786,0.4095799372386,0.4049816034526,2021.06756438149,2021.07216271528,1
3902,3903,Bronx,Bronx,0.00175552116200001,0.409748961766984,0.407993440604984,2021.07057621865,2021.07233173981,1
4054,4056,Bronx,Bronx,0.00722102837799998,0.40989996762695,0.40267893924895,2021.06526171729,2021.07248274567,1
3220,3221,Bronx,Bronx,0.04471786737,0.40999984778156,0.36528198041156,2021.02786475845,2021.07258262582,1
3622,3623,Kings,Kings,0.000646039246199992,0.4102259764848,0.4095799372386,2021.07216271528,2021.07280875453,1
2610,2611,NewYork,NewYork,0.01232471251,0.410267002267507,0.397942289757507,2021.0605250678,2021.07284978031,1
2699,2723,Bronx,Bronx,0.04334883972,0.410316794828507,0.366967955108507,2021.02955073315,2021.07289957287,1
3902,3933,Bronx,Bronx,0.00238449997399998,0.410377940578984,0.407993440604984,2021.07057621865,2021.07296071862,1
2492,2493,Bronx,Westchester,0.01138642135,0.410382805311508,0.398996383961507,2021.061579162,2021.07296558335,1
3903,3907,Bronx,Bronx,0.000649448655899998,0.410398410422884,0.409748961766984,2021.07233173981,2021.07298118846,1
3580,3581,NewYork,NewYork,0.00915102075200003,0.41040159197246,0.40125057122046,2021.06383334926,2021.07298437001,1
2631,2632,Bronx,Bronx,0.03661140173,0.410620436764527,0.374009035034527,2021.03659181307,2021.07320321481,1
2751,2753,Queens,Queens,0.00824019614999999,0.410773392225,0.402533196075,2021.06511597412,2021.07335617027,1
2503,2504,Bronx,Bronx,0.05210240883,0.410931097357108,0.358828688527108,2021.02141146657,2021.0735138754,1
3053,3054,Bronx,Bronx,0.01014470805,0.410990262968,0.400845554918,2021.06342833296,2021.07357304101,1
3290,3291,Bronx,Bronx,0.01448413248,0.41111938535499,0.39663525287499,2021.05921803092,2021.0737021634,1
2662,2663,Bronx,Bronx,0.01247503621,0.411356415821527,0.398881379611527,2021.06146415765,2021.07393919386,1
3422,3423,NewYork,NewYork,0.02679314195,0.41135905435743,0.38456591240743,2021.04714869045,2021.0739418324,1
3117,1062,NewYork,Bronx,0.040138933,0.41151311234,0.37137417934,2021.03395695738,2021.07409589038,1
2876,819,NewYork,Queens,0.07339073528,0.4115131123404,0.3381223770604,2021.0007051551,2021.07409589038,1
2837,791,Bronx,Queens,0.0966989985,0.411513112341,0.314814113841,2020.97739689188,2021.07409589038,1
2812,754,NewYork,NewYork,0.00594478593100001,0.4115131123417,0.4055683264107,2021.06815110445,2021.07409589038,1
3003,947,Bronx,NewYork,0.02424299403,0.4115131123421,0.3872701183121,2021.04985289635,2021.07409589038,1
3483,1429,Bronx,Bronx,0.00842116204799997,0.41151311234346,0.40309195029546,2021.06567472834,2021.07409589038,1
3623,1567,Kings,Kings,0.00128713585899998,0.4115131123438,0.4102259764848,2021.07280875453,2021.07409589038,1
2925,868,NewYork,NewYork,0.00950466262400002,0.4115131123444,0.4020084497204,2021.06459122776,2021.07409589038,1
3176,1119,NewYork,NewYork,0.01892055824,0.41151311234556,0.39259255410556,2021.05517533215,2021.07409589039,1
3492,1438,NewYork,NewYork,0.04125020469,0.41151311234796,0.37026290765796,2021.0328456857,2021.07409589039,1
3966,1913,Bronx,NewYork,0.1374761347,0.41151311234995,0.27403697764995,2020.93661975569,2021.07409589039,1
2628,571,Bronx,NewYork,0.01036686197,0.411513112363427,0.401146250393427,2021.06372902843,2021.0740958904,1
2628,572,Bronx,Bronx,0.01036686197,0.411513112363427,0.401146250393427,2021.06372902843,2021.0740958904,1
2629,573,Bronx,Bronx,0.00402812473699998,0.411513112366527,0.407484987629527,2021.07006776567,2021.07409589041,1
2504,447,Bronx,Bronx,0.000582015009599979,0.411513112366708,0.410931097357108,2021.0735138754,2021.07409589041,1
2298,245,Kings,Kings,0.02072087841,0.4115131123683,0.3907922339583,2021.053375012,2021.07409589041,1
2544,491,Bronx,Bronx,0.08354995011,0.411513112370507,0.327963162260507,2020.9905459403,2021.07409589041,1
2083,26,Queens,Queens,0.01116764435,0.4115131123705,0.4003454680205,2021.06292824606,2021.07409589041,1
2358,303,Bronx,Bronx,0.01107953757,0.4115131123727,0.4004335748027,2021.06301635284,2021.07409589041,1
2359,304,Bronx,Bronx,0.00208136343300003,0.4115131123747,0.4094317489417,2021.07201452698,2021.07409589042,1
2663,2664,Bronx,Bronx,0.000223598848299977,0.411580014669827,0.411356415821527,2021.07393919386,2021.07416279271,1
3396,3397,Bronx,Bronx,0.1668741056,0.41165014255276,0.24477603695276,2020.90735881499,2021.07423292059,1
3702,3703,Kings,NewYork,0.01583775225,0.41165916654455,0.39582141429455,2021.05840419234,2021.07424194459,1
2507,2508,Bronx,Bronx,0.01298844952,0.411707111424107,0.398718661904107,2021.06130143994,2021.07428988946,1
3060,3061,Bronx,Bronx,0.01548251094,0.411712854842,0.396230343902,2021.05881312194,2021.07429563288,1
2632,2633,Bronx,Bronx,0.00117392702800001,0.411794363792527,0.410620436764527,2021.07320321481,2021.07437714183,1
3289,3303,Bronx,Bronx,0.02171743416,0.41180484022399,0.39008740606399,2021.0526701841,2021.07438761826,1
2317,2318,Bronx,Bronx,0.02224031123,0.4119505469587,0.3897102357287,2021.05229301377,2021.074533325,1
3544,3545,NewYork,NewYork,0.004097460266,0.41204244950356,0.40794498923756,2021.07052776728,2021.07462522754,1
2172,2173,Bronx,Bronx,0.01186286496,0.4120443552663,0.4001814903063,2021.06276426835,2021.07462713331,1
3310,3311,Bronx,Bronx,0.03309837193,0.41208714120894,0.37898876927894,2021.04157154732,2021.07466991925,1
3687,3689,NewYork,Kings,0.1094661759,0.41216302476025,0.30269684886025,2020.9652796269,2021.0747458028,1
2970,2971,Bronx,NewYork,0.05435317804,0.4122173747689,0.3578641967289,2021.02044697477,2021.07480015281,1
3989,3991,Bronx,Bronx,0.01560558349,0.41222472328445,0.39661913979445,2021.05920191783,2021.07480750132,1
4056,4059,Bronx,Bronx,0.00233395028200001,0.41223391790895,0.40989996762695,2021.07248274567,2021.07481669595,1
3545,3546,NewYork,NewYork,0.000294897734300026,0.41233734723786,0.41204244950356,2021.07462522754,2021.07492012528,1
3832,3834,Bronx,Bronx,0.00278655855900001,0.412348237084264,0.409561678525264,2021.07214445657,2021.07493101512,1
3327,3328,Bronx,Bronx,0.01280222274,0.41253436220854,0.39973213946854,2021.06231491751,2021.07511714025,1
3267,3268,Bronx,Bronx,0.04613009862,0.41259270239196,0.36646260377196,2021.02904538181,2021.07517548043,1
2990,2991,Bronx,Queens,0.02295467737,0.4127365723721,0.3897818950021,2021.05236467304,2021.07531935041,1
3495,3499,NewYork,NewYork,0.01419995206,0.41278234602996,0.39858239396996,2021.06116517201,2021.07536512407,1
4056,4057,Bronx,Bronx,0.00318626896599999,0.41308623659295,0.40989996762695,2021.07248274567,2021.07566901463,1
3907,3908,Bronx,Bronx,0.00275592383700002,0.413154334259884,0.410398410422884,2021.07298118846,2021.0757371123,1
3382,3383,NewYork,NewYork,0.03279525062,0.41328416960476,0.38048891898476,2021.04307169703,2021.07586694765,1
3087,3088,Bronx,Queens,0.00422544547199999,0.413524791972,0.4092993465,2021.07188212454,2021.07610757001,1
3113,3114,Queens,NewYork,0.05490060457,0.413529713819,0.358629109249,2021.02121188729,2021.07611249186,1
3623,3624,Kings,Kings,0.00355440950899999,0.4137803859938,0.4102259764848,2021.07280875453,2021.07636316403,1
3907,3910,Bronx,Bronx,0.00343934612500002,0.413837756547884,0.410398410422884,2021.07298118846,2021.07642053459,1
2635,2636,Bronx,Bronx,0.0155215191,0.413856753394527,0.398335234294527,2021.06091801233,2021.07643953143,1
3933,3934,Bronx,Bronx,0.00349574689900001,0.413873687477984,0.410377940578984,2021.07296071862,2021.07645646552,1
3664,3665,NewYork,NewYork,0.01041990677,0.41425224825386,0.40383234148386,2021.06641511952,2021.07683502629,1
2992,2993,Bronx,Bronx,0.09175590373,0.4143003598121,0.3225444560821,2020.98512723412,2021.07688313785,1
2759,2760,Bronx,Bronx,0.03238695675,0.41432669483,0.38193973808,2021.04452251612,2021.07690947287,1
3460,3461,Bronx,NewYork,0.07544523619,0.41439976212546,0.33895452593546,2021.00153730398,2021.07698254017,1
2432,2433,Nassau,Nassau,0.01024349194,0.4144511077122,0.4042076157722,2021.06679039381,2021.07703388575,1
3546,3548,NewYork,NewYork,0.00215385388900002,0.41449120112686,0.41233734723786,2021.07492012528,2021.07707397917,1
3477,1422,Bronx,Bronx,0.01361401557,0.41451311233696,0.40089909676696,2021.06348187481,2021.07709589038,1
3327,1273,Bronx,NewYork,0.01478097287,0.41451311233854,0.39973213946854,2021.06231491751,2021.07709589038,1
2910,853,NewYork,NewYork,0.01397318524,0.414513112339,0.400539927099,2021.06312270514,2021.07709589038,1
3784,1729,Bronx,Westchester,0.03480196733,0.41451311233955,0.37971114500955,2021.04229392305,2021.07709589038,1
3862,1811,Bronx,Bronx,0.03640483343,0.414513112341184,0.378108278911184,2021.04069105695,2021.07709589038,1
3606,1549,Bronx,Bronx,0.02264215073,0.41451311234146,0.39187096161146,2021.05445373965,2021.07709589038,1
2986,928,NewYork,NewYork,0.02012376333,0.4145131123421,0.3943893490121,2021.05697212705,2021.07709589038,1
3268,1212,Bronx,Bronx,0.00192040995100001,0.41451311234296,0.41259270239196,2021.07517548043,2021.07709589038,1
3665,1610,NewYork,NewYork,0.000260864089999979,0.41451311234386,0.41425224825386,2021.07683502629,2021.07709589038,1
3910,1855,Bronx,Bronx,0.000675355796100008,0.414513112343984,0.413837756547884,2021.07642053459,2021.07709589038,1
3345,1292,NewYork,NewYork,0.00828934373899998,0.41451311234456,0.40622376860556,2021.06880654665,2021.07709589038,1
3673,1618,Bronx,Bronx,0.04480582109,0.41451311234525,0.36970729125525,2021.0322900693,2021.07709589039,1
3782,1727,Bronx,Bronx,0.03119064898,0.41451311234595,0.38332246336595,2021.04590524141,2021.07709589039,1
4048,1995,Bronx,Bronx,0.02679582316,0.41451311234595,0.38771728918595,2021.05030006723,2021.07709589039,1
2224,166,Bronx,Bronx,0.02931867943,0.4145131123633,0.3851944329333,2021.04777721097,2021.0770958904,1
2188,133,Westchester,Westchester,0.00739110699899997,0.4145131123683,0.4071220053693,2021.06970478341,2021.07709589041,1
2383,330,Bronx,Westchester,0.1452150739,0.4145131123962,0.2692980384962,2020.93188081654,2021.07709589044,1
2379,326,Bronx,Bronx,0.1670345883,0.4145131123972,0.2474785240972,2020.91006130214,2021.07709589044,1
2420,2421,Bronx,Bronx,0.1306572305,0.4145388394292,0.2838816089292,2020.94646438697,2021.07712161747,1
2566,2567,Bronx,NewYork,0.04454086155,0.414613208804813,0.370072347254813,2021.0326551253,2021.07719598685,1
2629,2630,Bronx,NewYork,0.00719519528500001,0.414680182914527,0.407484987629527,2021.07006776567,2021.07726296096,1
3357,3359,Nassau,Nassau,0.01431888063,0.41477869002756,0.40045980939756,2021.06304258744,2021.07736146807,1
2553,2555,Bronx,Bronx,0.02049541024,0.414826287512707,0.394330877272707,2021.05691365531,2021.07740906555,1
3991,3992,Bronx,Bronx,0.002635637473,0.41486036075745,0.41222472328445,2021.07480750132,2021.0774431388,1
3179,3183,NewYork,NewYork,0.08648631452,0.41497112413356,0.32848480961356,2020.99106758765,2021.07755390217,1
3291,3292,Bronx,Bronx,0.00387467162100003,0.41499405697599,0.41111938535499,2021.0737021634,2021.07757683502,1
2161,2162,Bronx,Bronx,0.1564492062,0.4150708699533,0.2586216637533,2020.92120444179,2021.07765364799,1
2064,2065,Bronx,Nassau,0.08020431454,0.4151273056745,0.3349229911345,2020.99750576917,2021.07771008371,1
2313,2314,Bronx,Suffolk,0.0908290807,0.4154066858412,0.3245776051412,2020.98716038318,2021.07798946388,1
3263,3264,Bronx,Bronx,0.07513119656,0.41541533679196,0.34028414023196,2021.00286691827,2021.07799811483,1
3934,3935,Bronx,Bronx,0.00159943213300001,0.415473119610984,0.413873687477984,2021.07645646552,2021.07805589765,1
2460,2461,NewYork,Bronx,0.03328466373,0.415497636278338,0.382212972548338,2021.04479575059,2021.07808041432,1
3992,3993,Bronx,Bronx,0.000675283278600003,0.41553564403605,0.41486036075745,2021.0774431388,2021.07811842208,1
3212,3213,Bronx,Nassau,0.08581091054,0.41558311246156,0.32977220192156,2020.99235497996,2021.0781658905,1
2173,2174,Bronx,Bronx,0.003574475465,0.4156188307313,0.4120443552663,2021.07462713331,2021.07820160877,1
3673,3674,Bronx,Bronx,0.0459790203,0.41568631155525,0.36970729125525,2021.0322900693,2021.0782690896,1
2232,2233,NewYork,NewYork,0.0130564018,0.4159536173903,0.4028972155903,2021.06547999363,2021.07853639543,1
3910,3911,Bronx,Bronx,0.002181409716,0.416019166263884,0.413837756547884,2021.07642053459,2021.0786019443,1
3221,3227,Bronx,Bronx,0.00606349295999997,0.41606334074156,0.40999984778156,2021.07258262582,2021.07864611878,1
3605,3607,Bronx,Bronx,0.05757482429,0.41610233967146,0.35852751538146,2021.02111029342,2021.07868511771,1
3971,3972,Bronx,Nassau,0.0146267897,0.41610738461095,0.40148059491095,2021.06406337295,2021.07869016265,1
3934,3936,Bronx,Bronx,0.00239922669199999,0.416272914169984,0.413873687477984,2021.07645646552,2021.07885569221,1
4059,4061,Bronx,Bronx,0.00408947404400001,0.41632339195295,0.41223391790895,2021.07481669595,2021.07890616999,1
3624,3626,Kings,Kings,0.00265782302899997,0.4164382090228,0.4137803859938,2021.07636316403,2021.07902098706,1
3387,1335,Bronx,Bronx,0.180247344,0.41651311233176,0.23626576833176,2020.89884854637,2021.07909589037,1
3048,990,Bronx,NewYork,0.04367574366,0.416513112337,0.372837368677,2021.03542014672,2021.07909589038,1
3326,1272,Bronx,NewYork,0.02148673628,0.41651311233754,0.39502637605754,2021.0576091541,2021.07909589038,1
2821,763,Queens,Queens,0.01892308156,0.416513112339,0.397590030779,2021.06017280882,2021.07909589038,1
2812,753,NewYork,Kings,0.01094478593,0.4165131123407,0.4055683264107,2021.06815110445,2021.07909589038,1
2813,755,Bronx,Bronx,0.00935925684099997,0.4165131123417,0.4071538555007,2021.06973663354,2021.07909589038,1
3936,1881,Bronx,Bronx,0.000240198173899975,0.416513112343884,0.416272914169984,2021.07885569221,2021.07909589038,1
3935,1879,Bronx,Bronx,0.00103999273299998,0.416513112343984,0.415473119610984,2021.07805589765,2021.07909589038,1
3935,1880,Bronx,Bronx,0.00103999273299998,0.416513112343984,0.415473119610984,2021.07805589765,2021.07909589038,1
3484,1431,Bronx,Bronx,0.01222062626,0.41651311234546,0.40429248608546,2021.06687526413,2021.07909589039,1
4047,1994,Bronx,NewYork,0.03848998929,0.41651311234695,0.37802312305695,2021.0406059011,2021.07909589039,1
2294,243,Bronx,Bronx,0.02529605303,0.4165131123633,0.3912170593333,2021.05379983737,2021.0790958904,1
2630,574,NewYork,NewYork,0.00183292945199998,0.416513112366527,0.414680182914527,2021.07726296096,2021.07909589041,1
2630,575,NewYork,Westchester,0.00183292945199998,0.416513112366527,0.414680182914527,2021.07726296096,2021.07909589041,1
2555,501,Bronx,Bronx,0.00168682485799998,0.416513112370707,0.414826287512707,2021.07740906555,2021.07909589041,1
3328,3329,Bronx,Bronx,0.00423622748699998,0.41677058969554,0.41253436220854,2021.07511714025,2021.07935336774,1
3911,3912,Bronx,Bronx,0.000757737815899995,0.416776904079784,0.416019166263884,2021.0786019443,2021.07935968212,1
3678,3679,NewYork,Bronx,0.03098857849,0.41711637547125,0.38612779698125,2021.04871057502,2021.07969915351,1
3468,3469,Bronx,Bronx,0.00822877414099998,0.41738922065146,0.40916044651046,2021.07174322455,2021.07997199869,1
3574,3575,NewYork,Queens,0.04020618794,0.41741645050246,0.37721026256246,2021.0397930406,2021.07999922854,1
3750,3751,NewYork,NewYork,0.04810363712,0.41776615643525,0.36966251931525,2021.03224529736,2021.08034893448,1
3908,3909,Bronx,Bronx,0.00484033092000002,0.417994665179884,0.413154334259884,2021.0757371123,2021.08057744322,1
3511,3512,Bronx,Bronx,0.01524643899,0.41815992151196,0.40291348252196,2021.06549626056,2021.08074269955,1
3292,3293,Bronx,Bronx,0.00361350928999998,0.41860756626599,0.41499405697599,2021.07757683502,2021.08119034431,1
4049,4050,Bronx,Bronx,0.02114244014,0.41865185763495,0.39750941749495,2021.06009219554,2021.08123463568,1
2124,2125,Bronx,Bronx,0.01327432231,0.41869118997706,0.40541686766706,2021.06799964571,2021.08127396802,1
2147,2148,Bronx,Bronx,0.05748341782,0.4187117955045,0.3612283776845,2021.02381115572,2021.08129457354,1
2343,2344,Bronx,Bronx,0.02221284318,0.4189690406977,0.3967561975177,2021.05933897556,2021.08155181874,1
4085,4086,NewYork,NewYork,0.07856932964,0.41898398661095,0.34041465697095,2021.00299743501,2021.08156676465,1
2723,2724,Bronx,Bronx,0.00868794886500002,0.419004743693507,0.410316794828507,2021.07289957287,2021.08158752173,1
2701,2702,Queens,Queens,0.01021023921,0.419118625645507,0.408908386435507,2021.07149116448,2021.08170140369,1
3979,3980,Bronx,Bronx,0.06957315057,0.41921901637995,0.34964586580995,2021.01222864385,2021.08180179442,1
2813,2814,Bronx,Bronx,0.0122064235,0.4193602790007,0.4071538555007,2021.06973663354,2021.08194305704,1
2203,2205,Bronx,Bronx,0.01814190602,0.4194244276004,0.4012825215804,2021.06386529962,2021.08200720564,1
3468,1412,Bronx,Bronx,0.01035266583,0.41951311234046,0.40916044651046,2021.07174322455,2021.08209589038,1
3582,1529,NewYork,Bronx,0.02851840548,0.41951311234346,0.39099470686346,2021.0535774849,2021.08209589038,1
3908,1854,Bronx,Bronx,0.00635877808399998,0.419513112343884,0.413154334259884,2021.0757371123,2021.08209589038,1
3909,1852,Bronx,Westchester,0.00151844716400001,0.419513112343884,0.417994665179884,2021.08057744322,2021.08209589038,1
3909,1853,Bronx,Bronx,0.00151844716400001,0.419513112343884,0.417994665179884,2021.08057744322,2021.08209589038,1
2880,822,Bronx,Nassau,0.0352053017,0.4195131123484,0.3843078106484,2021.04689058869,2021.08209589039,1
2632,578,Bronx,Bronx,0.00889267560200002,0.419513112366527,0.410620436764527,2021.07320321481,2021.08209589041,1
2633,576,Bronx,Bronx,0.00771874857400001,0.419513112366527,0.411794363792527,2021.07437714183,2021.08209589041,1
2633,577,Bronx,Bronx,0.00771874857400001,0.419513112366527,0.411794363792527,2021.07437714183,2021.08209589041,1
2404,351,Bronx,Bronx,0.1467285824,0.4195131124052,0.2727845300052,2020.93536730805,2021.08209589045,1
3442,3443,Bronx,Bronx,0.03186229592,0.41988964683156,0.38802735091156,2021.05061012895,2021.08247242487,1
3408,3409,NewYork,NewYork,0.08777906014,0.41992769482156,0.33214863468156,2020.99473141272,2021.08251047286,1
3911,3917,Bronx,Bronx,0.00403127144299997,0.420050437706884,0.416019166263884,2021.0786019443,2021.08263321575,1
2532,2533,Nassau,Nassau,0.01379679698,0.420147630704807,0.406350833724807,2021.06893361177,2021.08273040875,1
3653,3654,NewYork,Bronx,0.05396816792,0.42021657342916,0.36624840550916,2021.02883118355,2021.08279935147,1
2798,2801,Bronx,Bronx,0.0841620493,0.420353934609,0.336191885309,2020.99877466335,2021.08293671265,1
3350,3351,Bronx,Bronx,0.03508973808,0.42048468412856,0.38539494604856,2021.04797772409,2021.08306746217,1
3011,3012,Bronx,Queens,0.1281167594,0.4204917055049,0.2923749461049,2020.95495772415,2021.08307448355,1
3751,3752,NewYork,NewYork,0.00287278972900001,0.42063894616425,0.41776615643525,2021.08034893448,2021.0832217242,1
2996,3004,Bronx,Bronx,0.07803898374,0.4206624671201,0.3426234833801,2021.00520626142,2021.08324524516,1
2582,2583,Bronx,Bronx,0.03188941932,0.420777741132813,0.388888321812813,2021.05147109985,2021.08336051917,1
2108,2109,Bronx,NewYork,0.1028471504,0.4208231473614,0.3179759969614,2020.980558775,2021.0834059254,1
2205,2207,Bronx,Bronx,0.00145717441100002,0.4208816020114,0.4194244276004,2021.08200720564,2021.08346438005,1
3397,3398,Bronx,Bronx,0.00964270431399999,0.42129284686676,0.41165014255276,2021.07423292059,2021.08387562491,1
3329,3331,Bronx,Bronx,0.00459550522899999,0.42136609492454,0.41677058969554,2021.07935336774,2021.08394887297,1
2692,2693,Bronx,Bronx,0.04678724714,0.421377855374507,0.374590608234507,2021.03717338627,2021.08396063342,1
2663,2670,Bronx,Bronx,0.0101828151,0.421539230921527,0.411356415821527,2021.07393919386,2021.08412200896,1
2533,2534,Nassau,Nassau,0.001470260364,0.421617891068807,0.420147630704807,2021.08273040875,2021.08420066911,1
2072,2073,Bronx,Bronx,0.01501718059,0.4216480262145,0.4066308456245,2021.06921362366,2021.08423080425,1
2125,2127,Bronx,Bronx,0.00297082193699999,0.42166201191406,0.41869118997706,2021.08127396802,2021.08424478995,1
2664,2666,Bronx,Bronx,0.01032750381,0.421907518479827,0.411580014669827,2021.07416279271,2021.08449029652,1
3575,3576,Queens,Queens,0.00497600566299999,0.42239245616546,0.41741645050246,2021.07999922854,2021.08497523421,1
3856,3857,Bronx,NewYork,0.02329344896,0.422436602615184,0.399143153655184,2021.0617259317,2021.08501938066,1
3855,1799,Bronx,Bronx,0.04289981899,0.422513112338184,0.379613293348184,2021.04219607139,2021.08509589038,1
3987,1933,Bronx,Kings,0.02699410928,0.42251311233895,0.39551900305895,2021.0581017811,2021.08509589038,1
3472,1417,Bronx,Bronx,0.06944068905,0.42251311234176,0.35307242329176,2021.01565520133,2021.08509589038,1
3469,1413,Bronx,Bronx,0.005123891692,0.42251311234346,0.41738922065146,2021.07997199869,2021.08509589038,1
3268,1213,Bronx,Bronx,0.009920409952,0.42251311234396,0.41259270239196,2021.07517548043,2021.08509589038,1
3972,1918,Nassau,Nassau,0.006405727734,0.42251311234495,0.41610738461095,2021.07869016265,2021.08509589039,1
3192,1137,Bronx,Bronx,0.04579622047,0.42251311234556,0.37671689187556,2021.03929966992,2021.08509589039,1
2634,579,Bronx,Bronx,0.04065921501,0.422513112364527,0.381853897354527,2021.04443667539,2021.08509589041,1
2172,122,Bronx,Bronx,0.02233162206,0.4225131123663,0.4001814903063,2021.06276426835,2021.08509589041,1
2801,2802,Bronx,Bronx,0.002302883152,0.422656817761,0.420353934609,2021.08293671265,2021.0852395958,1
3142,3143,Bronx,NewYork,0.3276942726,0.422696293017,0.095002020417,2020.75758479846,2021.08527907106,1
3499,3500,NewYork,NewYork,0.00992311147399999,0.42270545750396,0.41278234602996,2021.07536512407,2021.08528823554,1
3912,3915,Bronx,NewYork,0.00605338793499999,0.422830292014784,0.416776904079784,2021.07935968212,2021.08541307006,1
3586,3587,NewYork,Bronx,0.0158788274,0.42284328743246,0.40696446003246,2021.06954723807,2021.08542606547,1
3130,3137,NewYork,NewYork,0.08309566322,0.422856299081,0.339760635861,2021.0023434139,2021.08543907712,1
2583,2587,Bronx,Bronx,0.002170345505,0.422948086637813,0.420777741132813,2021.08336051917,2021.08553086468,1
4061,4062,Bronx,Bronx,0.006711919038,0.42303531099095,0.41632339195295,2021.07890616999,2021.08561808903,1
3469,3470,Bronx,Bronx,0.00579136146300002,0.42318058211446,0.41738922065146,2021.07997199869,2021.08576336015,1
3665,3666,NewYork,NewYork,0.00894258073800003,0.42319482899186,0.41425224825386,2021.07683502629,2021.08577760703,1
3843,3844,Bronx,Bronx,0.03214041327,0.423228717793264,0.391088304523264,2021.05367108256,2021.08581149583,1
2190,2191,Bronx,Bronx,0.03727660729,0.4232577342743,0.3859811269843,2021.04856390502,2021.08584051231,1
2127,2128,Bronx,Bronx,0.001596177305,0.42325818921906,0.42166201191406,2021.08424478995,2021.08584096726,1
2433,2437,Nassau,Nassau,0.00886685562700001,0.4233179633392,0.4144511077122,2021.07703388575,2021.08590074138,1
2314,2315,Suffolk,Suffolk,0.00802041604199999,0.4234271018832,0.4154066858412,2021.07798946388,2021.08600987992,1
3626,3627,Kings,Kings,0.00704499926699997,0.4234832082898,0.4164382090228,2021.07902098706,2021.08606598633,1
2636,2638,Bronx,Bronx,0.00964360195399999,0.423500355348527,0.413856753394527,2021.07643953143,2021.08608313339,1
2814,2815,Bronx,Bronx,0.00414706206999998,0.4235073410707,0.4193602790007,2021.08194305704,2021.08609011911,1
2926,2927,NewYork,NewYork,0.01425982601,0.4235224806204,0.4092626546104,2021.07184543265,2021.08610525866,1
3991,4000,Bronx,Bronx,0.0113952907,0.42362001398445,0.41222472328445,2021.07480750132,2021.08620279202,1
3110,3111,NewYork,NewYork,0.03037614457,0.423629839003,0.393253694433,2021.05583647247,2021.08621261704,1
2258,2259,NewYork,NewYork,0.1021197109,0.4237399548803,0.3216202439803,2020.98420302202,2021.08632273292,1
2824,2825,Bronx,Nassau,0.07490952346,0.423977946432,0.349068422972,2021.01165120101,2021.08656072447,1
2664,2665,Bronx,NewYork,0.01259169074,0.424171705409827,0.411580014669827,2021.07416279271,2021.08675448345,1
2305,2306,Bronx,Bronx,0.137300672,0.4244218246692,0.2871211526692,2020.94970393071,2021.08700460271,1
3007,3008,Kings,NewYork,0.1283206365,0.4245780759189,0.2962574394189,2020.95884021746,2021.08716085396,1
3712,3713,Kings,Kings,0.02478824365,0.42461024711455,0.39982200346455,2021.0624047815,2021.08719302515,1
2155,2156,Bronx,Queens,0.1996585883,0.4247554979863,0.2250969096863,2020.88767968773,2021.08733827603,1
3357,3358,Nassau,Nassau,0.02434753597,0.42480734536756,0.40045980939756,2021.06304258744,2021.08739012341,1
3972,3973,Nassau,Nassau,0.00876522419199999,0.42487260880295,0.41610738461095,2021.07869016265,2021.08745538684,1
2125,2126,Bronx,Bronx,0.00619570457800001,0.42488689455506,0.41869118997706,2021.08127396802,2021.0874696726,1
3850,3851,Bronx,Bronx,0.079151479,0.425021219755184,0.345869740755184,2021.0084525188,2021.0876039978,1
3195,3196,Kings,Kings,0.1093786529,0.42508930933556,0.31571065643556,2020.97829343448,2021.08767208738,1
3320,3321,Bronx,Bronx,0.03429682306,0.42511432027854,0.39081749721854,2021.05340027526,2021.08769709832,1
2975,2977,Bronx,Bronx,0.06558915233,0.4252036478869,0.3596144955569,2021.0221972736,2021.08778642593,1
2587,2588,Bronx,Bronx,0.002304551707,0.425252638344813,0.422948086637813,2021.08553086468,2021.08783541639,1
3423,3424,NewYork,NewYork,0.01389994246,0.42525899681743,0.41135905435743,2021.0739418324,2021.08784177486,1
2073,2074,Bronx,Bronx,0.003647688496,0.4252957147105,0.4216480262145,2021.08423080425,2021.08787849275,1
3666,3668,NewYork,NewYork,0.00210936442800003,0.42530419341986,0.42319482899186,2021.08577760703,2021.08788697146,1
3586,3589,NewYork,NewYork,0.01839860475,0.42536306478246,0.40696446003246,2021.06954723807,2021.08794584282,1
3445,1393,Bronx,NewYork,0.1798116368,0.42551311232116,0.24570147552116,2020.90828425356,2021.08809589036,1
2898,842,NewYork,Kings,0.01986076286,0.4255131123374,0.4056523494774,2021.06823512752,2021.08809589038,1
3047,989,Bronx,NewYork,0.05576424588,0.425513112338,0.369748866458,2021.0323316445,2021.08809589038,1
3988,1934,Bronx,Bronx,0.02926682604,0.42551311233875,0.39624628629875,2021.05882906434,2021.08809589038,1
3596,1540,Bronx,NewYork,0.07712814827,0.42551311234046,0.34838496407046,2021.01096774211,2021.08809589038,1
3003,946,Bronx,Bronx,0.03824299403,0.4255131123421,0.3872701183121,2021.04985289635,2021.08809589038,1
3398,1344,Bronx,Bronx,0.004220265477,0.42551311234376,0.42129284686676,2021.08387562491,2021.08809589038,1
4007,1953,Nassau,Nassau,0.07537926112,0.42551311234495,0.35013385122495,2021.01271662927,2021.08809589039,1
2941,885,NewYork,NewYork,0.03260472706,0.4255131123487,0.3929083852887,2021.05549116333,2021.08809589039,1
2314,260,Suffolk,Suffolk,0.01010642652,0.4255131123612,0.4154066858412,2021.07798946388,2021.0880958904,1
2315,258,Suffolk,Suffolk,0.002086010483,0.4255131123662,0.4234271018832,2021.08600987992,2021.08809589041,1
2666,610,Bronx,Bronx,0.00360559388699999,0.425513112366827,0.421907518479827,2021.08449029652,2021.08809589041,1
2665,608,NewYork,NewYork,0.00134140695700002,0.425513112366827,0.424171705409827,2021.08675448345,2021.08809589041,1
2491,437,Bronx,Westchester,0.1042032712,0.425513112381508,0.321309841181508,2020.98389261922,2021.08809589042,1
3266,3269,Bronx,NewYork,0.07782516174,0.42551696426196,0.34769180252196,2021.01027458056,2021.0880997423,1
3624,3625,Kings,NewYork,0.01173840919,0.4255187951838,0.4137803859938,2021.07636316403,2021.08810157322,1
2567,2568,NewYork,Bronx,0.01104527418,0.425658482984813,0.414613208804813,2021.07719598685,2021.08824126103,1
2457,2458,NewYork,NewYork,0.08843788054,0.425706151388338,0.337268270848337,2020.99985104889,2021.08828892943,1
3794,3795,NewYork,NewYork,0.04994547115,0.425835651042564,0.375890179892564,2021.03847295793,2021.08841842908,1
2828,2829,Bronx,NewYork,0.1324440789,0.425909011885,0.293464932985,2020.95604771103,2021.08849178993,1
4022,4023,Bronx,NewYork,0.0390965719,0.42591612059425,0.38681954869425,2021.04940232673,2021.08849889863,1
3627,3628,Kings,Kings,0.00247881747299999,0.4259620257628,0.4234832082898,2021.08606598633,2021.0885448038,1
4059,4060,Bronx,NewYork,0.01390077678,0.42613469468895,0.41223391790895,2021.07481669595,2021.08871747273,1
3763,3764,Bronx,Bronx,0.05611267535,0.42618817203095,0.37007549668095,2021.03265827472,2021.08877095007,1
2941,2942,NewYork,NewYork,0.03346153333,0.4263699186187,0.3929083852887,2021.05549116333,2021.08895269666,1
4000,4002,Bronx,Bronx,0.00287495603600002,0.42649497002045,0.42362001398445,2021.08620279202,2021.08907774806,1
3293,3294,Bronx,Bronx,0.00802239703500002,0.42662996330099,0.41860756626599,2021.08119034431,2021.08921274134,1
2412,2415,Bronx,NewYork,0.02353696343,0.4267074664232,0.4031705029932,2021.06575328103,2021.08929024446,1
2248,2250,NewYork,NewYork,0.08732308956,0.4267209555213,0.3393978659613,2021.001980644,2021.08930373356,1
2083,2084,Queens,NewYork,0.02642731672,0.4267727847405,0.4003454680205,2021.06292824606,2021.08935556278,1
3564,3567,NewYork,Nassau,0.04944416955,0.42689316046146,0.37744899091146,2021.04003176895,2021.0894759385,1
3647,3648,NewYork,NewYork,0.1618914705,0.42745034848916,0.26555887798916,2020.92814165603,2021.09003312653,1
3032,3033,NewYork,NewYork,0.03583389744,0.427456357624,0.391622460184,2021.05420523822,2021.09003913566,1
3259,1204,Bronx,Westchester,0.1027279635,0.42751311229686,0.32478514879686,2020.98736792684,2021.09009589034,1
2898,841,NewYork,NewYork,0.02186076286,0.4275131123374,0.4056523494774,2021.06823512752,2021.09009589038,1
3971,1917,Bronx,Bronx,0.02603251743,0.42751311234095,0.40148059491095,2021.06406337295,2021.09009589038,1
2814,756,Bronx,Kings,0.00815283334099998,0.4275131123417,0.4193602790007,2021.08194305704,2021.09009589038,1
3581,1527,NewYork,NewYork,0.01711152037,0.42751311234246,0.41040159197246,2021.07298437001,2021.09009589038,1
3443,1389,Bronx,Bronx,0.00762346551199999,0.42751311234356,0.41988964683156,2021.08247242487,2021.09009589038,1
3625,1568,NewYork,NewYork,0.00199431715999998,0.4275131123438,0.4255187951838,2021.08810157322,2021.09009589038,1
3752,1697,NewYork,NewYork,0.00687416617999997,0.42751311234425,0.42063894616425,2021.0832217242,2021.09009589038,1
2942,886,NewYork,NewYork,0.00114319372600002,0.4275131123447,0.4263699186187,2021.08895269666,2021.09009589039,1
4055,2001,Bronx,Bronx,0.0225326226,0.42751311234495,0.40498048974495,2021.06756326779,2021.09009589039,1
3973,1919,Nassau,Nassau,0.00264050354200002,0.42751311234495,0.42487260880295,2021.08745538684,2021.09009589039,1
3198,1142,Kings,Kings,0.07212201388,0.42751311234556,0.35539109846556,2021.01797387651,2021.09009589039,1
3512,1458,Bronx,Queens,0.00935319083500002,0.42751311234696,0.41815992151196,2021.08074269955,2021.09009589039,1
3962,1909,Bronx,NewYork,0.04168547155,0.427513112348564,0.385827640798564,2021.04841041884,2021.09009589039,1
3499,1445,NewYork,NewYork,0.01473076632,0.42751311234996,0.41278234602996,2021.07536512407,2021.09009589039,1
2425,371,Nassau,Nassau,0.09837396183,0.4275131123622,0.3291391505322,2020.99172192857,2021.0900958904,1
2581,527,Bronx,Queens,0.05373089281,0.427513112362813,0.373782219552813,2021.03636499759,2021.0900958904,1
2259,204,NewYork,NewYork,0.00377315748599999,0.4275131123663,0.4237399548803,2021.08632273292,2021.09009589041,1
2458,404,NewYork,NewYork,0.00180696097799998,0.427513112366337,0.425706151388338,2021.08828892943,2021.09009589041,1
2665,609,NewYork,NewYork,0.00334140695700003,0.427513112366827,0.424171705409827,2021.08675448345,2021.09009589041,1
2455,401,NewYork,NewYork,0.0298093631,0.427513112366938,0.397703749266938,2021.06028652731,2021.09009589041,1
2261,206,NewYork,Kings,0.08467217597,0.4275131123683,0.3428409363983,2021.00542371444,2021.09009589041,1
2317,261,Bronx,Bronx,0.03780287664,0.4275131123687,0.3897102357287,2021.05229301377,2021.09009589041,1
2421,367,Bronx,Bronx,0.01297427294,0.4275131123692,0.4145388394292,2021.07712161747,2021.09009589041,1
2109,53,NewYork,NewYork,0.00668996501000002,0.4275131123714,0.4208231473614,2021.0834059254,2021.09009589041,1
2550,495,NewYork,NewYork,0.04925184643,0.427513112372707,0.378261265942707,2021.04084404398,2021.09009589041,1
3500,3501,NewYork,NewYork,0.00481242952400002,0.42751788702796,0.42270545750396,2021.08528823554,2021.09010066507,1
3048,3049,Bronx,Bronx,0.05487753236,0.427714901037,0.372837368677,2021.03542014672,2021.09029767908,1
3080,3081,NewYork,NewYork,0.02922508308,0.42774565828,0.3985205752,2021.06110335324,2021.09032843632,1
2635,2640,Bronx,Bronx,0.02946158726,0.427796821554527,0.398335234294527,2021.06091801233,2021.0903795996,1
2207,2208,Bronx,Bronx,0.00691845626999998,0.4278000582814,0.4208816020114,2021.08346438005,2021.09038283632,1
3512,3513,Bronx,Bronx,0.00968614876700002,0.42784607027896,0.41815992151196,2021.08074269955,2021.09042884832,1
3548,3549,NewYork,NewYork,0.01339394925,0.42788515037686,0.41449120112686,2021.07707397917,2021.09046792842,1
3764,3767,Bronx,Bronx,0.00179408068600001,0.42798225271695,0.42618817203095,2021.08877095007,2021.09056503076,1
2930,2932,Nassau,Suffolk,0.1014167546,0.4280625308404,0.3266457762404,2020.98922855428,2021.09064530888,1
2802,2803,Bronx,Bronx,0.00565044210999999,0.428307259871,0.422656817761,2021.0852395958,2021.09089003791,1
2318,2319,Bronx,Bronx,0.01640177385,0.4283523208087,0.4119505469587,2021.074533325,2021.09093509885,1
3054,3055,Bronx,Bronx,0.01742986214,0.428420125108,0.410990262968,2021.07357304101,2021.09100290315,1
2152,2153,NewYork,NewYork,0.06342297579,0.4287016128375,0.3652786370475,2021.02786141509,2021.09128439088,1
3700,3719,Kings,Kings,0.06666248337,0.42878713230455,0.36212464893455,2021.02470742698,2021.09136991035,1
3626,3634,Kings,Kings,0.01238401318,0.4288222222028,0.4164382090228,2021.07902098706,2021.09140500024,1
2359,2360,Bronx,Bronx,0.01945354942,0.4288852983617,0.4094317489417,2021.07201452698,2021.0914680764,1
3017,3018,Bronx,Bronx,0.07307368296,0.4289123221819,0.3558386392219,2021.01842141726,2021.09149510022,1
2374,2375,Bronx,NewYork,0.1897105345,0.4289659181272,0.2392553836272,2020.90183816167,2021.09154869617,1
2753,2754,Queens,Queens,0.01825373424,0.429027126465,0.410773392225,2021.07335617027,2021.09160990451,1
3067,3068,Queens,Queens,0.03054689974,0.429035453656,0.398488553916,2021.06107133196,2021.0916182317,1
3912,3913,Bronx,Bronx,0.01231405202,0.429090956099784,0.416776904079784,2021.07935968212,2021.09167373414,1
2207,2209,Bronx,Bronx,0.00823097387900001,0.4291125758904,0.4208816020114,2021.08346438005,2021.09169535393,1
2386,2387,NewYork,NewYork,0.09745306754,0.4291538217982,0.3317007542582,2020.9942835323,2021.09173659984,1
2415,2416,NewYork,NewYork,0.002529450012,0.4292369164352,0.4267074664232,2021.08929024446,2021.09181969448,1
2638,2639,Bronx,Bronx,0.00573760283000002,0.429237958178527,0.423500355348527,2021.08608313339,2021.09182073622,1
3088,3089,Queens,Queens,0.01599105367,0.429515845642,0.413524791972,2021.07610757001,2021.09209862368,1
2839,2840,Bronx,Bronx,0.1057856299,0.42952302919249,0.32373739929249,2020.98632017733,2021.09210580723,1
3719,3720,Kings,Kings,0.000755791449799981,0.42954292375435,0.42878713230455,2021.09136991035,2021.09212570179,1
2657,2672,Bronx,Bronx,0.04994698618,0.429779526997527,0.379832540817527,2021.04241531886,2021.09236230504,1
2400,2401,NewYork,NewYork,0.05039406499,0.4297827413502,0.3793886763602,2021.0419714544,2021.09236551939,1
3903,3904,Bronx,Bronx,0.0202482442,0.429997205966984,0.409748961766984,2021.07233173981,2021.09257998401,1
2535,2536,Bronx,NewYork,0.1116838324,0.430006197156007,0.318322364756007,2020.9809051428,2021.0925889752,1
4050,4051,Bronx,Bronx,0.0114060774,0.43005793503495,0.41865185763495,2021.08123463568,2021.09264071308,1
3680,3681,Bronx,Bronx,0.02724540084,0.43011086599125,0.40286546515125,2021.06544824319,2021.09269364403,1
4023,4024,NewYork,NewYork,0.004472691907,0.43038881250125,0.42591612059425,2021.08849889863,2021.09297159054,1
3973,3974,Nassau,Queens,0.00555200112300003,0.43042460992595,0.42487260880295,2021.08745538684,2021.09300738797,1
2110,55,Bronx,Nassau,0.1044999956,0.4305131123304,0.3260131167304,2020.98859589477,2021.09309589037,1
3328,1274,Bronx,NewYork,0.01797875013,0.43051311233854,0.41253436220854,2021.07511714025,2021.09309589038,1
3787,1732,Westchester,Westchester,0.07569002081,0.43051311233955,0.35482309152955,2021.01740586957,2021.09309589038,1
3787,1733,Westchester,Westchester,0.07569002081,0.43051311233955,0.35482309152955,2021.01740586957,2021.09309589038,1
2926,870,NewYork,NewYork,0.02125045773,0.4305131123404,0.4092626546104,2021.07184543265,2021.09309589038,1
3274,1220,Bronx,Bronx,0.09797330602,0.43051311234186,0.33253980632186,2020.99512258436,2021.09309589038,1
2911,855,NewYork,Queens,0.09869486175,0.430513112342,0.331818250592,2020.99440102863,2021.09309589038,1
3804,1749,NewYork,NewYork,0.07474136187,0.430513112342564,0.355771750472564,2021.01835452851,2021.09309589038,1
3842,1790,Bronx,Bronx,0.0857798495,0.430513112343264,0.344733262843264,2021.00731604088,2021.09309589038,1
3470,1414,Bronx,NewYork,0.00733253022899999,0.43051311234346,0.42318058211446,2021.08576336015,2021.09309589038,1
2797,738,Bronx,NewYork,0.0991790288,0.430513112344,0.331334083544,2020.99391686158,2021.09309589038,1
3668,1613,NewYork,NewYork,0.00520891892399999,0.43051311234386,0.42530419341986,2021.08788697146,2021.09309589038,1
3668,1614,NewYork,Queens,0.00520891892399999,0.43051311234386,0.42530419341986,2021.08788697146,2021.09309589038,1
3844,1789,Bronx,Westchester,0.007284394551,0.430513112344264,0.423228717793264,2021.08581149583,2021.09309589038,1
3702,1644,Kings,Kings,0.03469169805,0.43051311234455,0.39582141429455,2021.05840419234,2021.09309589039,1
4055,2002,Bronx,Kings,0.0255326226,0.43051311234495,0.40498048974495,2021.06756326779,2021.09309589039,1
3728,1674,Westchester,Westchester,0.03828000179,0.43051311234525,0.39223311055525,2021.0548158886,2021.09309589039,1
3674,1619,Bronx,Bronx,0.01482680079,0.43051311234525,0.41568631155525,2021.0782690896,2021.09309589039,1
3674,1620,Bronx,Bronx,0.01482680079,0.43051311234525,0.41568631155525,2021.0782690896,2021.09309589039,1
3513,1459,Bronx,Bronx,0.002667042068,0.43051311234696,0.42784607027896,2021.09042884832,2021.09309589039,1
3576,1520,Queens,Queens,0.00812065618199997,0.43051311234746,0.42239245616546,2021.08497523421,2021.09309589039,1
3726,1672,NewYork,Bronx,0.04212124061,0.43051311234825,0.38839187173825,2021.05097464978,2021.09309589039,1
3500,1446,NewYork,NewYork,0.00780765484500001,0.43051311234896,0.42270545750396,2021.08528823554,2021.09309589039,1
3720,1664,Kings,Kings,0.000970188595300014,0.43051311234965,0.42954292375435,2021.09212570179,2021.09309589039,1
3679,1623,Bronx,Bronx,0.01339673688,0.43051311235125,0.41711637547125,2021.07969915351,2021.09309589039,1
3358,1304,Nassau,Nassau,0.00570576699699998,0.43051311236456,0.42480734536756,2021.08739012341,2021.09309589041,1
3358,1305,Nassau,Nassau,0.00570576699699998,0.43051311236456,0.42480734536756,2021.08739012341,2021.09309589041,1
2566,511,Bronx,Bronx,0.06044076511,0.430513112364813,0.370072347254813,2021.0326551253,2021.09309589041,1
2191,136,Bronx,Bronx,0.007255378092,0.4305131123663,0.4232577342743,2021.08584051231,2021.09309589041,1
2259,205,NewYork,NewYork,0.00677315748599999,0.4305131123663,0.4237399548803,2021.08632273292,2021.09309589041,1
2073,25,Bronx,Bronx,0.00886508615199999,0.4305131123665,0.4216480262145,2021.08423080425,2021.09309589041,1
2208,152,Bronx,Westchester,0.002713054085,0.4305131123664,0.4278000582814,2021.09038283632,2021.09309589041,1
2319,263,Bronx,Bronx,0.00216079155799997,0.4305131123667,0.4283523208087,2021.09093509885,2021.09309589041,1
2455,400,NewYork,NewYork,0.0328093631,0.430513112366938,0.397703749266938,2021.06028652731,2021.09309589041,1
2318,262,Bronx,Bronx,0.01856256541,0.4305131123687,0.4119505469587,2021.074533325,2021.09309589041,1
2421,368,Bronx,NewYork,0.01597427294,0.4305131123692,0.4145388394292,2021.07712161747,2021.09309589041,1
2126,71,Bronx,Bronx,0.00562621781599998,0.43051311237106,0.42488689455506,2021.0874696726,2021.09309589041,1
2499,446,Bronx,Bronx,0.06576513546,0.430513112371108,0.364747976911107,2021.02733075495,2021.09309589041,1
2564,510,Bronx,Bronx,0.1016275769,0.430513112404813,0.328885535504813,2020.99146831355,2021.09309589045,1
2184,129,Bronx,Westchester,0.1080849468,0.4305131124103,0.3224281656103,2020.98501094365,2021.09309589045,1
2702,2703,Queens,Queens,0.01158702877,0.430705654415507,0.419118625645507,2021.08170140369,2021.09328843246,1
2250,2252,NewYork,NewYork,0.00416760810900002,0.4308885636303,0.4267209555213,2021.08930373356,2021.09347134167,1
2095,2096,Bronx,Bronx,0.06496407087,0.4309253402205,0.3659612693505,2021.02854404739,2021.09350811826,1
2754,2755,Queens,Queens,0.00195029167299998,0.430977418138,0.429027126465,2021.09160990451,2021.09356019618,1
2508,2511,Bronx,Bronx,0.01927147505,0.430978586474107,0.411707111424107,2021.07428988946,2021.09356136451,1
2401,2402,NewYork,NewYork,0.00127770773300001,0.4310604490832,0.4297827413502,2021.09236551939,2021.09364322712,1
2241,2242,NewYork,NewYork,0.04001415587,0.4311075434313,0.3910933875613,2021.0536761656,2021.09369032147,1
3915,3916,NewYork,NewYork,0.00841399051399999,0.431244282528784,0.422830292014784,2021.08541307006,2021.09382706057,1
3549,3551,NewYork,NewYork,0.00338992662499998,0.43127507700186,0.42788515037686,2021.09046792842,2021.09385785504,1
3359,3360,Nassau,Nassau,0.01662638213,0.43140507215756,0.41477869002756,2021.07736146807,2021.0939878502,1
2760,2761,Bronx,Bronx,0.01749792369,0.43182461852,0.41432669483,2021.07690947287,2021.09440739656,1
3360,3361,Nassau,Nassau,0.000424623665000012,0.43182969582256,0.43140507215756,2021.0939878502,2021.09441247386,1
2360,2361,Bronx,Bronx,0.00298170827499999,0.4318670066367,0.4288852983617,2021.0914680764,2021.09444978468,1
3551,3552,NewYork,NewYork,0.000700209325399992,0.43197528632726,0.43127507700186,2021.09385785504,2021.09455806437,1
2636,2637,Bronx,Bronx,0.01814370029,0.432000453684527,0.413856753394527,2021.07643953143,2021.09458323172,1
3227,3228,Bronx,Bronx,0.01594311177,0.43200645251156,0.41606334074156,2021.07864611878,2021.09458923055,1
3917,3919,Bronx,Bronx,0.0119574988,0.432007936506884,0.420050437706884,2021.08263321575,2021.09459071455,1
3416,3417,NewYork,NewYork,0.05852702962,0.43201560042743,0.37348857080743,2021.03607134885,2021.09459837847,1
2724,2725,Bronx,Bronx,0.01304686385,0.432051607543507,0.419004743693507,2021.08158752173,2021.09463438558,1
3893,3894,Bronx,Bronx,0.03547822665,0.432100184431784,0.396621957781784,2021.05920473582,2021.09468296247,1
3331,3332,Bronx,Bronx,0.01091709174,0.43228318666454,0.42136609492454,2021.08394887297,2021.0948659647,1
3081,3082,NewYork,NewYork,0.00462876417800001,0.432374422458,0.42774565828,2021.09032843632,2021.0949572005,1
2150,2151,Bronx,Bronx,0.07665091145,0.4324928565645,0.3558419451145,2021.01842472316,2021.0950756346,1
2666,2667,Bronx,Kings,0.01059250879,0.432500027269827,0.421907518479827,2021.08449029652,2021.09508280531,1
3477,3478,Bronx,Bronx,0.03183365273,0.43273274949696,0.40089909676696,2021.06348187481,2021.09531552754,1
2568,2573,Bronx,Bronx,0.00716818352300003,0.432826666507813,0.425658482984813,2021.08824126103,2021.09540944455,1
3351,3352,Bronx,Bronx,0.01244240976,0.43292709388856,0.42048468412856,2021.08306746217,2021.09550987193,1
2387,2388,NewYork,NewYork,0.00399035887900001,0.4331441806772,0.4291538217982,2021.09173659984,2021.09572695872,1
3228,3230,Bronx,Bronx,0.00118684063399999,0.43319329314556,0.43200645251156,2021.09458923055,2021.09577607119,1
3332,3334,Bronx,Bronx,0.00103579232500001,0.43331897898954,0.43228318666454,2021.0948659647,2021.09590175703,1
2815,2816,Bronx,Bronx,0.009842832977,0.4333501740477,0.4235073410707,2021.08609011911,2021.09593295209,1
2480,2481,Bronx,Bronx,0.1306134609,0.433414196976938,0.302800736076937,2020.96538351412,2021.09599697502,1
3352,3353,Bronx,Bronx,0.000528352626100015,0.43345544651466,0.43292709388856,2021.09550987193,2021.09603822456,1
3061,3064,Bronx,Bronx,0.02176269188,0.433475546722,0.411712854842,2021.07429563288,2021.09605832476,1
2426,2427,Nassau,Nassau,0.07593449234,0.4334859016622,0.3575514093222,2021.02013418736,2021.0960686797,1
2693,2694,Bronx,Bronx,0.0121083977,0.433486253074507,0.421377855374507,2021.08396063342,2021.09606903111,1
4014,1961,Bronx,Kings,0.1075696825,0.43351311233495,0.32594342983495,2020.98852620788,2021.09609589038,1
3055,997,Bronx,Queens,0.005092987228,0.433513112336,0.428420125108,2021.09100290315,2021.09609589038,1
3081,1027,NewYork,NewYork,0.00576745406000001,0.43351311234,0.42774565828,2021.09032843632,2021.09609589038,1
3478,1423,Bronx,Bronx,0.000780362843199989,0.43351311234016,0.43273274949696,2021.09531552754,2021.09609589038,1
2327,272,Bronx,Queens,0.1026155621,0.4335131123406,0.3308975502406,2020.99348032828,2021.09609589038,1
2815,757,Bronx,Bronx,0.01000577127,0.4335131123407,0.4235073410707,2021.08609011911,2021.09609589038,1
2822,765,Queens,Queens,0.03333533361,0.433513112341,0.400177778731,2021.06276055677,2021.09609589038,1
3625,1569,NewYork,Queens,0.00799431715999999,0.4335131123438,0.4255187951838,2021.08810157322,2021.09609589038,1
3752,1696,NewYork,NewYork,0.01287416618,0.43351311234425,0.42063894616425,2021.0832217242,2021.09609589038,1
3534,1479,NewYork,NewYork,0.04258410321,0.43351311234446,0.39092900913446,2021.05351178717,2021.09609589038,1
4050,1996,Bronx,Westchester,0.01486125471,0.43351311234495,0.41865185763495,2021.08123463568,2021.09609589039,1
3857,1800,NewYork,NewYork,0.01107650973,0.433513112345184,0.422436602615184,2021.08501938066,2021.09609589039,1
3857,1801,NewYork,NewYork,0.01107650973,0.433513112345184,0.422436602615184,2021.08501938066,2021.09609589039,1
3191,1136,Bronx,Bronx,0.09801927232,0.43351311234556,0.33549384002556,2020.99807661807,2021.09609589039,1
3178,1121,NewYork,NewYork,0.02443255199,0.43351311234556,0.40908056035556,2021.0716633384,2021.09609589039,1
3713,1656,Kings,NewYork,0.00890286523200001,0.43351311234655,0.42461024711455,2021.08719302515,2021.09609589039,1
3645,1592,Queens,Queens,0.02990217918,0.433513112347471,0.403610933167471,2021.06619371121,2021.09609589039,1
3645,1593,Queens,Queens,0.02990217918,0.433513112347471,0.403610933167471,2021.06619371121,2021.09609589039,1
2533,479,Nassau,Nassau,0.01336548166,0.433513112364807,0.420147630704807,2021.08273040875,2021.09609589041,1
2416,362,NewYork,NewYork,0.00427619593099998,0.4335131123662,0.4292369164352,2021.09181969448,2021.09609589041,1
2156,102,Queens,Queens,0.00875761438,0.4335131123663,0.4247554979863,2021.08733827603,2021.09609589041,1
2156,103,Queens,Queens,0.00875761438,0.4335131123663,0.4247554979863,2021.08733827603,2021.09609589041,1
2208,153,Bronx,Queens,0.005713054085,0.4335131123664,0.4278000582814,2021.09038283632,2021.09609589041,1
2209,154,Bronx,Bronx,0.00440053647600003,0.4335131123664,0.4291125758904,2021.09169535393,2021.09609589041,1
2242,186,NewYork,Nassau,0.00240556893499999,0.4335131123663,0.4311075434313,2021.09369032147,2021.09609589041,1
2084,28,NewYork,NewYork,0.00674032762600002,0.4335131123665,0.4267727847405,2021.08935556278,2021.09609589041,1
2637,580,Bronx,Bronx,0.00151265868200001,0.433513112366527,0.432000453684527,2021.09458323172,2021.09609589041,1
2637,581,Bronx,Bronx,0.00151265868200001,0.433513112366527,0.432000453684527,2021.09458323172,2021.09609589041,1
2427,372,Nassau,Nassau,2.72107044300141e-05,0.43351311236663,0.4334859016622,2021.0960686797,2021.09609589041,1
2106,49,Bronx,Bronx,0.03410730843,0.4335131123685,0.3994058039385,2021.06198858198,2021.09609589041,1
2638,582,Bronx,Bronx,0.01001275702,0.433513112368527,0.423500355348527,2021.08608313339,2021.09609589041,1
2126,70,Bronx,NewYork,0.00862621781599998,0.43351311237106,0.42488689455506,2021.0874696726,2021.09609589041,1
2492,438,Bronx,Bronx,0.03451672841,0.433513112371507,0.398996383961507,2021.061579162,2021.09609589041,1
2111,56,Bronx,Westchester,0.1036332381,0.4335131123724,0.3298798742724,2020.99246265231,2021.09609589041,1
2360,305,Bronx,Bronx,0.004627814013,0.4335131123747,0.4288852983617,2021.0914680764,2021.09609589042,1
2361,306,Bronx,Bronx,0.001646105738,0.4335131123747,0.4318670066367,2021.09444978468,2021.09609589042,1
4015,1962,Bronx,NewYork,0.1069817804,0.43351311239225,0.32653133199225,2020.98911411003,2021.09609589043,1
3904,3905,Bronx,Bronx,0.00353618315400001,0.433533389120984,0.429997205966984,2021.09257998401,2021.09611616716,1
2863,2864,Nassau,Nassau,0.05417276623,0.4336499769424,0.3794772107124,2021.04205998875,2021.09623275498,1
2412,2413,Bronx,Bronx,0.03060217787,0.4337726808632,0.4031705029932,2021.06575328103,2021.0963554589,1
2942,2943,NewYork,NewYork,0.00749195748999998,0.4338618761087,0.4263699186187,2021.08895269666,2021.09644465415,1
2703,2704,Queens,Queens,0.00328308823000001,0.433988742645507,0.430705654415507,2021.09328843246,2021.09657152069,1
3767,3768,Bronx,Bronx,0.006048909283,0.43403116199995,0.42798225271695,2021.09056503076,2021.09661394004,1
4024,4029,NewYork,NewYork,0.00397222773900002,0.43436104024025,0.43038881250125,2021.09297159054,2021.09694381828,1
2588,2590,Bronx,Bronx,0.00917251945899999,0.434425157803813,0.425252638344813,2021.08783541639,2021.09700793584,1
2860,2862,Nassau,Nassau,0.0491140133,0.4344725124124,0.3853584991124,2021.04794127715,2021.09705529045,1
3507,3508,Bronx,Westchester,0.06666164088,0.43451556065896,0.36785391977896,2021.03043669782,2021.0970983387,1
4051,4052,Bronx,NewYork,0.00447919209999997,0.43453712713495,0.43005793503495,2021.09264071308,2021.09711990518,1
3329,3330,Bronx,Bronx,0.01778428991,0.43455487960554,0.41677058969554,2021.07935336774,2021.09713765765,1
3294,3296,Bronx,Bronx,0.00794479387199998,0.43457475717299,0.42662996330099,2021.08921274134,2021.09715753521,1
2511,2512,Bronx,Bronx,0.00360927439300002,0.434587860867107,0.430978586474107,2021.09356136451,2021.09717063891,1
3974,3975,Queens,Queens,0.004333928579,0.43475853850495,0.43042460992595,2021.09300738797,2021.09734131655,1
3478,3479,Bronx,NewYork,0.00205385591899998,0.43478660541596,0.43273274949696,2021.09531552754,2021.09736938346,1
2864,2865,Nassau,Nassau,0.00113990914099998,0.4347898860834,0.4336499769424,2021.09623275498,2021.09737266412,1
3230,3231,Bronx,Bronx,0.00163298440300003,0.43482627754856,0.43319329314556,2021.09577607119,2021.09740905559,1
2493,2494,Westchester,Westchester,0.02447732585,0.434860131161508,0.410382805311508,2021.07296558335,2021.0974429092,1
2568,2569,Bronx,Bronx,0.009226752241,0.434885235225813,0.425658482984813,2021.08824126103,2021.09746801327,1
3980,3981,Bronx,Bronx,0.01567315959,0.43489217596995,0.41921901637995,2021.08180179442,2021.09747495401,1
2667,2668,Kings,Kings,0.002460305577,0.434960332846827,0.432500027269827,2021.09508280531,2021.09754311089,1
3856,3858,Bronx,Bronx,0.03584833424,0.434991487895184,0.399143153655184,2021.0617259317,2021.09757426594,1
2413,2414,Bronx,Bronx,0.001228638718,0.4350013195812,0.4337726808632,2021.0963554589,2021.09758409762,1
2128,2130,Bronx,Bronx,0.0117680982,0.43502628741906,0.42325818921906,2021.08584096726,2021.09760906546,1
2672,2673,Bronx,Bronx,0.00551767075600001,0.435297197753527,0.429779526997527,2021.09236230504,2021.09787997579,1
2167,2168,Bronx,Bronx,0.09503320513,0.4353277494223,0.3402945442923,2021.00287732233,2021.09791052746,1
2402,2403,NewYork,NewYork,0.00454744391200002,0.4356078929952,0.4310604490832,2021.09364322712,2021.09819067104,1
3917,3918,Bronx,Bronx,0.01558152814,0.435631965846884,0.420050437706884,2021.08263321575,2021.09821474389,1
2725,2727,Bronx,Bronx,0.003663696991,0.435715304534507,0.432051607543507,2021.09463438558,2021.09829808257,1
3913,3914,Bronx,Bronx,0.00665289221400001,0.435743848313784,0.429090956099784,2021.09167373414,2021.09832662635,1
3654,3655,Bronx,Bronx,0.01569414937,0.43591072279916,0.42021657342916,2021.08279935147,2021.09849350084,1
3864,3865,Bronx,Bronx,0.0314408062,0.436028206890284,0.404587400690284,2021.06717017873,2021.09861098493,1
3479,3480,NewYork,NewYork,0.00125904891599998,0.43604565433196,0.43478660541596,2021.09736938346,2021.09862843237,1
3064,3065,Bronx,NewYork,0.00263621657099999,0.436111763293,0.433475546722,2021.09605832476,2021.09869454133,1
3210,3211,Bronx,Bronx,0.1115335327,0.43640744435556,0.32487391165556,2020.9874566897,2021.0989902224,1
3010,975,Bronx,Queens,0.152688843,0.4365131123009,0.2838242693009,2020.94640704734,2021.09909589034,1
2183,128,Bronx,Bronx,0.1165621743,0.4365131123363,0.3199509380363,2020.98253371608,2021.09909589038,1
3330,1275,Bronx,Bronx,0.001958232733,0.43651311233854,0.43455487960554,2021.09713765765,2021.09909589038,1
3330,1276,Bronx,Bronx,0.001958232733,0.43651311233854,0.43455487960554,2021.09713765765,2021.09909589038,1
3655,1601,Bronx,Bronx,0.000602389542600001,0.43651311234176,0.43591072279916,2021.09849350084,2021.09909589038,1
3589,1536,NewYork,NewYork,0.01115004756,0.43651311234246,0.42536306478246,2021.08794584282,2021.09909589038,1
4057,2003,Bronx,Bronx,0.02342687575,0.43651311234295,0.41308623659295,2021.07566901463,2021.09909589038,1
3913,1856,Bronx,Bronx,0.007422156244,0.436513112343784,0.429090956099784,2021.09167373414,2021.09909589038,1
3918,1862,Bronx,Bronx,0.000881146496999996,0.436513112343884,0.435631965846884,2021.09821474389,2021.09909589038,1
3918,1863,Bronx,Bronx,0.000881146496999996,0.436513112343884,0.435631965846884,2021.09821474389,2021.09909589038,1
3352,1299,Bronx,Westchester,0.00358601845599998,0.43651311234456,0.43292709388856,2021.09550987193,2021.09909589038,1
3865,1808,Bronx,Bronx,0.000484905455500007,0.436513112345784,0.436028206890284,2021.09861098493,2021.09909589039,1
2995,939,Bronx,Bronx,0.1013178375,0.4365131123521,0.3351952748521,2020.99777805289,2021.09909589039,1
3369,1316,Bronx,Bronx,0.03659085133,0.43651311236056,0.39992226103056,2021.06250503907,2021.0990958904,1
2505,451,Bronx,Bronx,0.09803785311,0.436513112364108,0.338475259254107,2021.00105803729,2021.0990958904,1
2148,93,Bronx,Bronx,0.01780131686,0.4365131123645,0.4187117955045,2021.08129457354,2021.0990958904,1
2173,121,Bronx,NewYork,0.0244687571,0.4365131123663,0.4120443552663,2021.07462713331,2021.09909589041,1
2573,521,Bronx,Bronx,0.00368644585900002,0.436513112366813,0.432826666507813,2021.09540944455,2021.09909589041,1
2534,481,Nassau,Nassau,0.0148952213,0.436513112368807,0.421617891068807,2021.08420066911,2021.09909589041,1
2830,774,Bronx,Bronx,0.1425825057,0.4365131123713,0.2939306066713,2020.95651338471,2021.09909589041,1
3337,1284,Bronx,Bronx,0.03879804938,0.43651311238756,0.39771506300756,2021.06029784105,2021.09909589043,1
3749,3753,NewYork,NewYork,0.09431611294,0.43657953185525,0.34226341891525,2021.00484619696,2021.0991623099,1
3311,3312,Bronx,Bronx,0.02452067557,0.43660781677894,0.41208714120894,2021.07466991925,2021.09919059482,1
4092,4095,Bronx,Bronx,0.05610769838,0.43664577902895,0.38053808064895,2021.04312085869,2021.09922855707,1
4042,4043,Bronx,Bronx,0.05893311286,0.43667094742395,0.37773783456395,2021.0403206126,2021.09925372546,1
4051,4053,Bronx,Bronx,0.00662685811800001,0.43668479315295,0.43005793503495,2021.09264071308,2021.09926757119,1
3332,3333,Bronx,Bronx,0.00442407849999998,0.43670726516454,0.43228318666454,2021.0948659647,2021.0992900432,1
3795,3796,NewYork,NewYork,0.01108928842,0.436924939462564,0.425835651042564,2021.08841842908,2021.0995077175,1
2242,2243,NewYork,NewYork,0.005838327586,0.4369458710173,0.4311075434313,2021.09369032147,2021.09952864906,1
3409,3410,NewYork,NewYork,0.01702770423,0.43695539905156,0.41992769482156,2021.08251047286,2021.09953817709,1
3068,3069,Queens,Queens,0.00815560272299998,0.437191056379,0.429035453656,2021.0916182317,2021.09977383442,1
3442,3444,Bronx,Queens,0.04922163577,0.43724898668156,0.38802735091156,2021.05061012895,2021.09983176472,1
2555,2556,Bronx,Bronx,0.02274741603,0.437573703542707,0.414826287512707,2021.07740906555,2021.10015648158,1
3969,3970,Bronx,Kings,0.1092209274,0.43764450973095,0.32842358233095,2020.99100636037,2021.10022728777,1
3627,3629,Kings,Kings,0.0141654368,0.4376486450898,0.4234832082898,2021.08606598633,2021.10023142313,1
2388,2389,NewYork,NewYork,0.00456064293800001,0.4377048236152,0.4331441806772,2021.09572695872,2021.10028760166,1
3993,3994,Bronx,NewYork,0.02218374931,0.43771939334605,0.41553564403605,2021.07811842208,2021.10030217139,1
3598,3599,NewYork,Kings,0.07983779701,0.43775479088046,0.35791699387046,2021.02049977191,2021.10033756892,1
2640,2641,Bronx,Bronx,0.00997815039,0.437774971944527,0.427796821554527,2021.0903795996,2021.10035774999,1
3510,3517,Bronx,NewYork,0.04242617897,0.43777531673896,0.39534913776896,2021.05793191581,2021.10035809478,1
3778,3780,Bronx,Bronx,0.02846359741,0.43783156111195,0.40936796370195,2021.07195074174,2021.10041433915,1
3148,3149,Bronx,Bronx,0.03555513092,0.4379166570425,0.4023615261225,2021.06494430416,2021.10049943508,1
2667,2669,Kings,Kings,0.00545453394000001,0.437954561209827,0.432500027269827,2021.09508280531,2021.10053733925,1
3629,3630,Kings,Kings,0.000332828678999975,0.4379814737688,0.4376486450898,2021.10023142313,2021.10056425181,1
2902,2903,NewYork,Bronx,0.1245213752,0.4380465400803,0.3135251648803,2020.97610794292,2021.10062931812,1
2375,2376,NewYork,NewYork,0.00940633889100001,0.4383722570182,0.4289659181272,2021.09154869617,2021.10095503506,1
2270,2273,Bronx,Bronx,0.03311011572,0.4384498305393,0.4053397148193,2021.06792249286,2021.10103260858,1
3180,3182,Bronx,NewYork,0.03669079788,0.43849899183356,0.40180819395356,2021.06439097199,2021.10108176987,1
3277,1223,Bronx,NewYork,0.09930851998,0.43851311233699,0.33920459235699,2021.0017873704,2021.10109589038,1
2785,725,Bronx,NewYork,0.09038711136,0.438513112338,0.348126000978,2021.01070877902,2021.10109589038,1
2801,742,Bronx,Bronx,0.01815917773,0.438513112339,0.420353934609,2021.08293671265,2021.10109589038,1
3981,1926,Bronx,Bronx,0.00362093637200001,0.43851311234195,0.43489217596995,2021.09747495401,2021.10109589038,1
3628,1570,Kings,Queens,0.01255108658,0.4385131123428,0.4259620257628,2021.0885448038,2021.10109589038,1
3628,1571,Kings,Kings,0.01255108658,0.4385131123428,0.4259620257628,2021.0885448038,2021.10109589038,1
3858,1802,Bronx,Bronx,0.00352162444800003,0.438513112343184,0.434991487895184,2021.09757426594,2021.10109589038,1
3473,1418,Bronx,NewYork,0.08280134605,0.43851311234376,0.35571176629376,2021.01829454433,2021.10109589038,1
3919,1864,Bronx,Bronx,0.006505175837,0.438513112343884,0.432007936506884,2021.09459071455,2021.10109589038,1
4007,1954,Nassau,Nassau,0.08837926112,0.43851311234495,0.35013385122495,2021.01271662927,2021.10109589039,1
3461,1405,NewYork,NewYork,0.02411335022,0.43851311234546,0.41439976212546,2021.07698254017,2021.10109589039,1
3389,1336,Bronx,Bronx,0.03089580167,0.43851311234576,0.40761731067576,2021.07020008872,2021.10109589039,1
4053,1999,Bronx,Bronx,0.00182831919300003,0.43851311234595,0.43668479315295,2021.09926757119,2021.10109589039,1
4053,2000,Bronx,NewYork,0.00182831919300003,0.43851311234595,0.43668479315295,2021.09926757119,2021.10109589039,1
2939,883,Bronx,Bronx,0.04872094075,0.4385131123487,0.3897921715987,2021.05237494964,2021.10109589039,1
2939,884,Bronx,Bronx,0.04872094075,0.4385131123487,0.3897921715987,2021.05237494964,2021.10109589039,1
3866,1812,Bronx,Queens,0.1153617764,0.438513112355184,0.323151335955184,2020.985734114,2021.1010958904,1
3757,1704,Bronx,Kings,0.131466367,0.43851311235825,0.30704674535825,2020.9696295234,2021.1010958904,1
2669,613,Kings,Kings,0.000558551156900011,0.438513112366727,0.437954561209827,2021.10053733925,2021.10109589041,1
2669,614,Kings,Kings,0.000558551156900011,0.438513112366727,0.437954561209827,2021.10053733925,2021.10109589041,1
2668,611,Kings,Kings,0.00355277951999999,0.438513112366827,0.434960332846827,2021.09754311089,2021.10109589041,1
2668,612,Kings,NewYork,0.00355277951999999,0.438513112366827,0.434960332846827,2021.09754311089,2021.10109589041,1
2534,480,Nassau,Nassau,0.0168952213,0.438513112368807,0.421617891068807,2021.08420066911,2021.10109589041,1
2531,476,Nassau,Nassau,0.0984079443,0.438513112369807,0.340105168069807,2021.00268794611,2021.10109589041,1
2448,395,Bronx,Bronx,0.1401256339,0.4385131123812,0.2983874784812,2020.96097025652,2021.10109589042,1
3033,3034,NewYork,NewYork,0.01109999403,0.438556351654,0.427456357624,2021.09003913566,2021.10113912969,1
3089,3090,Queens,Queens,0.00942263367399998,0.438938479316,0.429515845642,2021.09209862368,2021.10152125736,1
2936,2937,Bronx,Bronx,0.1562077767,0.4389603341264,0.2827525574264,2020.94533533547,2021.10154311217,1
2461,2462,Bronx,Bronx,0.02346980069,0.438967436968338,0.415497636278338,2021.07808041432,2021.10155021501,1
3858,3859,Bronx,Bronx,0.004009272683,0.439000760578184,0.434991487895184,2021.09757426594,2021.10158353862,1
3429,3430,NewYork,Queens,0.0305417344,0.43928466976623,0.40874293536623,2021.07132571341,2021.10186744781,1
2816,2817,Bronx,Bronx,0.00594049750699999,0.4392906715547,0.4333501740477,2021.09593295209,2021.1018734496,1
3389,3390,Bronx,Bronx,0.03168370187,0.43930101254576,0.40761731067576,2021.07020008872,2021.10188379059,1
3417,3418,NewYork,NewYork,0.00742119449900003,0.43943679492643,0.43201560042743,2021.09459837847,2021.10201957297,1
2130,2131,Bronx,Bronx,0.00442281768000002,0.43944910509906,0.43502628741906,2021.09760906546,2021.10203188314,1
2273,2274,Bronx,Bronx,0.00106371078,0.4395135413193,0.4384498305393,2021.10103260858,2021.10209631936,1
3834,3835,Bronx,Bronx,0.02738392548,0.439732162564264,0.412348237084264,2021.07493101512,2021.1023149406,1
2361,2362,Bronx,Bronx,0.00792172800899998,0.4397887346457,0.4318670066367,2021.09444978468,2021.10237151269,1
2174,2175,Bronx,Bronx,0.02432341631,0.4399422470413,0.4156188307313,2021.07820160877,2021.10252502508,1
2573,2574,Bronx,Bronx,0.00713271305800001,0.439959379565813,0.432826666507813,2021.09540944455,2021.10254215761,1
2209,2210,Bronx,Bronx,0.01086414073,0.4399767166204,0.4291125758904,2021.09169535393,2021.10255949466,1
3055,3056,Bronx,Bronx,0.01159810057,0.440018225678,0.428420125108,2021.09100290315,2021.10260100372,1
3183,3184,NewYork,NewYork,0.02517726823,0.44014839236356,0.41497112413356,2021.07755390217,2021.1027311704,1
4061,4064,Bronx,Bronx,0.02384384017,0.44016723212295,0.41632339195295,2021.07890616999,2021.10275001016,1
2223,2228,Bronx,Westchester,0.05619400598,0.4403047536013,0.3841107476213,2021.04669352566,2021.10288753164,1
2727,2730,Bronx,Bronx,0.00461646167899998,0.440331766213507,0.435715304534507,2021.09829808257,2021.10291454425,1
2577,2579,Westchester,Westchester,0.06280871792,0.440338010536813,0.377529292616813,2021.04011207066,2021.10292078858,1
2462,2463,Bronx,Bronx,0.00150783552799999,0.440475272496337,0.438967436968338,2021.10155021501,2021.10305805054,1
3231,3232,Bronx,Bronx,0.00566553798300001,0.44049181553156,0.43482627754856,2021.09740905559,2021.10307459357,1
2793,2794,Bronx,NewYork,0.1134647303,0.440517712294,0.327052981994,2020.98963576003,2021.10310049033,1
4024,4025,NewYork,Kings,0.01019560773,0.44058442023125,0.43038881250125,2021.09297159054,2021.10316719827,1
3989,3990,Bronx,Bronx,0.04405658233,0.44067572212445,0.39661913979445,2021.05920191783,2021.10325850016,1
2680,2681,Bronx,Bronx,0.03495528012,0.440688260864607,0.405732980744607,2021.06831575879,2021.1032710389,1
3762,3770,Bronx,Bronx,0.07153820511,0.44098956709425,0.36945136198425,2021.03203414002,2021.10357234513,1
3919,3920,Bronx,Bronx,0.00911739494500002,0.441125331451884,0.432007936506884,2021.09459071455,2021.10370810949,1
2583,2584,Bronx,Nassau,0.02046905277,0.441246793902813,0.420777741132813,2021.08336051917,2021.10382957194,1
2694,2697,Bronx,Bronx,0.00780317179700002,0.441289424871507,0.433486253074507,2021.09606903111,2021.10387220291,1
3835,3836,Bronx,Bronx,0.00163973516100002,0.441371897725264,0.439732162564264,2021.1023149406,2021.10395467577,1
2569,2570,Bronx,Bronx,0.00654737813799999,0.441432613363813,0.434885235225813,2021.09746801327,2021.1040153914,1
2865,2866,Nassau,Queens,0.00665410957000001,0.4414439956534,0.4347898860834,2021.09737266412,2021.10402677369,1
3331,1277,Bronx,Bronx,0.02014701741,0.44151311233454,0.42136609492454,2021.08394887297,2021.10409589037,1
2829,772,NewYork,NewYork,0.01560410045,0.441513112335,0.425909011885,2021.08849178993,2021.10409589038,1
3278,1224,Bronx,NewYork,0.09077361502,0.44151311233699,0.35073949731699,2021.01332227536,2021.10409589038,1
3143,1090,NewYork,NewYork,0.01881681932,0.441513112337,0.422696293017,2021.08527907106,2021.10409589038,1
3143,1091,NewYork,NewYork,0.01881681932,0.441513112337,0.422696293017,2021.08527907106,2021.10409589038,1
2875,817,Suffolk,Suffolk,0.0493258936,0.4415131123394,0.3921872187394,2021.05476999678,2021.10409589038,1
3082,1029,NewYork,NewYork,0.00913868988200001,0.44151311234,0.432374422458,2021.0949572005,2021.10409589038,1
3479,1424,NewYork,NewYork,0.00672650692400001,0.44151311233996,0.43478660541596,2021.09736938346,2021.10409589038,1
2903,846,Bronx,Bronx,0.00346657226000002,0.4415131123403,0.4380465400803,2021.10062931812,2021.10409589038,1
2903,847,Bronx,Bronx,0.00346657226000002,0.4415131123403,0.4380465400803,2021.10062931812,2021.10409589038,1
3149,1094,Bronx,Bronx,0.00359645529800001,0.4415131123405,0.4379166570425,2021.10049943508,2021.10409589038,1
2836,779,Bronx,Bronx,0.05639672287,0.441513112341,0.385116389471,2021.04769916751,2021.10409589038,1
3607,1550,Bronx,Queens,0.02541077267,0.44151311234146,0.41610233967146,2021.07868511771,2021.10409589038,1
3443,1390,Bronx,Bronx,0.02162346551,0.44151311234156,0.41988964683156,2021.08247242487,2021.10409589038,1
3409,1354,NewYork,NewYork,0.02158541752,0.44151311234156,0.41992769482156,2021.08251047286,2021.10409589038,1
2990,933,Bronx,Nassau,0.05173121734,0.4415131123421,0.3897818950021,2021.05236467304,2021.10409589038,1
3060,1003,Bronx,NewYork,0.04528276844,0.441513112342,0.396230343902,2021.05881312194,2021.10409589038,1
3089,1034,Queens,Queens,0.0119972667,0.441513112342,0.429515845642,2021.09209862368,2021.10409589038,1
3581,1526,NewYork,NewYork,0.03111152037,0.44151311234246,0.41040159197246,2021.07298437001,2021.10409589038,1
3768,1714,Bronx,Bronx,0.00748195034400001,0.44151311234395,0.43403116199995,2021.09661394004,2021.10409589038,1
4022,1969,Bronx,Nassau,0.05469356365,0.44151311234425,0.38681954869425,2021.04940232673,2021.10409589038,1
3430,1376,Queens,Queens,0.00222844257799998,0.44151311234423,0.43928466976623,2021.10186744781,2021.10409589038,1
3182,1126,NewYork,NewYork,0.00301412051099997,0.44151311234456,0.43849899183356,2021.10108176987,2021.10409589038,1
3915,1859,NewYork,NewYork,0.01868282033,0.441513112344784,0.422830292014784,2021.08541307006,2021.10409589039,1
3975,1921,Queens,Queens,0.00675457384,0.44151311234495,0.43475853850495,2021.09734131655,2021.10409589039,1
3974,1920,Queens,Queens,0.01108850242,0.44151311234595,0.43042460992595,2021.09300738797,2021.10409589039,1
4052,1998,NewYork,NewYork,0.00697598521100001,0.44151311234595,0.43453712713495,2021.09711990518,2021.10409589039,1
4025,1975,Kings,Kings,0.000928692114600005,0.44151311234585,0.44058442023125,2021.10316719827,2021.10409589039,1
3916,1861,NewYork,NewYork,0.01026882982,0.441513112348784,0.431244282528784,2021.09382706057,2021.10409589039,1
3835,1779,Bronx,Bronx,0.00178094978499999,0.441513112349264,0.439732162564264,2021.1023149406,2021.10409589039,1
3681,1626,Bronx,Bronx,0.01140224636,0.44151311235125,0.43011086599125,2021.09269364403,2021.10409589039,1
3814,1760,Bronx,Bronx,0.1295951123,0.441513112353964,0.311918000053964,2020.97450077809,2021.10409589039,1
2878,825,NewYork,NewYork,0.140439095,0.4415131123584,0.3010740173584,2020.9636567954,2021.1040958904,1
2415,361,NewYork,NewYork,0.01480564594,0.4415131123632,0.4267074664232,2021.08929024446,2021.1040958904,1
2512,456,Bronx,Westchester,0.00692525149599998,0.441513112363107,0.434587860867107,2021.09717063891,2021.1040958904,1
2506,452,Bronx,Westchester,0.08948334933,0.441513112364108,0.352029763034107,2021.01461254107,2021.1040958904,1
3211,1156,Bronx,Bronx,0.00510566800899998,0.44151311236456,0.43640744435556,2021.0989902224,2021.10409589041,1
2567,512,NewYork,NewYork,0.02689990356,0.441513112364813,0.414613208804813,2021.07719598685,2021.10409589041,1
2569,513,Bronx,Bronx,0.00662787714099999,0.441513112366813,0.434885235225813,2021.09746801327,2021.10409589041,1
2609,555,NewYork,NewYork,0.08989272604,0.441513112367507,0.351620386327507,2021.01420316437,2021.10409589041,1
2105,51,Bronx,Bronx,0.05954136217,0.4415131123685,0.3819717501985,2021.04455452824,2021.10409589041,1
2639,583,Bronx,Bronx,0.01227515419,0.441513112368527,0.429237958178527,2021.09182073622,2021.10409589041,1
2639,584,Bronx,Queens,0.01227515419,0.441513112368527,0.429237958178527,2021.09182073622,2021.10409589041,1
2319,264,Bronx,Bronx,0.01316079156,0.4415131123687,0.4283523208087,2021.09093509885,2021.10409589041,1
2113,58,Bronx,Bronx,0.1022521977,0.4415131123694,0.3392609146694,2021.00184369271,2021.10409589041,1
2188,132,Westchester,Queens,0.034391107,0.4415131123693,0.4071220053693,2021.06970478341,2021.10409589041,1
2488,434,Bronx,Bronx,0.07365384533,0.441513112369737,0.367859267039737,2021.03044204508,2021.10409589041,1
2761,708,Bronx,Bronx,0.00968849384999998,0.44151311237,0.43182461852,2021.09440739656,2021.10409589041,1
2401,347,NewYork,NewYork,0.01173037102,0.4415131123702,0.4297827413502,2021.09236551939,2021.10409589041,1
2127,72,Bronx,Bronx,0.01985110046,0.44151311237406,0.42166201191406,2021.08424478995,2021.10409589041,1
3456,1404,Bronx,NewYork,0.1886614397,0.44151311237446,0.25285167267446,2020.91543445071,2021.10409589042,1
2758,705,Bronx,Bronx,0.03818532706,0.44151311238,0.40332778532,2021.06591056336,2021.10409589042,1
2901,845,NewYork,Kings,0.1484123606,0.4415131123803,0.2931007517803,2020.95568352982,2021.10409589042,1
3503,3504,Bronx,Bronx,0.09027036872,0.44153895068696,0.35126858196696,2021.01385136001,2021.10412172873,1
3753,3754,NewYork,NewYork,0.00496614460299999,0.44154567645825,0.43657953185525,2021.0991623099,2021.1041284545,1
2673,2674,Bronx,Bronx,0.00627968913900001,0.441576886892527,0.435297197753527,2021.09787997579,2021.10415966493,1
3655,3656,Bronx,Bronx,0.005864694384,0.44177541718316,0.43591072279916,2021.09849350084,2021.10435819522,1
3307,3308,Bronx,Bronx,0.06719050773,0.44178219732994,0.37459168959994,2021.03717446764,2021.10436497537,1
2971,2973,NewYork,NewYork,0.02974519696,0.4419625717289,0.4122173747689,2021.07480015281,2021.10454534977,1
2061,2062,NewYork,NewYork,0.1096091901,0.4420070302645,0.3323978401645,2020.9949806182,2021.10458980831,1
2701,2708,Queens,Queens,0.0331807006,0.442089087035507,0.408908386435507,2021.07149116448,2021.10467186508,1
3430,3431,Queens,Queens,0.00311045595999998,0.44239512572623,0.43928466976623,2021.10186744781,2021.10497790377,1
3488,3489,Bronx,Kings,0.1150092736,0.44242574006316,0.32741646646316,2020.9899992445,2021.1050085181,1
3039,3040,Bronx,Queens,0.2693506488,0.44247056349,0.17311991469,2020.83570269273,2021.10505334153,1
2396,2397,NewYork,NewYork,0.1055345021,0.4424775984222,0.3369430963222,2020.99952587436,2021.10506037646,1
3366,3367,Bronx,Bronx,0.2265184625,0.44248785797956,0.21596939547956,2020.87855217352,2021.10507063602,1
3875,3876,Bronx,Queens,0.08206631649,0.442571814919984,0.360505498429984,2021.02308827647,2021.10515459296,1
3180,3181,Bronx,Westchester,0.04082189301,0.44263008696356,0.40180819395356,2021.06439097199,2021.105212865,1
2892,2893,NewYork,Kings,0.03842599407,0.4429260930904,0.4045000990204,2021.06708287706,2021.10550887113,1
3703,3704,NewYork,Bronx,0.03134102383,0.44300019037455,0.41165916654455,2021.07424194459,2021.10558296842,1
2553,2554,Bronx,Bronx,0.04881754282,0.443148420092707,0.394330877272707,2021.05691365531,2021.10573119813,1
2376,2377,NewYork,NewYork,0.00484460126899999,0.4432168582872,0.4383722570182,2021.10095503506,2021.10579963633,1
2096,2097,Bronx,Bronx,0.01231986521,0.4432452054305,0.4309253402205,2021.09350811826,2021.10582798347,1
3894,3896,Bronx,Bronx,0.01120200979,0.443302194221784,0.432100184431784,2021.09468296247,2021.10588497226,1
4089,4090,NewYork,Kings,0.0838911461,0.44353041522095,0.35963926912095,2021.02222204716,2021.10611319326,1
3312,3313,Bronx,Bronx,0.00699434706800001,0.44360216384694,0.43660781677894,2021.09919059482,2021.10618494189,1
4100,4101,Nassau,Nassau,0.09171512202,0.443627006655,0.351911884635,2021.01449466268,2021.1062097847,1
3486,3487,Bronx,NewYork,0.1202839718,0.44388696732316,0.32360299552316,2020.98618577356,2021.10646974536,1
2463,2464,Bronx,Bronx,0.00353452408600002,0.444009796582338,0.440475272496337,2021.10305805054,2021.10659257462,1
4062,4063,Bronx,Bronx,0.02100367165,0.44403898264095,0.42303531099095,2021.08561808903,2021.10662176068,1
3812,3813,Bronx,NewYork,0.1323226904,0.444085964950564,0.311763274550564,2020.97434605259,2021.10666874299,1
3552,3553,NewYork,NewYork,0.01226842383,0.44424371015726,0.43197528632726,2021.09455806437,2021.1068264882,1
2927,2928,NewYork,Bronx,0.02079108429,0.4443135649104,0.4235224806204,2021.08610525866,2021.10689634295,1
3689,3690,Kings,Kings,0.0322295028,0.44439252756025,0.41216302476025,2021.0747458028,2021.1069753056,1
3603,3635,Bronx,Bronx,0.1081235683,0.44441445920546,0.33629089090546,2020.99887366895,2021.10699723725,1
2944,889,Bronx,Bronx,0.1161268445,0.4445131123297,0.3283862678297,2020.99096904587,2021.10709589037,1
2816,758,Bronx,NewYork,0.01116293829,0.4445131123377,0.4333501740477,2021.09593295209,2021.10709589038,1
3480,1425,NewYork,NewYork,0.00846745800799997,0.44451311233996,0.43604565433196,2021.09862843237,2021.10709589038,1
3065,1008,NewYork,NewYork,0.00840134904700002,0.44451311234,0.436111763293,2021.09869454133,2021.10709589038,1
3065,1009,NewYork,NewYork,0.00840134904700002,0.44451311234,0.436111763293,2021.09869454133,2021.10709589038,1
3028,974,NewYork,Bronx,0.06677478205,0.4445131123411,0.3777383302911,2021.04032110833,2021.10709589038,1
3613,1557,Kings,Kings,0.07560622666,0.44451311234146,0.36890688568146,2021.03148966372,2021.10709589038,1
3606,1548,Bronx,Queens,0.05264215073,0.44451311234146,0.39187096161146,2021.05445373965,2021.10709589038,1
3656,1602,Bronx,Westchester,0.00273769515900002,0.44451311234216,0.44177541718316,2021.10435819522,2021.10709589038,1
2196,140,Bronx,Bronx,0.1057813202,0.4445131123433,0.3387317921433,2021.00131457018,2021.10709589038,1
3599,1544,Kings,Kings,0.00675832146299998,0.44451311234346,0.43775479088046,2021.10033756892,2021.10709589038,1
3914,1858,Bronx,NewYork,0.00876926403,0.444513112343784,0.435743848313784,2021.09832662635,2021.10709589038,1
3629,1572,Kings,NewYork,0.00686446725399997,0.4445131123438,0.4376486450898,2021.10023142313,2021.10709589038,1
3813,1758,NewYork,NewYork,0.00042714739330002,0.444513112343864,0.444085964950564,2021.10666874299,2021.10709589038,1
4023,1970,NewYork,NewYork,0.01859699175,0.44451311234425,0.42591612059425,2021.08849889863,2021.10709589038,1
3431,1377,Queens,Queens,0.002117986618,0.44451311234423,0.44239512572623,2021.10497790377,2021.10709589038,1
3182,1125,NewYork,NewYork,0.00601412051099998,0.44451311234456,0.43849899183356,2021.10108176987,2021.10709589038,1
3181,1123,Westchester,Westchester,0.00188302538099999,0.44451311234456,0.44263008696356,2021.105212865,2021.10709589038,1
3181,1124,Westchester,Westchester,0.00188302538099999,0.44451311234456,0.44263008696356,2021.105212865,2021.10709589038,1
3484,1430,Bronx,Bronx,0.04022062626,0.44451311234546,0.40429248608546,2021.06687526413,2021.10709589039,1
4052,1997,NewYork,Nassau,0.00997598521100002,0.44451311234595,0.43453712713495,2021.09711990518,2021.10709589039,1
3916,1860,NewYork,NewYork,0.01326882982,0.444513112348784,0.431244282528784,2021.09382706057,2021.10709589039,1
4060,2007,NewYork,Bronx,0.01837841766,0.44451311234895,0.42613469468895,2021.08871747273,2021.10709589039,1
3689,1634,Kings,Kings,0.0323500876,0.44451311236025,0.41216302476025,2021.0747458028,2021.1070958904,1
2315,259,Suffolk,Westchester,0.02108601048,0.4445131123632,0.4234271018832,2021.08600987992,2021.1070958904,1
3012,956,Queens,Queens,0.02402140686,0.4445131123649,0.4204917055049,2021.08307448355,2021.10709589041,1
2403,350,NewYork,NewYork,0.00890521937100003,0.4445131123662,0.4356078929952,2021.09819067104,2021.10709589041,1
2461,407,Bronx,Bronx,0.02901547609,0.444513112368338,0.415497636278338,2021.07808041432,2021.10709589041,1
2096,42,Bronx,Bronx,0.01358777215,0.4445131123705,0.4309253402205,2021.09350811826,2021.10709589041,1
2114,59,Bronx,Kings,0.0966065532,0.4445131123744,0.3479065591744,2021.01048933721,2021.10709589041,1
2784,2786,Bronx,Bronx,0.1086608231,0.444611809728,0.335950986628,2020.99853376467,2021.10719458777,1
2335,2336,Bronx,Bronx,0.07617420993,0.4446746391153,0.3685004291853,2021.03108320723,2021.10725741716,1
2611,2615,NewYork,Kings,0.03445467936,0.444721681627507,0.410267002267507,2021.07284978031,2021.10730445967,1
2252,2253,NewYork,NewYork,0.01387041423,0.4447589778603,0.4308885636303,2021.09347134167,2021.1073417559,1
3776,3777,NewYork,NewYork,0.03618792323,0.44492980098195,0.40874187775195,2021.07132465579,2021.10751257902,1
3216,3217,NewYork,NewYork,0.05404678285,0.44499034237156,0.39094355952156,2021.05352633756,2021.10757312041,1
2866,2867,Queens,Queens,0.003560182769,0.4450041784224,0.4414439956534,2021.10402677369,2021.10758695646,1
2590,2591,Bronx,Bronx,0.01060289684,0.445028054643813,0.434425157803813,2021.09700793584,2021.10761083268,1
3994,3995,NewYork,Queens,0.00765489551199999,0.44537428885805,0.43771939334605,2021.10030217139,2021.1079570669,1
3599,3600,Kings,Kings,0.00777417443799999,0.44552896531846,0.43775479088046,2021.10033756892,2021.10811174336,1
2932,2933,Suffolk,Suffolk,0.01754593161,0.4456084624504,0.4280625308404,2021.09064530888,2021.10819124049,1
2437,2438,Nassau,Nassau,0.02229819894,0.4456161622792,0.4233179633392,2021.08590074138,2021.10819894032,1
2681,2686,Bronx,Bronx,0.00495047070400001,0.445638731568607,0.440688260864607,2021.1032710389,2021.10822150961,1
3920,3922,Bronx,Bronx,0.00464364111499999,0.445768972566884,0.441125331451884,2021.10370810949,2021.10835175061,1
3528,3529,NewYork,NewYork,0.1236448027,0.44577094691746,0.32212614421746,2020.98470892226,2021.10835372496,1
3505,3506,Bronx,Bronx,0.08679289317,0.44579635686096,0.35900346369096,2021.02158624173,2021.1083791349,1
3553,3554,NewYork,NewYork,0.00163716237299999,0.44588087253026,0.44424371015726,2021.1068264882,2021.10846365057,1
2794,2795,NewYork,NewYork,0.00549049031600002,0.44600820261,0.440517712294,2021.10310049033,2021.10859098065,1
3208,3209,Bronx,Queens,0.1346167159,0.44615085715556,0.31153414125556,2020.9741169193,2021.1087336352,1
2308,2309,Bronx,Bronx,0.07317932568,0.4462079313292,0.3730286056492,2021.03561138369,2021.10879070937,1
2265,2266,Bronx,Westchester,0.05371184954,0.4462762869393,0.3925644373993,2021.05514721544,2021.10885906498,1
2975,2976,Bronx,Bronx,0.08666404965,0.4462785452069,0.3596144955569,2021.0221972736,2021.10886132325,1
3283,3284,Bronx,Bronx,0.08080981449,0.44638598670699,0.36557617221699,2021.02815895026,2021.10896876475,1
3933,3941,Bronx,NewYork,0.03603334651,0.446411287088984,0.410377940578984,2021.07296071862,2021.10899406513,1
3232,3235,Bronx,Bronx,0.00618374861799997,0.44667556414956,0.44049181553156,2021.10307459357,2021.10925834219,1
2128,2129,Bronx,Bronx,0.02342970885,0.44668789806906,0.42325818921906,2021.08584096726,2021.10927067611,1
3876,3877,Queens,Queens,0.00416634506399999,0.446738159983984,0.442571814919984,2021.10515459296,2021.10932093802,1
2115,2116,Bronx,Bronx,0.09930541868,0.44724841615606,0.34794299747606,2021.01052577552,2021.1098311942,1
2914,2915,NewYork,Bronx,0.08778926872,0.4472836877325,0.3594944190125,2021.02207719705,2021.10986646577,1
3922,3923,Bronx,Bronx,0.00154938917300002,0.447318361739884,0.445768972566884,2021.10835175061,2021.10990113978,1
3235,3236,Bronx,Bronx,0.000679291743700017,0.44735485589326,0.44667556414956,2021.10925834219,2021.10993763393,1
3221,3222,Bronx,Bronx,0.03737442795,0.44737427573156,0.40999984778156,2021.07258262582,2021.10995705377,1
3554,3555,NewYork,NewYork,0.00156724335399999,0.44744811588426,0.44588087253026,2021.10846365057,2021.11003089392,1
3255,1201,Bronx,NewYork,0.1608843925,0.44751311233756,0.28662871983756,2020.94921149788,2021.11009589038,1
2976,918,Bronx,Bronx,0.00123456713300002,0.4475131123399,0.4462785452069,2021.10886132325,2021.11009589038,1
3090,1035,Queens,Queens,0.00857463302400002,0.44751311234,0.438938479316,2021.10152125736,2021.11009589038,1
2927,871,NewYork,NewYork,0.02399063172,0.4475131123404,0.4235224806204,2021.08610525866,2021.11009589038,1
3467,1411,Bronx,Bronx,0.06910588653,0.44751311234046,0.37840722581046,2021.04099000385,2021.11009589038,1
3410,1355,NewYork,NewYork,0.01055771329,0.44751311234156,0.43695539905156,2021.09953817709,2021.11009589038,1
2817,759,Bronx,Bronx,0.00822244078700002,0.4475131123417,0.4392906715547,2021.1018734496,2021.11009589038,1
2912,856,NewYork,NewYork,0.09983186445,0.447513112342,0.347681247892,2021.01026402593,2021.11009589038,1
3064,1007,Bronx,Bronx,0.01403756562,0.447513112342,0.433475546722,2021.09605832476,2021.11009589038,1
3284,1229,Bronx,Bronx,0.001127125635,0.44751311234199,0.44638598670699,2021.10896876475,2021.11009589038,1
3780,1726,Bronx,Bronx,0.00968155123199999,0.44751311234395,0.43783156111195,2021.10041433915,2021.11009589038,1
3777,1722,NewYork,NewYork,0.00258331136200002,0.44751311234395,0.44492980098195,2021.10751257902,2021.11009589038,1
3750,1698,NewYork,NewYork,0.07785059303,0.44751311234525,0.36966251931525,2021.03224529736,2021.11009589039,1
3504,1450,Bronx,Bronx,0.00597416165999998,0.44751311234696,0.44153895068696,2021.10412172873,2021.11009589039,1
2943,887,NewYork,NewYork,0.01365123624,0.4475131123487,0.4338618761087,2021.09644465415,2021.11009589039,1
4029,1976,NewYork,Queens,0.01315207211,0.44751311235025,0.43436104024025,2021.09694381828,2021.11009589039,1
2102,47,Bronx,Kings,0.1423000626,0.4475131123565,0.3052130497565,2020.9677958278,2021.1100958904,1
2532,478,Nassau,Nassau,0.04116227864,0.447513112364807,0.406350833724807,2021.06893361177,2021.11009589041,1
2641,586,Bronx,Bronx,0.00973814042100002,0.447513112365527,0.437774971944527,2021.10035774999,2021.11009589041,1
2097,44,Bronx,NewYork,0.00426790693599999,0.4475131123665,0.4432452054305,2021.10582798347,2021.11009589041,1
2574,518,Bronx,Queens,0.00755373280100002,0.447513112366813,0.439959379565813,2021.10254215761,2021.11009589041,1
2093,38,NewYork,NewYork,0.0453412165,0.4475131123675,0.4021718958675,2021.06475467391,2021.11009589041,1
2750,701,Bronx,NewYork,0.05358731675,0.447513112369,0.393925795619,2021.05650857366,2021.11009589041,1
2299,246,Bronx,NewYork,0.2181832516,0.4475131123802,0.2293298607802,2020.89191263882,2021.11009589042,1
3400,1347,NewYork,NewYork,0.07296493475,0.44751311238696,0.37454817763696,2021.03713095568,2021.11009589043,1
3754,3755,NewYork,NewYork,0.00603449915199999,0.44758017561025,0.44154567645825,2021.1041284545,2021.11016295365,1
3018,3019,Bronx,Bronx,0.01874398822,0.4476563104019,0.4289123221819,2021.09149510022,2021.11023908844,1
2232,2236,NewYork,NewYork,0.04478484201,0.4476820576003,0.4028972155903,2021.06547999363,2021.11026483564,1
3784,3785,Bronx,NewYork,0.0681519847,0.44786312970955,0.37971114500955,2021.04229392305,2021.11044590775,1
2438,2439,Nassau,Nassau,0.00237800530400001,0.4479941675832,0.4456161622792,2021.10819894032,2021.11057694562,1
2362,2366,Bronx,NewYork,0.00824874392000002,0.4480374785657,0.4397887346457,2021.10237151269,2021.11062025661,1
3720,3721,Kings,Kings,0.018888936,0.44843185975435,0.42954292375435,2021.09212570179,2021.11101463779,1
2945,2946,Bronx,Queens,0.1169427279,0.4487676883917,0.3318249604917,2020.99440773853,2021.11135046643,1
4025,4026,Kings,Kings,0.00824353895000002,0.44882795918125,0.44058442023125,2021.10316719827,2021.11141073722,1
3410,3411,NewYork,NewYork,0.01196085931,0.44891625836156,0.43695539905156,2021.09953817709,2021.1114990364,1
3995,3999,Queens,Queens,0.00365816771600003,0.44903245657405,0.44537428885805,2021.1079570669,2021.11161523461,1
2708,2711,Queens,Queens,0.00701254631600001,0.449101633351507,0.442089087035507,2021.10467186508,2021.11168441139,1
2591,2592,Bronx,Bronx,0.00411299740900001,0.449141052052813,0.445028054643813,2021.10761083268,2021.11172383009,1
3922,3925,Bronx,Bronx,0.00338949643999997,0.449158469006884,0.445768972566884,2021.10835175061,2021.11174124705,1
3555,3556,NewYork,NewYork,0.001727881155,0.44917599703926,0.44744811588426,2021.11003089392,2021.11175877508,1
2641,2642,Bronx,NewYork,0.01148918011,0.449264152054527,0.437774971944527,2021.10035774999,2021.11184693009,1
2782,724,Bronx,Bronx,0.1769929505,0.449513112298,0.272520161798,2020.93510293984,2021.11209589034,1
3642,1589,NewYork,NewYork,0.1342720147,0.449513112307471,0.315241097607471,2020.97782387565,2021.11209589035,1
3262,1207,Bronx,Bronx,0.1099984247,0.44951311232686,0.33951468762686,2021.00209746567,2021.11209589037,1
3556,1501,NewYork,Queens,0.000337115298700008,0.44951311233796,0.44917599703926,2021.11175877508,2021.11209589038,1
3648,1594,NewYork,NewYork,0.02206276385,0.44951311233916,0.42745034848916,2021.09003312653,2021.11209589038,1
3873,1819,Bronx,NewYork,0.09991725076,0.449513112340984,0.349595861580984,2021.01217863962,2021.11209589038,1
2835,780,Bronx,Nassau,0.07611117723,0.449513112341,0.373401935111,2021.03598471315,2021.11209589038,1
2822,764,Queens,Queens,0.04933533361,0.449513112341,0.400177778731,2021.06276055677,2021.11209589038,1
3040,985,Queens,Queens,0.00704254885099997,0.449513112341,0.44247056349,2021.10505334153,2021.11209589038,1
3641,1588,NewYork,NewYork,0.1405691296,0.449513112341471,0.308943982741471,2020.97152676078,2021.11209589038,1
3264,1208,Bronx,Queens,0.03409777555,0.44951311234196,0.41541533679196,2021.07799811483,2021.11209589038,1
3780,1725,Bronx,Bronx,0.01168155123,0.44951311234195,0.43783156111195,2021.10041433915,2021.11209589038,1
3844,1788,Bronx,NewYork,0.02628439455,0.449513112343264,0.423228717793264,2021.08581149583,2021.11209589038,1
3914,1857,Bronx,Bronx,0.01376926403,0.449513112343784,0.435743848313784,2021.09832662635,2021.11209589038,1
3411,1356,NewYork,NewYork,0.000596853982300027,0.44951311234386,0.44891625836156,2021.1114990364,2021.11209589038,1
3236,1181,Bronx,NewYork,0.00215825645099998,0.44951311234426,0.44735485589326,2021.10993763393,2021.11209589038,1
3712,1655,Kings,Kings,0.04969110888,0.44951311234455,0.39982200346455,2021.0624047815,2021.11209589039,1
3176,1120,NewYork,NewYork,0.05692055824,0.44951311234556,0.39259255410556,2021.05517533215,2021.11209589039,1
3874,1820,Bronx,Bronx,0.09892113473,0.449513112345984,0.350591977615984,2021.01317475566,2021.11209589039,1
3398,1345,Bronx,Kings,0.02822026548,0.44951311234676,0.42129284686676,2021.08387562491,2021.11209589039,1
3630,1573,Kings,Kings,0.01153163858,0.4495131123488,0.4379814737688,2021.10056425181,2021.11209589039,1
4060,2006,NewYork,NewYork,0.02337841766,0.44951311234895,0.42613469468895,2021.08871747273,2021.11209589039,1
3567,1513,Nassau,Nassau,0.02261995189,0.44951311235146,0.42689316046146,2021.0894759385,2021.11209589039,1
2280,224,Bronx,Westchester,0.04886322922,0.4495131123643,0.4006498831443,2021.06323266118,2021.1120958904,1
2151,96,Bronx,Nassau,0.0170202558,0.4495131123645,0.4324928565645,2021.0950756346,2021.11209589041,1
2403,349,NewYork,NewYork,0.01390521937,0.4495131123652,0.4356078929952,2021.09819067104,2021.11209589041,1
2366,311,NewYork,NewYork,0.00147563380900001,0.4495131123747,0.4480374785657,2021.11062025661,2021.11209589042,1
2331,276,Bronx,NewYork,0.1121521008,0.4495131123996,0.3373610115996,2020.99994378964,2021.11209589044,1
4064,4066,Bronx,Bronx,0.00942452535100002,0.44959175747395,0.44016723212295,2021.10275001016,2021.11217453551,1
2981,2982,Bronx,Richmond,0.1688421037,0.4496073858899,0.2807652821899,2020.94334806023,2021.11219016393,1
3650,3651,NewYork,Bronx,0.151707419,0.44965432068916,0.29794690168916,2020.96052967973,2021.11223709873,1
2642,2643,NewYork,NewYork,0.000617696331299988,0.449881848385827,0.449264152054527,2021.11184693009,2021.11246462643,1
2582,2603,Bronx,Bronx,0.06106597675,0.449954298562813,0.388888321812813,2021.05147109985,2021.1125370766,1
2175,2176,Bronx,Bronx,0.01002259734,0.4499648443813,0.4399422470413,2021.10252502508,2021.11254762242,1
2958,2960,Kings,Kings,0.05511329298,0.450080942395,0.394967649415,2021.05755042746,2021.11266372044,1
4064,4065,Bronx,NewYork,0.0100593808,0.45022661292295,0.44016723212295,2021.10275001016,2021.11280939096,1
2977,2979,Bronx,Bronx,0.02517194561,0.4503755934969,0.4252036478869,2021.08778642593,2021.11295837154,1
3703,3710,NewYork,Bronx,0.03896155925,0.45062072579455,0.41165916654455,2021.07424194459,2021.11320350383,1
2243,2245,NewYork,Kings,0.0137094999,0.4506553709173,0.4369458710173,2021.09952864906,2021.11323814896,1
2141,2142,Bronx,NewYork,0.1157109499,0.4507037697505,0.3349928198505,2020.99757559789,2021.11328654779,1
2592,2593,Bronx,Bronx,0.00164192759999998,0.450782979652813,0.449141052052813,2021.11172383009,2021.11336575769,1
2176,2177,Bronx,Bronx,0.00110635369599998,0.4510711980773,0.4499648443813,2021.11254762242,2021.11365397612,1
2294,2295,Bronx,Nassau,0.05988605104,0.4511031103733,0.3912170593333,2021.05379983737,2021.11368588841,1
3439,3440,NewYork,NewYork,0.1193198809,0.45115853426156,0.33183865336156,2020.9944214314,2021.1137413123,1
3222,3223,Bronx,Bronx,0.00382122836799997,0.45119550409956,0.44737427573156,2021.10995705377,2021.11377828214,1
3836,3837,Bronx,Bronx,0.00985612149600001,0.451228019221264,0.441371897725264,2021.10395467577,2021.11381079726,1
2449,2450,Bronx,Bronx,0.1528949504,0.451282513546937,0.298387563146937,2020.96097034119,2021.11386529159,1
2674,2675,Bronx,Bronx,0.009735011771,0.451311898663527,0.441576886892527,2021.10415966493,2021.1138946767,1
2708,2709,Queens,Queens,0.009269793144,0.451358880179507,0.442089087035507,2021.10467186508,2021.11394165822,1
3130,3131,NewYork,Queens,0.111634009,0.451394644861,0.339760635861,2021.0023434139,2021.1139774229,1
2588,2589,Bronx,Queens,0.02615050873,0.451403147074813,0.425252638344813,2021.08783541639,2021.11398592512,1
3941,3947,NewYork,NewYork,0.00501336531199997,0.451424652400984,0.446411287088984,2021.10899406513,2021.11400743044,1
2593,2594,Bronx,Bronx,0.000714811626099987,0.451497791278913,0.450782979652813,2021.11336575769,2021.11408056932,1
3920,3921,Bronx,Bronx,0.01055090655,0.451676238001884,0.441125331451884,2021.10370810949,2021.11425901604,1
4020,4021,Bronx,Bronx,0.07169240682,0.45182484916325,0.38013244234325,2021.04271522038,2021.1144076272,1
2344,2345,Bronx,Bronx,0.03295120653,0.4519202472277,0.4189690406977,2021.08155181874,2021.11450302527,1
4095,4096,Bronx,Kings,0.01530465028,0.45195042930895,0.43664577902895,2021.09922855707,2021.11453320735,1
2751,2752,Queens,Kings,0.04953623766,0.452069433735,0.402533196075,2021.06511597412,2021.11465221178,1
3296,3297,Bronx,Bronx,0.01753792905,0.45211268622299,0.43457475717299,2021.09715753521,2021.11469546426,1
3075,3077,Bronx,Bronx,0.05056921824,0.45236817249,0.40179895425,2021.06438173229,2021.11495095053,1
3334,3335,Bronx,Bronx,0.01914407649,0.45246305547954,0.43331897898954,2021.09590175703,2021.11504583352,1
3144,1092,Bronx,Kings,0.3568004979,0.4525131123025,0.0957126144025,2020.75829539244,2021.11509589034,1
3686,1631,NewYork,Queens,0.1514644998,0.45251311230825,0.30104861250825,2020.96363139055,2021.11509589035,1
3020,965,Bronx,NewYork,0.1477553322,0.4525131123179,0.3047577801179,2020.96734055816,2021.11509589036,1
3046,988,Bronx,Kings,0.1128320507,0.452513112318,0.339681061618,2021.00226383966,2021.11509589036,1
3333,1278,Bronx,Kings,0.01580584717,0.45251311233454,0.43670726516454,2021.0992900432,2021.11509589037,1
3286,1232,Bronx,Bronx,0.0838060251,0.45251311233499,0.36870708723499,2021.03128986528,2021.11509589038,1
3056,998,Bronx,Bronx,0.01249488666,0.452513112338,0.440018225678,2021.10260100372,2021.11509589038,1
2802,743,Bronx,Queens,0.02985629458,0.452513112341,0.422656817761,2021.0852395958,2021.11509589038,1
4062,2008,Bronx,Bronx,0.02947780135,0.45251311234095,0.42303531099095,2021.08561808903,2021.11509589038,1
3017,961,Bronx,Westchester,0.09667447312,0.4525131123419,0.3558386392219,2021.01842141726,2021.11509589038,1
3794,1739,NewYork,Kings,0.07662293245,0.452513112342564,0.375890179892564,2021.03847295793,2021.11509589038,1
2862,802,Nassau,Queens,0.01804059993,0.4525131123424,0.4344725124124,2021.09705529045,2021.11509589038,1
2862,803,Nassau,Suffolk,0.01804059993,0.4525131123424,0.4344725124124,2021.09705529045,2021.11509589038,1
3827,1771,Bronx,NewYork,0.09307265673,0.452513112343264,0.359440455613264,2021.02202323365,2021.11509589038,1
3600,1545,Kings,Kings,0.006984147025,0.45251311234346,0.44552896531846,2021.10811174336,2021.11509589038,1
3877,1821,Queens,Queens,0.00577495235999997,0.452513112343984,0.446738159983984,2021.10932093802,2021.11509589038,1
3877,1822,Queens,Queens,0.00577495235999997,0.452513112343984,0.446738159983984,2021.10932093802,2021.11509589038,1
3921,1865,Bronx,NewYork,0.000836874342100002,0.452513112343984,0.451676238001884,2021.11425901604,2021.11509589038,1
3921,1866,Bronx,Bronx,0.000836874342100002,0.452513112343984,0.451676238001884,2021.11425901604,2021.11509589038,1
3836,1780,Bronx,Bronx,0.01114121462,0.452513112345264,0.441371897725264,2021.10395467577,2021.11509589039,1
3250,1196,Bronx,Bronx,0.08571317547,0.45251311234556,0.36679993687556,2021.02938271492,2021.11509589039,1
3754,1699,NewYork,NewYork,0.01096743589,0.45251311234825,0.44154567645825,2021.1041284545,2021.11509589039,1
2890,833,NewYork,Queens,0.1253706153,0.4525131123504,0.3271424970504,2020.98972527509,2021.11509589039,1
3681,1627,Bronx,NewYork,0.02240224636,0.45251311235125,0.43011086599125,2021.09269364403,2021.11509589039,1
2985,931,Bronx,NewYork,0.1447611904,0.4525131123521,0.3077519219521,2020.97033469999,2021.11509589039,1
2430,376,Nassau,Nassau,0.07967250426,0.4525131123622,0.3728406081022,2021.03542338614,2021.1150958904,1
2543,490,Bronx,Kings,0.06970722035,0.452513112363507,0.382805892013507,2021.04538867005,2021.1150958904,1
2640,585,Bronx,NewYork,0.02471629081,0.452513112364527,0.427796821554527,2021.0903795996,2021.1150958904,1
2593,538,Bronx,Kings,0.00173013271200001,0.452513112364813,0.450782979652813,2021.11336575769,2021.11509589041,1
2642,587,NewYork,NewYork,0.00324896031100003,0.452513112365527,0.449264152054527,2021.11184693009,2021.11509589041,1
2982,927,Richmond,Richmond,0.00290572647699999,0.4525131123669,0.4496073858899,2021.11219016393,2021.11509589041,1
2610,556,NewYork,Bronx,0.05457082261,0.452513112367507,0.397942289757507,2021.0605250678,2021.11509589041,1
2130,75,Bronx,NewYork,0.01748682495,0.45251311236906,0.43502628741906,2021.09760906546,2021.11509589041,1
2437,382,Nassau,Nassau,0.02919514903,0.4525131123692,0.4233179633392,2021.08590074138,2021.11509589041,1
2531,477,Nassau,Nassau,0.1124079443,0.452513112369807,0.340105168069807,2021.00268794611,2021.11509589041,1
2377,322,NewYork,Richmond,0.00929625408899998,0.4525131123762,0.4432168582872,2021.10579963633,2021.11509589042,1
4076,2024,Bronx,Nassau,0.1637682,0.45251311238595,0.28874491238595,2020.95132769043,2021.11509589043,1
3257,1203,Bronx,Queens,0.1600483598,0.45251311238686,0.29246475258686,2020.95504753063,2021.11509589043,1
3542,3543,NewYork,Bronx,0.04742483869,0.45256836969856,0.40514353100856,2021.06772630905,2021.11515114774,1
2344,2352,Bronx,Bronx,0.0336823937,0.4526514343977,0.4189690406977,2021.08155181874,2021.11523421244,1
2973,2974,NewYork,NewYork,0.01074466873,0.4527072404589,0.4419625717289,2021.10454534977,2021.1152900185,1
3923,3924,Bronx,Bronx,0.00568685827999998,0.453005220019884,0.447318361739884,2021.10990113978,2021.11558799806,1
3896,3897,Bronx,Bronx,0.00971712558100002,0.453019319802784,0.443302194221784,2021.10588497226,2021.11560209784,1
3565,3566,NewYork,NewYork,0.05176893921,0.45336289379146,0.40159395458146,2021.06417673262,2021.11594567183,1
2087,2092,Bronx,Queens,0.04931338766,0.4534734319875,0.4041600443275,2021.06674282237,2021.11605621003,1
3297,3298,Bronx,Bronx,0.00146780406500002,0.45358049028799,0.45211268622299,2021.11469546426,2021.11616326833,1
2439,2440,Nassau,Nassau,0.005626355227,0.4536205228102,0.4479941675832,2021.11057694562,2021.11620330085,1
3308,3309,Bronx,Bronx,0.01208530111,0.45386749843994,0.44178219732994,2021.10436497537,2021.11645027648,1
2842,2844,Bronx,Bronx,0.1229197452,0.45387741544349,0.33095767024349,2020.99354044828,2021.11646019348,1
2177,2179,Bronx,Bronx,0.003478796166,0.4545499942433,0.4510711980773,2021.11365397612,2021.11713277228,1
3049,3050,Bronx,Bronx,0.02707418962,0.454789090657,0.427714901037,2021.09029767908,2021.1173718687,1
2795,2796,NewYork,NewYork,0.00891911992299999,0.454927322533,0.44600820261,2021.10859098065,2021.11751010057,1
3556,3557,NewYork,NewYork,0.00578148011200003,0.45495747715126,0.44917599703926,2021.11175877508,2021.11754025519,1
2913,857,NewYork,NewYork,0.107400562,0.4555131123125,0.3481125503125,2021.01069532835,2021.11809589035,1
3333,1279,Bronx,Westchester,0.01880584717,0.45551311233454,0.43670726516454,2021.0992900432,2021.11809589037,1
3417,1362,NewYork,NewYork,0.02349751191,0.45551311233743,0.43201560042743,2021.09459837847,2021.11809589038,1
3287,1233,Bronx,Bronx,0.08230986111,0.45551311233799,0.37320325122799,2021.03578602927,2021.11809589038,1
3309,1254,Bronx,NewYork,0.00164561389899998,0.45551311233894,0.45386749843994,2021.11645027648,2021.11809589038,1
3309,1255,Bronx,Bronx,0.00164561389899998,0.45551311233894,0.45386749843994,2021.11645027648,2021.11809589038,1
3334,1280,Bronx,Kings,0.02219413335,0.45551311233954,0.43331897898954,2021.09590175703,2021.11809589038,1
3308,1253,Bronx,Bronx,0.01373091501,0.45551311233994,0.44178219732994,2021.10436497537,2021.11809589038,1
4063,2009,Bronx,Queens,0.0114741297,0.45551311234095,0.44403898264095,2021.10662176068,2021.11809589038,1
3216,1160,NewYork,NewYork,0.06456955282,0.45551311234156,0.39094355952156,2021.05352633756,2021.11809589038,1
3444,1391,Queens,Queens,0.01826412566,0.45551311234156,0.43724898668156,2021.09983176472,2021.11809589038,1
3661,1605,NewYork,NewYork,0.04819202541,0.45551311234386,0.40732108693386,2021.06990386497,2021.11809589038,1
3353,1301,Bronx,Queens,0.02205766583,0.45551311234466,0.43345544651466,2021.09603822456,2021.11809589039,1
2484,431,Bronx,NewYork,0.1497802373,0.455513112344937,0.305732875044937,2020.96831565309,2021.11809589039,1
3837,1781,Bronx,Bronx,0.00428509312800002,0.455513112349264,0.451228019221264,2021.11381079726,2021.11809589039,1
3865,1809,Bronx,NewYork,0.01948490546,0.455513112350284,0.436028206890284,2021.09861098493,2021.11809589039,1
2148,92,Bronx,Bronx,0.03680131686,0.4555131123645,0.4187117955045,2021.08129457354,2021.1180958904,1
2615,561,Kings,Kings,0.01079143074,0.455513112367507,0.444721681627507,2021.10730445967,2021.11809589041,1
2755,698,Queens,Queens,0.02453569423,0.455513112368,0.430977418138,2021.09356019618,2021.11809589041,1
2578,523,Westchester,Westchester,0.07681039223,0.455513112368813,0.378702720138813,2021.04128549818,2021.11809589041,1
2210,155,Bronx,Queens,0.01553639575,0.4555131123704,0.4399767166204,2021.10255949466,2021.11809589041,1
2084,27,NewYork,NewYork,0.02874032763,0.4555131123705,0.4267727847405,2021.08935556278,2021.11809589041,1
2097,43,Bronx,Bronx,0.01226790694,0.4555131123705,0.4432452054305,2021.10582798347,2021.11809589041,1
2336,280,Bronx,Bronx,0.01083847326,0.4555131123753,0.4446746391153,2021.10725741716,2021.11809589042,1
3075,3076,Bronx,NewYork,0.0537717163,0.45557067055,0.40179895425,2021.06438173229,2021.11815344859,1
2210,2211,Bronx,Bronx,0.0158867964,0.4558635130204,0.4399767166204,2021.10255949466,2021.11844629106,1
3848,3849,Bronx,Bronx,0.09095499927,0.456038970930184,0.365083971660184,2021.0276667497,2021.11862174897,1
2116,2117,Bronx,Bronx,0.00918834461700002,0.45643676077306,0.44724841615606,2021.1098311942,2021.11901953881,1
4066,4068,Bronx,Bronx,0.00685079317199999,0.45644255064595,0.44959175747395,2021.11217453551,2021.11902532869,1
2281,2282,Bronx,Bronx,0.05410230901,0.4565799057693,0.4024775967593,2021.0650603748,2021.11916268381,1
3298,3300,Bronx,Bronx,0.00328788118399997,0.45686837147199,0.45358049028799,2021.11616326833,2021.11945114951,1
3513,3514,Bronx,Bronx,0.02906753186,0.45691360213896,0.42784607027896,2021.09042884832,2021.11949638018,1
2643,2644,NewYork,NewYork,0.00709079437400001,0.456972642759827,0.449881848385827,2021.11246462643,2021.1195554208,1
3313,3314,Bronx,Bronx,0.01354163724,0.45714380108694,0.44360216384694,2021.10618494189,2021.11972657913,1
2282,2286,Bronx,Bronx,0.000640730221700025,0.457220635991,0.4565799057693,2021.11916268381,2021.11980341403,1
2817,2818,Bronx,Bronx,0.01865268282,0.4579433543747,0.4392906715547,2021.1018734496,2021.12052613242,1
3587,3588,Bronx,Bronx,0.03526087589,0.45810416332246,0.42284328743246,2021.08542606547,2021.12068694136,1
3975,3976,Queens,Queens,0.02338722967,0.45814576817495,0.43475853850495,2021.09734131655,2021.12072854622,1
3284,3285,Bronx,Bronx,0.01181331455,0.45819930125699,0.44638598670699,2021.10896876475,2021.1207820793,1
3090,1036,Queens,Queens,0.01957463302,0.458513112336,0.438938479316,2021.10152125736,2021.12109589038,1
3755,1700,NewYork,NewYork,0.01093293673,0.45851311234025,0.44758017561025,2021.11016295365,2021.12109589038,1
2979,922,Bronx,Bronx,0.00813751884399999,0.4585131123409,0.4503755934969,2021.11295837154,2021.12109589038,1
2825,768,Nassau,Nassau,0.03453516591,0.458513112342,0.423977946432,2021.08656072447,2021.12109589038,1
2796,736,NewYork,NewYork,0.00358578980899998,0.458513112342,0.454927322533,2021.11751010057,2021.12109589038,1
3925,1870,Bronx,Bronx,0.00935464333699998,0.458513112343884,0.449158469006884,2021.11174124705,2021.12109589038,1
3770,1717,Bronx,Bronx,0.01752354525,0.45851311234425,0.44098956709425,2021.10357234513,2021.12109589038,1
3770,1718,Bronx,Bronx,0.01752354525,0.45851311234425,0.44098956709425,2021.10357234513,2021.12109589038,1
3849,1793,Bronx,Bronx,0.00247414141399999,0.458513112344184,0.456038970930184,2021.11862174897,2021.12109589038,1
4065,2011,NewYork,NewYork,0.00828649942300003,0.45851311234595,0.45022661292295,2021.11280939096,2021.12109589039,1
4065,2012,NewYork,Kings,0.00828649942300003,0.45851311234595,0.45022661292295,2021.11280939096,2021.12109589039,1
4021,1968,Bronx,Bronx,0.00668826318299998,0.45851311234625,0.45182484916325,2021.1144076272,2021.12109589039,1
3504,1451,Bronx,Kings,0.01697416166,0.45851311234696,0.44153895068696,2021.10412172873,2021.12109589039,1
2943,888,NewYork,Bronx,0.02465123624,0.4585131123487,0.4338618761087,2021.09644465415,2021.12109589039,1
3690,1635,Kings,Kings,0.0141205848,0.45851311236025,0.44439252756025,2021.1069753056,2021.1210958904,1
2397,342,NewYork,NewYork,0.01603551394,0.4585131123622,0.4424775984222,2021.10506037646,2021.1210958904,1
2389,334,NewYork,NewYork,0.02080828875,0.4585131123652,0.4377048236152,2021.10028760166,2021.12109589041,1
3359,1313,Nassau,Nassau,0.04373442234,0.45851311236756,0.41477869002756,2021.07736146807,2021.12109589041,1
2129,74,Bronx,Bronx,0.0118252143,0.45851311236906,0.44668789806906,2021.10927067611,2021.12109589041,1
2175,115,Bronx,Bronx,0.01857086533,0.4585131123713,0.4399422470413,2021.10252502508,2021.12109589041,1
2334,279,Bronx,Kings,0.09051422417,0.4585131123716,0.3679988882016,2021.03058166624,2021.12109589041,1
2118,63,Bronx,Bronx,0.09507169498,0.45851311237606,0.36344141739606,2021.02602419544,2021.12109589042,1
3361,3363,Nassau,Nassau,0.02680250377,0.45863219959256,0.43182969582256,2021.09441247386,2021.12121497763,1
2464,2465,Bronx,Bronx,0.01462987209,0.458639668672338,0.444009796582338,2021.10659257462,2021.12122244671,1
3768,3769,Bronx,Bronx,0.02488535901,0.45891652100995,0.43403116199995,2021.09661394004,2021.12149929905,1
3061,3062,Bronx,Bronx,0.0472344061,0.458947260942,0.411712854842,2021.07429563288,2021.12153003898,1
2709,2710,Queens,Queens,0.00761612822500002,0.458975008404507,0.451358880179507,2021.11394165822,2021.12155778645,1
2310,2311,Bronx,NewYork,0.1423955992,0.4590770342892,0.3166814350892,2020.97926421313,2021.12165981233,1
4026,4027,Kings,Kings,0.01032679109,0.45915475027125,0.44882795918125,2021.11141073722,2021.12173752831,1
2711,2712,Queens,Queens,0.0102748957,0.459376529051507,0.449101633351507,2021.11168441139,2021.12195930709,1
3619,3620,Bronx,Bronx,0.05448777967,0.4594693831226,0.4049816034526,2021.06756438149,2021.12205216116,1
3905,3906,Bronx,Bronx,0.026111503,0.459644892120984,0.433533389120984,2021.09611616716,2021.12222767016,1
3704,3708,Bronx,Bronx,0.01667829905,0.45967848942455,0.44300019037455,2021.10558296842,2021.12226126747,1
4068,4069,Bronx,Bronx,0.003422066349,0.45986461699495,0.45644255064595,2021.11902532869,2021.12244739504,1
3837,3838,Bronx,Bronx,0.00879845363800003,0.460026472859264,0.451228019221264,2021.11381079726,2021.1226092509,1
2366,2367,NewYork,Bronx,0.01199149038,0.4600289689457,0.4480374785657,2021.11062025661,2021.12261174699,1
4066,4067,Bronx,Bronx,0.01045964673,0.46005140420395,0.44959175747395,2021.11217453551,2021.12263418224,1
2511,2515,Bronx,Bronx,0.02914985031,0.460128436784107,0.430978586474107,2021.09356136451,2021.12271121482,1
2228,2229,Westchester,Westchester,0.02018705695,0.4604918105513,0.4403047536013,2021.10288753164,2021.12307458859,1
3015,960,Bronx,Bronx,0.1640532574,0.4605131123139,0.2964598549139,2020.95904263295,2021.12309589035,1
2928,872,Bronx,Bronx,0.01619954743,0.4605131123404,0.4443135649104,2021.10689634295,2021.12309589038,1
2928,873,Bronx,Bronx,0.01619954743,0.4605131123404,0.4443135649104,2021.10689634295,2021.12309589038,1
3411,1357,NewYork,Bronx,0.01159685398,0.46051311234156,0.44891625836156,2021.1114990364,2021.12309589038,1
2825,769,Nassau,Nassau,0.03653516591,0.460513112342,0.423977946432,2021.08656072447,2021.12309589038,1
3285,1231,Bronx,Bronx,0.00231381108500001,0.46051311234199,0.45819930125699,2021.1207820793,2021.12309589038,1
3574,1519,NewYork,NewYork,0.08330284978,0.46051311234246,0.37721026256246,2021.0397930406,2021.12309589038,1
3795,1740,NewYork,Bronx,0.0346774613,0.460513112342564,0.425835651042564,2021.08841842908,2021.12309589038,1
3728,1675,Westchester,Westchester,0.06828000179,0.46051311234525,0.39223311055525,2021.0548158886,2021.12309589039,1
3719,1663,Kings,Kings,0.03172598005,0.46051311235455,0.42878713230455,2021.09136991035,2021.1230958904,1
2594,539,Bronx,Bronx,0.00901532108600001,0.460513112364913,0.451497791278913,2021.11408056932,2021.12309589041,1
2253,2254,NewYork,NewYork,0.01592539795,0.4606843758103,0.4447589778603,2021.1073417559,2021.12326715385,1
2177,2178,Bronx,Bronx,0.01008944532,0.4611606433973,0.4510711980773,2021.11365397612,2021.12374342144,1
3682,3683,NewYork,NewYork,0.06456523633,0.46117603477125,0.39661079844125,2021.05919357648,2021.12375881281,1
2266,2267,Westchester,Westchester,0.01494715311,0.4612234400493,0.4462762869393,2021.10885906498,2021.12380621809,1
2409,2410,Bronx,Bronx,0.1594641278,0.4614004640932,0.3019363362932,2020.96451911433,2021.12398324213,1
4069,4070,Bronx,Bronx,0.00153687901100003,0.46140149600595,0.45986461699495,2021.12244739504,2021.12398427405,1
2643,2645,NewYork,Bronx,0.01175976374,0.461641612125827,0.449881848385827,2021.11246462643,2021.12422439017,1
3470,3471,Bronx,Bronx,0.03847938536,0.46165996747446,0.42318058211446,2021.08576336015,2021.12424274551,1
2254,2255,NewYork,NewYork,0.00115680334700002,0.4618411791573,0.4606843758103,2021.12326715385,2021.1244239572,1
2065,2071,Nassau,Nassau,0.04672445585,0.4618517615245,0.4151273056745,2021.07771008371,2021.12443453956,1
3300,3301,Bronx,Bronx,0.00499461374900001,0.46186298522099,0.45686837147199,2021.11945114951,2021.12444576326,1
4069,4071,Bronx,Bronx,0.00202819291099998,0.46189280990595,0.45986461699495,2021.12244739504,2021.12447558795,1
2465,2466,Bronx,Bronx,0.00346643271500002,0.462106101387338,0.458639668672338,2021.12122244671,2021.12468887943,1
2761,2762,Bronx,Bronx,0.03030560594,0.46213022446,0.43182461852,2021.09440739656,2021.1247130025,1
3236,3237,Bronx,Bronx,0.01494921721,0.46230407310326,0.44735485589326,2021.10993763393,2021.12488685114,1
2367,2368,Bronx,Bronx,0.00234082842700001,0.4623697973727,0.4600289689457,2021.12261174699,2021.12495257541,1
2594,2595,Bronx,Bronx,0.01128641484,0.462784206118913,0.451497791278913,2021.11408056932,2021.12536698416,1
3925,3926,Bronx,Bronx,0.01380347025,0.462961939256884,0.449158469006884,2021.11174124705,2021.1255447173,1
3602,1582,Bronx,Kings,0.1325167615,0.46351311232046,0.33099635082046,2020.99357912886,2021.12609589036,1
3271,1217,Bronx,Bronx,0.151283802,0.46351311233386,0.31222931033386,2020.97481208837,2021.12609589037,1
2304,249,Bronx,NewYork,0.1774316182,0.4635131123342,0.2860814941342,2020.94866427217,2021.12609589037,1
2979,923,Bronx,Bronx,0.01313751884,0.4635131123369,0.4503755934969,2021.11295837154,2021.12609589038,1
3082,1028,NewYork,NewYork,0.03113868988,0.463513112338,0.432374422458,2021.0949572005,2021.12609589038,1
3785,1731,NewYork,NewYork,0.01564998263,0.46351311233955,0.44786312970955,2021.11044590775,2021.12609589038,1
3755,1701,NewYork,NewYork,0.01593293673,0.46351311234025,0.44758017561025,2021.11016295365,2021.12609589038,1
3616,1560,Bronx,Kings,0.06461341829,0.46351311234046,0.39889969405046,2021.06148247209,2021.12609589038,1
3776,1720,NewYork,NewYork,0.05477123459,0.46351311234195,0.40874187775195,2021.07132465579,2021.12609589038,1
3782,1728,Bronx,Bronx,0.08019064898,0.46351311234595,0.38332246336595,2021.04590524141,2021.12609589039,1
4067,2013,Bronx,Kings,0.00346170814199998,0.46351311234595,0.46005140420395,2021.12263418224,2021.12609589039,1
4067,2014,Bronx,Bronx,0.00346170814199998,0.46351311234595,0.46005140420395,2021.12263418224,2021.12609589039,1
3506,1452,Bronx,Bronx,0.01771675549,0.46351311235096,0.44579635686096,2021.1083791349,2021.12609589039,1
2413,358,Bronx,Bronx,0.0297404315,0.4635131123632,0.4337726808632,2021.0963554589,2021.1260958904,1
3363,1309,Nassau,Nassau,0.004880912771,0.46351311236356,0.45863219959256,2021.12121497763,2021.1260958904,1
2680,626,Bronx,NewYork,0.05778013162,0.463513112364607,0.405732980744607,2021.06831575879,2021.1260958904,1
2131,76,Bronx,Nassau,0.02406400727,0.46351311236906,0.43944910509906,2021.10203188314,2021.12609589041,1
2129,73,Bronx,Bronx,0.0168252143,0.46351311236906,0.44668789806906,2021.10927067611,2021.12609589041,1
2333,278,Bronx,Bronx,0.09717452259,0.4635131123696,0.3663385897796,2021.02892136782,2021.12609589041,1
2494,440,Westchester,Westchester,0.02865298121,0.463513112371507,0.434860131161508,2021.0974429092,2021.12609589041,1
2439,384,Nassau,Suffolk,0.01551894479,0.4635131123732,0.4479941675832,2021.11057694562,2021.12609589041,1
2508,2509,Bronx,Bronx,0.05193804538,0.463645156804108,0.411707111424107,2021.07428988946,2021.12622793484,1
3926,3927,Bronx,Bronx,0.000917278158399981,0.463879217415284,0.462961939256884,2021.1255447173,2021.12646199546,1
2466,2467,Bronx,Bronx,0.00210723515299999,0.464213336540338,0.462106101387338,2021.12468887943,2021.12679611458,1
3440,3441,NewYork,NewYork,0.01306365298,0.46422218724156,0.45115853426156,2021.1137413123,2021.12680496528,1
3495,3496,NewYork,NewYork,0.06598035786,0.46456275182996,0.39858239396996,2021.06116517201,2021.12714552987,1
2467,2468,Bronx,Bronx,0.000476232613799976,0.464689569154138,0.464213336540338,2021.12679611458,2021.12727234719,1
3630,3631,Kings,Kings,0.02681972762,0.4648012013888,0.4379814737688,2021.10056425181,2021.12738397943,1
3237,3238,Bronx,Bronx,0.00285115796699997,0.46515523107026,0.46230407310326,2021.12488685114,2021.12773800911,1
2468,2469,Bronx,Bronx,0.000743685297399987,0.465433254451537,0.464689569154138,2021.12727234719,2021.12801603249,1
3146,3153,Bronx,Bronx,0.1688825729,0.4654515161425,0.2965689432425,2020.95915172128,2021.12803429418,1
3889,3890,Bronx,Bronx,0.07669216769,0.465525456098784,0.388833288408784,2021.05141606645,2021.12810823414,1
3117,3118,NewYork,Kings,0.09434292863,0.46571710797,0.37137417934,2021.03395695738,2021.12829988601,1
2883,2884,NewYork,Queens,0.2194845755,0.4658368029504,0.2463522274504,2020.90893500549,2021.12841958099,1
3778,3779,Bronx,Bronx,0.05654508473,0.46591304843195,0.40936796370195,2021.07195074174,2021.12849582647,1
2380,2381,Bronx,Bronx,0.2174124194,0.4659844591062,0.2485720397062,2020.91115481775,2021.12856723715,1
2595,2596,Bronx,Bronx,0.00324983033999998,0.466034036458913,0.462784206118913,2021.12536698416,2021.1286168145,1
4071,4073,Bronx,Bronx,0.00417459179899998,0.46606740170495,0.46189280990595,2021.12447558795,2021.12865017975,1
3363,3364,Nassau,Queens,0.00746131176800002,0.46609351136056,0.45863219959256,2021.12121497763,2021.1286762894,1
2180,2181,Bronx,Bronx,0.09074503716,0.4661132524763,0.3753682153163,2021.03795099336,2021.12869603052,1
3496,3497,NewYork,NewYork,0.00163595472200001,0.46619870655196,0.46456275182996,2021.12714552987,2021.12878148459,1
3301,3302,Bronx,Bronx,0.00434824764199998,0.46621123286299,0.46186298522099,2021.12444576326,2021.1287940109,1
3367,1314,Bronx,Bronx,0.02402525436,0.46651311233956,0.44248785797956,2021.10507063602,2021.12909589038,1
3923,1867,Bronx,Bronx,0.0191947506,0.466513112339884,0.447318361739884,2021.10990113978,2021.12909589038,1
2803,745,Bronx,Bronx,0.03820585247,0.466513112341,0.428307259871,2021.09089003791,2021.12909589038,1
3285,1230,Bronx,Westchester,0.00831381108500001,0.46651311234199,0.45819930125699,2021.1207820793,2021.12909589038,1
3147,1093,Bronx,Bronx,0.09608087509,0.4665131123425,0.3704322372525,2021.03301501529,2021.12909589038,1
3631,1574,Kings,Kings,0.00171191095500001,0.4665131123438,0.4648012013888,2021.12738397943,2021.12909589038,1
3926,1871,Bronx,NewYork,0.00355117308699998,0.466513112343884,0.462961939256884,2021.1255447173,2021.12909589038,1
4101,2047,Nassau,Nassau,0.02288610569,0.466513112345,0.443627006655,2021.1062097847,2021.12909589039,1
4068,2015,Bronx,Bronx,0.0100705617,0.46651311234595,0.45644255064595,2021.11902532869,2021.12909589039,1
3617,1561,Bronx,Bronx,0.06756684458,0.466513112347,0.398946267767,2021.06152904581,2021.12909589039,1
3538,1483,NewYork,NewYork,0.07510409733,0.46651311234956,0.39140901501956,2021.05399179306,2021.12909589039,1
2141,85,Bronx,Bronx,0.1315202925,0.4665131123505,0.3349928198505,2020.99757559789,2021.12909589039,1
2469,414,Bronx,Bronx,0.00107985791199999,0.466513112363537,0.465433254451537,2021.12801603249,2021.1290958904,1
2469,415,Bronx,Westchester,0.00107985791199999,0.466513112363537,0.465433254451537,2021.12801603249,2021.1290958904,1
2191,135,Bronx,Bronx,0.04325537809,0.4665131123643,0.4232577342743,2021.08584051231,2021.1290958904,1
2311,255,NewYork,NewYork,0.00743607807699997,0.4665131123662,0.4590770342892,2021.12165981233,2021.12909589041,1
2440,385,Nassau,Nassau,0.01289258956,0.4665131123702,0.4536205228102,2021.11620330085,2021.12909589041,1
2367,312,Bronx,Bronx,0.006484143429,0.4665131123747,0.4600289689457,2021.12261174699,2021.12909589042,1
2368,313,Bronx,Bronx,0.00414331500199999,0.4665131123747,0.4623697973727,2021.12495257541,2021.12909589042,1
2248,2249,NewYork,Nassau,0.1277230987,0.4671209646613,0.3393978659613,2021.001980644,2021.1297037427,1
3529,3530,NewYork,NewYork,0.02141762272,0.46718856963746,0.44577094691746,2021.10835372496,2021.12977134768,1
2507,2518,Bronx,Bronx,0.06858542088,0.467304082784108,0.398718661904107,2021.06130143994,2021.12988686082,1
2062,2063,NewYork,NewYork,0.02561697945,0.4676240097145,0.4420070302645,2021.10458980831,2021.13020678776,1
3557,3558,NewYork,NewYork,0.0128538536,0.46781133075126,0.45495747715126,2021.11754025519,2021.13039410879,1
3390,3391,Bronx,Bronx,0.02852920616,0.46783021870576,0.43930101254576,2021.10188379059,2021.13041299675,1
2352,2353,Bronx,Bronx,0.01528316935,0.4679346037477,0.4526514343977,2021.11523421244,2021.13051738179,1
2245,2246,Kings,Kings,0.01735662416,0.4680119950773,0.4506553709173,2021.11323814896,2021.13059477312,1
3062,3063,Bronx,Bronx,0.009130628764,0.468077889706,0.458947260942,2021.12153003898,2021.13066066775,1
3927,3928,Bronx,Bronx,0.00441768139900001,0.468296898814284,0.463879217415284,2021.12646199546,2021.13087967685,1
2518,2519,Bronx,Bronx,0.00102013104100002,0.468324213825108,0.467304082784108,2021.12988686082,2021.13090699187,1
2468,2470,Bronx,Bronx,0.00378024878799998,0.468469817942137,0.464689569154138,2021.12727234719,2021.13105259598,1
2867,2868,Queens,Queens,0.02361359989,0.4686177783124,0.4450041784224,2021.10758695646,2021.13120055635,1
2727,2728,Bronx,NewYork,0.03320352675,0.468918831284507,0.435715304534507,2021.09829808257,2021.13150160932,1
2416,2417,NewYork,NewYork,0.0398515438,0.4690884602352,0.4292369164352,2021.09181969448,2021.13167123828,1
2730,2739,Bronx,Queens,0.02883747254,0.469169238753507,0.440331766213507,2021.10291454425,2021.13175201679,1
2730,2731,Bronx,Bronx,0.02885107187,0.469182838083507,0.440331766213507,2021.10291454425,2021.13176561612,1
2406,2407,Bronx,Bronx,0.1299212242,0.4693321762392,0.3394109520392,2021.00199373008,2021.13191495428,1
3272,1218,Bronx,Bronx,0.1454493255,0.46951311230386,0.32406378680386,2020.98664656484,2021.13209589034,1
2378,325,Bronx,Bronx,0.227377506,0.4695131123302,0.2421356063302,2020.90471838437,2021.13209589037,1
3658,1615,NewYork,NewYork,0.1303364615,0.46951311233616,0.33917665083616,2021.00175942888,2021.13209589038,1
3558,1502,NewYork,NewYork,0.00170178158700002,0.46951311233826,0.46781133075126,2021.13039410879,2021.13209589038,1
3924,1868,Bronx,NewYork,0.01650789232,0.469513112339884,0.453005220019884,2021.11558799806,2021.13209589038,1
3040,986,Queens,Queens,0.02704254885,0.46951311234,0.44247056349,2021.10505334153,2021.13209589038,1
2780,722,Bronx,Queens,0.2093100609,0.469513112341,0.260203051441,2020.92278582948,2021.13209589038,1
3269,1216,NewYork,NewYork,0.04399614808,0.46951311234196,0.42551696426196,2021.0880997423,2021.13209589038,1
3843,1787,Bronx,Bronx,0.07842480782,0.469513112343264,0.391088304523264,2021.05367108256,2021.13209589038,1
2818,761,Bronx,Bronx,0.01156975797,0.4695131123447,0.4579433543747,2021.12052613242,2021.13209589039,1
3514,1460,Bronx,Bronx,0.01259951021,0.46951311234896,0.45691360213896,2021.11949638018,2021.13209589039,1
2168,112,Bronx,Bronx,0.03418536294,0.4695131123623,0.4353277494223,2021.09791052746,2021.1320958904,1
2686,632,Bronx,Bronx,0.0238743808,0.469513112368607,0.445638731568607,2021.10822150961,2021.13209589041,1
2414,359,Bronx,Bronx,0.03451179279,0.4695131123712,0.4350013195812,2021.09758409762,2021.13209589041,1
2189,2192,Bronx,Bronx,0.1324659661,0.4705937954843,0.3381278293843,2021.00071060742,2021.13317657352,1
3928,3929,Bronx,Bronx,0.00237536993800003,0.470672268752284,0.468296898814284,2021.13087967685,2021.13325504679,1
2267,2268,Westchester,Westchester,0.00954182909000001,0.4707652691393,0.4612234400493,2021.12380621809,2021.13334804718,1
3936,3937,Bronx,NewYork,0.05465086933,0.470923783499984,0.416272914169984,2021.07885569221,2021.13350656154,1
2200,2201,Bronx,Bronx,0.1064422689,0.4709434674373,0.3645011985373,2021.02708397658,2021.13352624548,1
2645,2646,Bronx,Bronx,0.00934777749100002,0.470989389616827,0.461641612125827,2021.12422439017,2021.13357216766,1
2131,2132,Bronx,Bronx,0.03176941023,0.47121851532906,0.43944910509906,2021.10203188314,2021.13380129337,1
3128,1073,NewYork,NewYork,0.1205147899,0.471513112291,0.350998322391,2021.01358110043,2021.13409589033,1
3846,1791,Bronx,Bronx,0.1361025887,0.471513112313184,0.335410523613184,2020.99799330165,2021.13409589035,1
2919,862,NewYork,Queens,0.1465771194,0.4715131123364,0.3249359929364,2020.98751877098,2021.13409589038,1
2993,936,Bronx,Kings,0.05721275253,0.4715131123421,0.4143003598121,2021.07688313785,2021.13409589038,1
3663,1608,NewYork,Bronx,0.07576715595,0.47151311234386,0.39574595639386,2021.05832873443,2021.13409589038,1
3890,1836,Bronx,Bronx,0.00598765624499997,0.471513112343784,0.465525456098784,2021.12810823414,2021.13409589038,1
3779,1723,Bronx,Westchester,0.00560006391200002,0.47151311234395,0.46591304843195,2021.12849582647,2021.13409589038,1
3927,1872,Bronx,Westchester,0.00763389492900002,0.471513112344284,0.463879217415284,2021.12646199546,2021.13409589038,1
4098,2051,Nassau,Bronx,0.3984737064,0.471513112345,0.073039405945,2020.73562218399,2021.13409589039,1
3751,1695,NewYork,Westchester,0.05374695591,0.47151311234525,0.41776615643525,2021.08034893448,2021.13409589039,1
3851,1795,Bronx,Bronx,0.04649189259,0.471513112345184,0.425021219755184,2021.0876039978,2021.13409589039,1
3178,1122,NewYork,Queens,0.06243255199,0.47151311234556,0.40908056035556,2021.0716633384,2021.13409589039,1
3566,1510,NewYork,NewYork,0.01815021856,0.47151311235146,0.45336289379146,2021.11594567183,2021.13409589039,1
3683,1629,NewYork,NewYork,0.01033707758,0.47151311235125,0.46117603477125,2021.12375881281,2021.13409589039,1
3364,1310,Queens,Queens,0.00541960100299999,0.47151311236356,0.46609351136056,2021.1286762894,2021.1340958904,1
2579,524,Westchester,Westchester,0.03117510183,0.471513112366813,0.440338010536813,2021.10292078858,2021.13409589041,1
2644,588,NewYork,Bronx,0.01454046961,0.471513112369827,0.456972642759827,2021.1195554208,2021.13409589041,1
2121,65,Bronx,Bronx,0.06278804213,0.47151311237406,0.40872507024406,2021.07130784828,2021.13409589041,1
2381,327,Bronx,Bronx,0.00552865328000002,0.4715131123862,0.4659844591062,2021.12856723715,2021.13409589043,1
3697,1643,Kings,Kings,0.1368463136,0.47151311239025,0.33466679879025,2020.99724957683,2021.13409589043,1
3269,3270,NewYork,NewYork,0.04602116464,0.47153812890196,0.42551696426196,2021.0880997423,2021.13412090694,1
2274,2279,Bronx,Bronx,0.03206773457,0.4715812758893,0.4395135413193,2021.10209631936,2021.13416405393,1
2646,2647,Bronx,Bronx,0.000667138688200009,0.471656528305027,0.470989389616827,2021.13357216766,2021.13423930635,1
3361,3362,Nassau,Suffolk,0.03995127215,0.47178096797256,0.43182969582256,2021.09441247386,2021.13436374601,1
3985,3986,Bronx,Kings,0.1000739491,0.47180361872895,0.37172966962895,2021.03431244767,2021.13438639677,1
2494,2495,Westchester,Westchester,0.0369640974,0.471824228561508,0.434860131161508,2021.0974429092,2021.1344070066,1
3805,3806,NewYork,NewYork,0.1077240678,0.472158397442564,0.364434329642564,2021.02701710768,2021.13474117548,1
2844,2845,Bronx,Bronx,0.0191342619,0.47301167734349,0.45387741544349,2021.11646019348,2021.13559445538,1
2681,2682,Bronx,Bronx,0.03249903509,0.473187295954607,0.440688260864607,2021.1032710389,2021.13577007399,1
2087,2088,Bronx,Queens,0.06911387129,0.4732739156175,0.4041600443275,2021.06674282237,2021.13585669366,1
4073,4074,Bronx,Bronx,0.00726213956400001,0.47332954126895,0.46606740170495,2021.12865017975,2021.13591231931,1
3981,3982,Bronx,Bronx,0.03884906407,0.47374124003995,0.43489217596995,2021.09747495401,2021.13632401808,1
3558,3559,NewYork,NewYork,0.00597201273600001,0.47378334348726,0.46781133075126,2021.13039410879,2021.13636612153,1
3666,3667,NewYork,NewYork,0.05060790912,0.47380273811186,0.42319482899186,2021.08577760703,2021.13638551615,1
2250,2251,NewYork,NewYork,0.04741180221,0.4741327577313,0.4267209555213,2021.08930373356,2021.13671553577,1
2595,2599,Bronx,Bronx,0.01145030104,0.474234507158913,0.462784206118913,2021.12536698416,2021.1368172852,1
2893,2896,Kings,Kings,0.03132693144,0.4742530245304,0.4429260930904,2021.10550887113,2021.13683580257,1
3167,1115,Bronx,Bronx,0.2954667868,0.47451311231186,0.17904632551186,2020.84162910355,2021.13709589035,1
2503,449,Bronx,Bronx,0.1156844238,0.474513112327108,0.358828688527108,2021.02141146657,2021.13709589037,1
3335,1281,Bronx,Bronx,0.02205005685,0.47451311232954,0.45246305547954,2021.11504583352,2021.13709589037,1
2906,850,NewYork,Queens,0.1548159188,0.4745131123309,0.3196971935309,2020.98227997157,2021.13709589037,1
3300,1244,Bronx,Bronx,0.01764474086,0.47451311233199,0.45686837147199,2021.11945114951,2021.13709589037,1
3261,1206,Bronx,Bronx,0.1406547621,0.47451311233586,0.33385835023586,2020.99644112828,2021.13709589038,1
2974,916,NewYork,NewYork,0.02180587188,0.4745131123389,0.4527072404589,2021.1152900185,2021.13709589038,1
3924,1869,Bronx,Bronx,0.02150789232,0.474513112339884,0.453005220019884,2021.11558799806,2021.13709589038,1
3849,1794,Bronx,Bronx,0.01847414141,0.474513112340184,0.456038970930184,2021.11862174897,2021.13709589038,1
2865,807,Nassau,Nassau,0.03972322626,0.4745131123434,0.4347898860834,2021.09737266412,2021.13709589038,1
3237,1182,Bronx,NewYork,0.01220903924,0.47451311234326,0.46230407310326,2021.12488685114,2021.13709589038,1
2937,881,Bronx,Bronx,0.03555277822,0.4745131123464,0.4389603341264,2021.10154311217,2021.13709589039,1
3501,1447,NewYork,NewYork,0.04699522532,0.47451311234796,0.42751788702796,2021.09010066507,2021.13709589039,1
2308,254,Bronx,Bronx,0.1014845067,0.4745131123492,0.3730286056492,2021.03561138369,2021.13709589039,1
3566,1511,NewYork,NewYork,0.02115021856,0.47451311235146,0.45336289379146,2021.11594567183,2021.13709589039,1
2295,242,Nassau,Nassau,0.02341000199,0.4745131123633,0.4511031103733,2021.11368588841,2021.1370958904,1
2179,119,Bronx,Bronx,0.01996311812,0.4745131123633,0.4545499942433,2021.11713277228,2021.1370958904,1
2179,120,Bronx,Bronx,0.01996311812,0.4745131123633,0.4545499942433,2021.11713277228,2021.1370958904,1
2151,97,Bronx,Westchester,0.0420202558,0.4745131123645,0.4324928565645,2021.0950756346,2021.1370958904,1
2752,695,Kings,Kings,0.02244367863,0.474513112365,0.452069433735,2021.11465221178,2021.13709589041,1
2450,397,Bronx,Bronx,0.02323059882,0.474513112366937,0.451282513546937,2021.11386529159,2021.13709589041,1
2178,117,Bronx,Bronx,0.01335246897,0.4745131123673,0.4611606433973,2021.12374342144,2021.13709589041,1
2178,118,Bronx,Bronx,0.01335246897,0.4745131123673,0.4611606433973,2021.12374342144,2021.13709589041,1
2644,589,NewYork,NewYork,0.01754046961,0.474513112369827,0.456972642759827,2021.1195554208,2021.13709589041,1
2176,116,Bronx,Bronx,0.02454826799,0.4745131123713,0.4499648443813,2021.11254762242,2021.13709589041,1
2844,786,Bronx,NewYork,0.02063569694,0.47451311238349,0.45387741544349,2021.11646019348,2021.13709589042,1
2697,2698,Bronx,Bronx,0.03350848425,0.474797909121507,0.441289424871507,2021.10387220291,2021.13738068716,1
2647,2648,Bronx,Bronx,0.003324976245,0.474981504550027,0.471656528305027,2021.13423930635,2021.13756428259,1
2286,2287,Bronx,Bronx,0.01784283084,0.475063466831,0.457220635991,2021.11980341403,2021.13764624487,1
2427,2428,Nassau,Queens,0.04161803671,0.4751039383722,0.4334859016622,2021.0960686797,2021.13768671641,1
2470,2472,Bronx,Bronx,0.00677950149399997,0.475249319436137,0.468469817942137,2021.13105259598,2021.13783209748,1
2731,2732,Bronx,Bronx,0.00607774259100002,0.475260580674507,0.469182838083507,2021.13176561612,2021.13784335871,1
2732,2734,Bronx,Bronx,0.00042214178979999,0.475682722464307,0.475260580674507,2021.13784335871,2021.1382655005,1
3033,3035,NewYork,NewYork,0.04823786809,0.475694225714,0.427456357624,2021.09003913566,2021.13827700375,1
2512,2513,Bronx,Queens,0.04130999417,0.475897855037107,0.434587860867107,2021.09717063891,2021.13848063308,1
2203,2204,Bronx,NewYork,0.0746573165,0.4759398380804,0.4012825215804,2021.06386529962,2021.13852261612,1
3897,3898,Bronx,Nassau,0.02302237359,0.476041693392784,0.453019319802784,2021.11560209784,2021.13862447143,1
2977,2978,Bronx,Bronx,0.05088144178,0.4760850896669,0.4252036478869,2021.08778642593,2021.13866786771,1
2603,2604,Bronx,Bronx,0.02615610601,0.476110404572813,0.449954298562813,2021.1125370766,2021.13869318261,1
2368,2369,Bronx,Bronx,0.01377275689,0.4761425542627,0.4623697973727,2021.12495257541,2021.1387253323,1
3600,3601,Kings,Kings,0.03070733291,0.47623629822846,0.44552896531846,2021.10811174336,2021.13881907627,1
3838,3839,Bronx,Bronx,0.01645406285,0.476480535709264,0.460026472859264,2021.1226092509,2021.13906331375,1
3198,3199,Kings,Kings,0.1211028408,0.47649393926556,0.35539109846556,2021.01797387651,2021.13907671731,1
2675,2676,Bronx,Bronx,0.02550699971,0.476818898373527,0.451311898663527,2021.1138946767,2021.13940167641,1
3514,3515,Bronx,Bronx,0.02002502726,0.47693862939896,0.45691360213896,2021.11949638018,2021.13952140744,1
2513,2514,Queens,Queens,0.00107523509200003,0.476973090129107,0.475897855037107,2021.13848063308,2021.13955586817,1
3391,3392,Bronx,Westchester,0.00920438323099998,0.47703460193676,0.46783021870576,2021.13041299675,2021.13961737998,1
2270,2271,Bronx,Kings,0.07178638999,0.4771261048093,0.4053397148193,2021.06792249286,2021.13970888285,1
3148,3150,Bronx,Kings,0.07476722397,0.4771287500925,0.4023615261225,2021.06494430416,2021.13971152813,1
3321,3323,Bronx,Queens,0.05222870922,0.47734302949854,0.42511432027854,2021.08769709832,2021.13992580754,1
2974,917,NewYork,NewYork,0.02480587188,0.4775131123389,0.4527072404589,2021.1152900185,2021.14009589038,1
3077,1022,Bronx,Bronx,0.02514493985,0.47751311234,0.45236817249,2021.11495095053,2021.14009589038,1
3864,1807,Bronx,NewYork,0.07292571165,0.477513112340284,0.404587400690284,2021.06717017873,2021.14009589038,1
4063,2010,Bronx,Bronx,0.0334741297,0.47751311234095,0.44403898264095,2021.10662176068,2021.14009589038,1
3018,962,Bronx,Bronx,0.04860079016,0.4775131123419,0.4289123221819,2021.09149510022,2021.14009589038,1
3896,1845,Bronx,NewYork,0.03421091812,0.477513112341784,0.443302194221784,2021.10588497226,2021.14009589038,1
3019,963,Bronx,Bronx,0.02985680194,0.4775131123419,0.4476563104019,2021.11023908844,2021.14009589038,1
3656,1603,Bronx,Bronx,0.03573769516,0.47751311234316,0.44177541718316,2021.10435819522,2021.14009589038,1
3471,1415,Bronx,Bronx,0.01585314487,0.47751311234446,0.46165996747446,2021.12424274551,2021.14009589038,1
3635,1580,Bronx,Bronx,0.03309865314,0.47751311234546,0.44441445920546,2021.10699723725,2021.14009589039,1
3541,1486,NewYork,Bronx,0.07642901078,0.47751311234656,0.40108410156656,2021.06366687961,2021.14009589039,1
3496,1444,NewYork,NewYork,0.01295036052,0.47751311234996,0.46456275182996,2021.12714552987,2021.14009589039,1
3679,1624,Bronx,Bronx,0.06039673688,0.47751311235125,0.41711637547125,2021.07969915351,2021.14009589039,1
2251,195,NewYork,NewYork,0.00338035463500003,0.4775131123663,0.4741327577313,2021.13671553577,2021.14009589041,1
2271,213,Kings,Kings,0.00038700755740001,0.4775131123667,0.4771261048093,2021.13970888285,2021.14009589041,1
2255,200,NewYork,Bronx,0.01567193321,0.4775131123673,0.4618411791573,2021.1244239572,2021.14009589041,1
2369,314,Bronx,Bronx,0.00137055811199999,0.4775131123747,0.4761425542627,2021.1387253323,2021.14009589042,1
2528,475,Bronx,NewYork,0.1605754516,0.477513112390607,0.316937660790607,2020.97952043883,2021.14009589043,1
2107,52,Bronx,Westchester,0.1599165704,0.4775131124005,0.3175965420005,2020.98017932004,2021.14009589044,1
2345,2346,Bronx,Bronx,0.02559769821,0.4775179454377,0.4519202472277,2021.11450302527,2021.14010072348,1
3937,3938,NewYork,NewYork,0.00676196069899998,0.477685744198984,0.470923783499984,2021.13350656154,2021.14026852224,1
2369,2370,Bronx,Bronx,0.00190686247299998,0.4780494167357,0.4761425542627,2021.1387253323,2021.14063219478,1
2417,2418,NewYork,NewYork,0.00935927596800001,0.4784477362032,0.4690884602352,2021.13167123828,2021.14103051424,1
2711,2715,Queens,NewYork,0.02968644439,0.478788077741507,0.449101633351507,2021.11168441139,2021.14137085578,1
3335,3336,Bronx,Bronx,0.02650192476,0.47896498023954,0.45246305547954,2021.11504583352,2021.14154775828,1
4027,4028,Kings,Kings,0.02004826561,0.47920301588125,0.45915475027125,2021.12173752831,2021.14178579392,1
2337,2338,Bronx,Queens,0.1099344785,0.4792749803417,0.3693405018417,2021.03192327988,2021.14185775838,1
3976,3977,Queens,Queens,0.02116762062,0.47931338879495,0.45814576817495,2021.12072854622,2021.14189616684,1
3153,3154,Bronx,Bronx,0.01391303084,0.4793645469825,0.4654515161425,2021.12803429418,2021.14194732502,1
3559,3561,NewYork,NewYork,0.00570282211599998,0.47948616560326,0.47378334348726,2021.13636612153,2021.14206894364,1
3852,1797,Bronx,Bronx,0.1134125898,0.479513112295184,0.366100522495184,2021.02868330054,2021.14209589034,1
3532,1477,NewYork,Queens,0.1003641354,0.47951311229746,0.37914897689746,2021.04173175494,2021.14209589034,1
3452,1399,NewYork,Queens,0.1252341405,0.47951311232216,0.35427897182216,2021.01686174986,2021.14209589036,1
3273,1219,Bronx,Bronx,0.1496619653,0.47951311233286,0.32985114703286,2020.99243392507,2021.14209589037,1
3054,996,Bronx,Bronx,0.06852284937,0.479513112338,0.410990262968,2021.07357304101,2021.14209589038,1
3056,999,Bronx,Bronx,0.03949488666,0.479513112338,0.440018225678,2021.10260100372,2021.14209589038,1
3311,1256,Bronx,NewYork,0.06742597113,0.47951311233894,0.41208714120894,2021.07466991925,2021.14209589038,1
3312,1257,Bronx,NewYork,0.04290529556,0.47951311233894,0.43660781677894,2021.09919059482,2021.14209589038,1
3004,948,Bronx,Kings,0.05885064522,0.4795131123401,0.4206624671201,2021.08324524516,2021.14209589038,1
3769,1715,Bronx,Westchester,0.02059659133,0.47951311233995,0.45891652100995,2021.12149929905,2021.14209589038,1
3137,1082,NewYork,NewYork,0.05665681326,0.479513112341,0.422856299081,2021.08543907712,2021.14209589038,1
3487,1433,NewYork,Kings,0.03562614502,0.47951311234316,0.44388696732316,2021.10646974536,2021.14209589038,1
4021,1967,Bronx,Bronx,0.02768826318,0.47951311234325,0.45182484916325,2021.1144076272,2021.14209589038,1
3928,1873,Bronx,Bronx,0.01121621353,0.479513112344284,0.468296898814284,2021.13087967685,2021.14209589038,1
3851,1796,Bronx,Bronx,0.05449189259,0.479513112345184,0.425021219755184,2021.0876039978,2021.14209589039,1
4070,2016,Bronx,Bronx,0.01811161634,0.47951311234595,0.46140149600595,2021.12398427405,2021.14209589039,1
4070,2017,Bronx,Bronx,0.01811161634,0.47951311234595,0.46140149600595,2021.12398427405,2021.14209589039,1
3515,1461,Bronx,Westchester,0.002574482948,0.47951311234696,0.47693862939896,2021.13952140744,2021.14209589039,1
3543,1487,Bronx,Bronx,0.02694474265,0.47951311234856,0.45256836969856,2021.11515114774,2021.14209589039,1
3543,1488,Bronx,Bronx,0.02694474265,0.47951311234856,0.45256836969856,2021.11515114774,2021.14209589039,1
3900,1846,Bronx,Bronx,0.08238214128,0.479513112348984,0.397130971068984,2021.05971374911,2021.14209589039,1
3683,1630,NewYork,NewYork,0.01833707758,0.47951311235125,0.46117603477125,2021.12375881281,2021.14209589039,1
2472,418,Bronx,Bronx,0.004263792928,0.479513112364137,0.475249319436137,2021.13783209748,2021.1420958904,1
3211,1155,Bronx,Bronx,0.04310566801,0.47951311236556,0.43640744435556,2021.0989902224,2021.14209589041,1
2645,590,Bronx,Bronx,0.01787150024,0.479513112365827,0.461641612125827,2021.12422439017,2021.14209589041,1
2536,482,NewYork,Bronx,0.04950691521,0.479513112366007,0.430006197156007,2021.0925889752,2021.14209589041,1
2287,231,Bronx,Kings,0.00444964553600002,0.479513112367,0.475063466831,2021.13764624487,2021.14209589041,1
2202,147,Bronx,Westchester,0.07875273385,0.4795131123673,0.4007603785173,2021.06334315656,2021.14209589041,1
2723,670,Bronx,Bronx,0.06919631754,0.479513112368507,0.410316794828507,2021.07289957287,2021.14209589041,1
2309,253,Bronx,Bronx,0.03330518104,0.4795131123692,0.4462079313292,2021.10879070937,2021.14209589041,1
3725,1671,NewYork,Kings,0.1031395162,0.47951311237825,0.37637359617825,2021.03895637422,2021.14209589042,1
2167,111,Bronx,Bronx,0.1392185681,0.4795131123923,0.3402945442923,2021.00287732233,2021.14209589043,1
2486,435,Bronx,Westchester,0.1468930085,0.479513112408738,0.332620103908737,2020.99520288195,2021.14209589045,1
2556,2557,Bronx,Bronx,0.04197552989,0.479549233432707,0.437573703542707,2021.10015648158,2021.14213201147,1
4071,4072,Bronx,Bronx,0.01773534187,0.47962815177595,0.46189280990595,2021.12447558795,2021.14221092982,1
2274,2275,Bronx,Bronx,0.04032827346,0.4798418147793,0.4395135413193,2021.10209631936,2021.14242459282,1
2180,2182,Bronx,Queens,0.1045624209,0.4799306362163,0.3753682153163,2021.03795099336,2021.14251341426,1
3314,3315,Bronx,NewYork,0.02291319037,0.48005699145694,0.45714380108694,2021.11972657913,2021.1426397695,1
4009,4010,NewYork,NewYork,0.09533879288,0.48006080755495,0.38472201467495,2021.04730479272,2021.1426435856,1
3859,3860,Bronx,Bronx,0.04122360975,0.480224370328184,0.439000760578184,2021.10158353862,2021.14280714837,1
3515,3516,Bronx,Bronx,0.00336074119699997,0.48029937059596,0.47693862939896,2021.13952140744,2021.14288214864,1
3383,3384,NewYork,Suffolk,0.06716976583,0.48045393543476,0.41328416960476,2021.07586694765,2021.14303671348,1
2731,2735,Bronx,Bronx,0.01152596659,0.480708804673507,0.469182838083507,2021.13176561612,2021.14329158271,1
2153,2154,NewYork,NewYork,0.05200760113,0.4807092139675,0.4287016128375,2021.09128439088,2021.14329199201,1
3631,3632,Kings,NewYork,0.01637782276,0.4811790241488,0.4648012013888,2021.12738397943,2021.14376180219,1
2287,2288,Bronx,Bronx,0.00626903781100002,0.481332504642,0.475063466831,2021.13764624487,2021.14391528268,1
3364,3365,Queens,Queens,0.01599811639,0.48209162775056,0.46609351136056,2021.1286762894,2021.14467440579,1
2599,2600,Bronx,Kings,0.007958503984,0.482193011142913,0.474234507158913,2021.1368172852,2021.14477578918,1
3894,3895,Bronx,Bronx,0.0502153981,0.482315582531784,0.432100184431784,2021.09468296247,2021.14489836057,1
3006,955,Bronx,Queens,0.1987864273,0.4825131122989,0.2837266849989,2020.94630946304,2021.14509589034,1
3723,1669,NewYork,Nassau,0.1157720223,0.48251311230625,0.36674109000625,2021.02932386805,2021.14509589035,1
3238,1183,Bronx,Bronx,0.01735788127,0.48251311234026,0.46515523107026,2021.12773800911,2021.14509589038,1
3213,1158,Nassau,Suffolk,0.06692999988,0.48251311234156,0.41558311246156,2021.0781658905,2021.14509589038,1
3530,1475,NewYork,NewYork,0.01532454271,0.48251311234746,0.46718856963746,2021.12977134768,2021.14509589039,1
3622,1566,Kings,Kings,0.07293317511,0.4825131123486,0.4095799372386,2021.07216271528,2021.14509589039,1
3682,1628,NewYork,Nassau,0.08590231391,0.48251311235125,0.39661079844125,2021.05919357648,2021.14509589039,1
3365,1311,Queens,Queens,0.000421484616299983,0.48251311236686,0.48209162775056,2021.14467440579,2021.14509589041,1
2596,540,Bronx,NewYork,0.01647907591,0.482513112368913,0.466034036458913,2021.1286168145,2021.14509589041,1
2345,295,Bronx,Bronx,0.03059286515,0.4825131123777,0.4519202472277,2021.11450302527,2021.14509589042,1
3441,1387,NewYork,NewYork,0.01829092514,0.48251311238156,0.46422218724156,2021.12680496528,2021.14509589042,1
2845,788,Bronx,Kings,0.00950143503799999,0.48251311238149,0.47301167734349,2021.13559445538,2021.14509589042,1
2346,2347,Bronx,Bronx,0.00502047324499999,0.4825384186827,0.4775179454377,2021.14010072348,2021.14512119672,1
3947,3948,NewYork,NewYork,0.03137192529,0.482796577690984,0.451424652400984,2021.11400743044,2021.14537935573,1
3742,3745,NewYork,Nassau,0.1612515954,0.48303598847725,0.32178439307725,2020.98436717112,2021.14561876652,1
3948,3959,NewYork,NewYork,0.000690383436100006,0.483486961127084,0.482796577690984,2021.14537935573,2021.14606973917,1
2132,2133,Bronx,Bronx,0.01265847139,0.48387698671906,0.47121851532906,2021.13380129337,2021.14645976476,1
2321,2322,Bronx,Bronx,0.1547583321,0.4840607400986,0.3293024079986,2020.99188518604,2021.14664351814,1
2647,2649,Bronx,Bronx,0.01251604801,0.484172576315027,0.471656528305027,2021.13423930635,2021.14675535436,1
3418,3419,NewYork,Westchester,0.04495761402,0.48439440894643,0.43943679492643,2021.10201957297,2021.14697718699,1
2728,2729,NewYork,NewYork,0.01549630103,0.484415132314507,0.468918831284507,2021.13150160932,2021.14699791035,1
3199,3200,Kings,Kings,0.00800182055600002,0.48449575982156,0.47649393926556,2021.13907671731,2021.14707853786,1
2694,2695,Bronx,Bronx,0.05111933869,0.484605591764507,0.433486253074507,2021.09606903111,2021.14718836981,1
3066,3072,Bronx,Bronx,0.0890628219,0.484629283822,0.395566461922,2021.05814923996,2021.14721206186,1
2074,2078,Bronx,Bronx,0.05998397018,0.4852796848905,0.4252957147105,2021.08787849275,2021.14786246293,1
3131,3134,Queens,Queens,0.0339914946,0.485386139461,0.451394644861,2021.1139774229,2021.1479689175,1
2347,2348,Bronx,Bronx,0.00285639599199999,0.4853948146747,0.4825384186827,2021.14512119672,2021.14797759272,1
3395,1343,Bronx,Bronx,0.243302105,0.48551311230276,0.24221100730276,2020.90479378534,2021.14809589034,1
3769,1716,Bronx,Bronx,0.02659659133,0.48551311233995,0.45891652100995,2021.12149929905,2021.14809589038,1
3154,1104,Bronx,Queens,0.00614856535800001,0.4855131123405,0.4793645469825,2021.14194732502,2021.14809589038,1
4090,2038,Kings,Kings,0.04198269712,0.48551311234095,0.44353041522095,2021.10611319326,2021.14809589038,1
2866,808,Queens,NewYork,0.04406911669,0.4855131123434,0.4414439956534,2021.10402677369,2021.14809589038,1
3901,1847,Bronx,Queens,0.0849763379,0.485513112344984,0.400536774444984,2021.06311955249,2021.14809589039,1
3962,1910,Bronx,Bronx,0.09968547155,0.485513112348564,0.385827640798564,2021.04841041884,2021.14809589039,1
2168,113,Bronx,Westchester,0.05018536294,0.4855131123623,0.4353277494223,2021.09791052746,2021.1480958904,1
2615,562,Kings,Kings,0.04079143074,0.485513112367507,0.444721681627507,2021.10730445967,2021.14809589041,1
2092,36,Queens,Queens,0.03203968038,0.4855131123675,0.4534734319875,2021.11605621003,2021.14809589041,1
2104,48,Bronx,Bronx,0.1468003324,0.4855131123785,0.3387127799785,2021.00129555802,2021.14809589042,1
2249,193,Nassau,Nassau,0.01839214773,0.4855131123913,0.4671209646613,2021.1297037427,2021.14809589043,1
2519,2520,Bronx,Bronx,0.0177211798,0.486045393625108,0.468324213825108,2021.13090699187,2021.14862817167,1
2472,2473,Bronx,NewYork,0.01080794452,0.486057263956137,0.475249319436137,2021.13783209748,2021.148640042,1
2509,2510,Bronx,Bronx,0.022619635,0.486264791804108,0.463645156804108,2021.12622793484,2021.14884756984,1
2695,2696,Bronx,Bronx,0.00205426552600002,0.486659857290507,0.484605591764507,2021.14718836981,2021.14924263533,1
3983,3984,Bronx,Queens,0.1300437148,0.48670670745895,0.35666299265895,2021.0192457707,2021.1492894855,1
3860,3861,Bronx,Bronx,0.00672286177199999,0.486947232100184,0.480224370328184,2021.14280714837,2021.14953001014,1
2481,2482,Bronx,Bronx,0.05361895479,0.487033151766938,0.433414196976938,2021.09599697502,2021.14961592981,1
3279,3280,Bronx,NewYork,0.1297180259,0.48717718082899,0.35745915492899,2021.02004193297,2021.14975995887,1
3238,3239,Bronx,Bronx,0.02206783966,0.48722307073026,0.46515523107026,2021.12773800911,2021.14980584877,1
3217,3218,NewYork,NewYork,0.0423093427,0.48729968507156,0.44499034237156,2021.10757312041,2021.14988246311,1
2065,2066,Nassau,Nassau,0.07261924247,0.4877465481445,0.4151273056745,2021.07771008371,2021.15032932618,1
2211,2212,Bronx,Bronx,0.0319299759,0.4877934889204,0.4558635130204,2021.11844629106,2021.15037626696,1
3620,3621,Bronx,Bronx,0.02842134233,0.4878907254526,0.4594693831226,2021.12205216116,2021.15047350349,1
2686,2687,Bronx,Bronx,0.04229226879,0.487931000358607,0.445638731568607,2021.10822150961,2021.1505137784,1
2712,2713,Queens,Queens,0.02868249295,0.488059022001507,0.459376529051507,2021.12195930709,2021.15064180004,1
2682,2683,Bronx,NewYork,0.01497002952,0.488157325474607,0.473187295954607,2021.13577007399,2021.15074010352,1
3708,3709,Bronx,Bronx,0.02850331975,0.48818180917455,0.45967848942455,2021.12226126747,2021.15076458722,1
3567,3568,Nassau,Nassau,0.06134533276,0.48823849322146,0.42689316046146,2021.0894759385,2021.15082127126,1
2918,2920,NewYork,NewYork,0.1695125444,0.4882428375544,0.3187302931544,2020.98131307119,2021.15082561559,1
3722,1668,NewYork,NewYork,0.1287523912,0.48851311229925,0.35976072109925,2021.02234349914,2021.15109589034,1
3699,1667,Kings,Kings,0.1265311367,0.48851311230925,0.36198197560925,2021.02456475365,2021.15109589035,1
3859,1803,Bronx,Suffolk,0.04951235176,0.488513112338184,0.439000760578184,2021.10158353862,2021.15109589038,1
2932,876,Suffolk,Suffolk,0.0604505815,0.4885131123404,0.4280625308404,2021.09064530888,2021.15109589038,1
3813,1759,NewYork,Bronx,0.04442714739,0.488513112340564,0.444085964950564,2021.10666874299,2021.15109589038,1
2884,828,Queens,NewYork,0.02267630939,0.4885131123404,0.4658368029504,2021.12841958099,2021.15109589038,1
3214,1159,Bronx,Bronx,0.1522248995,0.48851311234256,0.33628821284256,2020.99887099088,2021.15109589038,1
3545,1490,NewYork,Queens,0.07647066284,0.48851311234356,0.41204244950356,2021.07462522754,2021.15109589038,1
3834,1778,Bronx,Bronx,0.07616487526,0.488513112344264,0.412348237084264,2021.07493101512,2021.15109589038,1
3990,1936,Bronx,Bronx,0.04783739022,0.48851311234445,0.44067572212445,2021.10325850016,2021.15109589038,1
4072,2018,Bronx,Kings,0.00888496056999999,0.48851311234595,0.47962815177595,2021.14221092982,2021.15109589039,1
4072,2019,Bronx,Westchester,0.00888496056999999,0.48851311234595,0.47962815177595,2021.14221092982,2021.15109589039,1
3516,1463,Bronx,Bronx,0.00821374175099998,0.48851311234696,0.48029937059596,2021.14288214864,2021.15109589039,1
2850,795,Kings,Suffolk,0.1279346278,0.4885131123484,0.3605784845484,2021.02316126259,2021.15109589039,1
2735,681,Bronx,Bronx,0.00780430768700002,0.488513112360507,0.480708804673507,2021.14329158271,2021.1510958904,1
2418,364,NewYork,NewYork,0.01006537616,0.4885131123632,0.4784477362032,2021.14103051424,2021.1510958904,1
2288,232,Bronx,Bronx,0.00718060772500001,0.488513112367,0.481332504642,2021.14391528268,2021.15109589041,1
2682,627,Bronx,Bronx,0.01532581642,0.488513112374607,0.473187295954607,2021.13577007399,2021.15109589042,1
2539,486,Bronx,Bronx,0.1668274507,0.488513112406007,0.321685661706007,2020.98426843975,2021.15109589045,1
2739,2740,Queens,Queens,0.01976991443,0.488939153183507,0.469169238753507,2021.13175201679,2021.15152193122,1
3559,3560,NewYork,NewYork,0.01522390885,0.48900725233726,0.47378334348726,2021.13636612153,2021.15159003038,1
2649,2650,Bronx,Bronx,0.005083623343,0.489256199658027,0.484172576315027,2021.14675535436,2021.1518389777,1
3431,3432,Queens,Queens,0.0472374585,0.48963258422623,0.44239512572623,2021.10497790377,2021.15221536227,1
3134,3135,Queens,Queens,0.004414562999,0.48980070246,0.485386139461,2021.1479689175,2021.1523834805,1
2255,2256,NewYork,NewYork,0.02831195643,0.4901531355873,0.4618411791573,2021.1244239572,2021.15273591363,1
2133,2135,Bronx,Nassau,0.00631936270700001,0.49019634942606,0.48387698671906,2021.14645976476,2021.15277912747,1
2955,901,Kings,Kings,0.1805929983,0.490513112315,0.309920114015,2020.97250289206,2021.15309589036,1
3336,1282,Bronx,Bronx,0.01154813209,0.49051311232954,0.47896498023954,2021.14154775828,2021.15309589037,1
3336,1283,Bronx,Bronx,0.01154813209,0.49051311232954,0.47896498023954,2021.14154775828,2021.15309589037,1
3745,1690,Nassau,Nassau,0.007477123857,0.49051311233425,0.48303598847725,2021.14561876652,2021.15309589037,1
3419,1364,Westchester,Westchester,0.00611870339300002,0.49051311233943,0.48439440894643,2021.14697718699,2021.15309589038,1
3980,1925,Bronx,Kings,0.07129409596,0.49051311233995,0.41921901637995,2021.08180179442,2021.15309589038,1
2803,744,Bronx,Queens,0.06220585247,0.490513112341,0.428307259871,2021.09089003791,2021.15309589038,1
3217,1161,NewYork,NewYork,0.04552276997,0.49051311234156,0.44499034237156,2021.10757312041,2021.15309589038,1
3802,1747,Kings,Kings,0.09095086815,0.490513112342564,0.399562244192564,2021.06214502223,2021.15309589038,1
3802,1748,Kings,Kings,0.09095086815,0.490513112342564,0.399562244192564,2021.06214502223,2021.15309589038,1
2840,781,Bronx,Bronx,0.06099008315,0.49051311234249,0.42952302919249,2021.09210580723,2021.15309589038,1
3620,1563,Bronx,Queens,0.03104372922,0.4905131123426,0.4594693831226,2021.12205216116,2021.15309589038,1
3428,1374,NewYork,Queens,0.08239753367,0.49051311234343,0.40811557867343,2021.07069835671,2021.15309589038,1
2538,485,Bronx,Queens,0.1708880784,0.490513112344007,0.319625033944007,2020.98220781198,2021.15309589038,1
3471,1416,Bronx,Bronx,0.02885314487,0.49051311234446,0.46165996747446,2021.12424274551,2021.15309589038,1
3218,1162,NewYork,NewYork,0.003213427273,0.49051311234456,0.48729968507156,2021.14988246311,2021.15309589038,1
4073,2020,Bronx,Queens,0.02444571064,0.49051311234495,0.46606740170495,2021.12865017975,2021.15309589039,1
2740,686,Queens,Queens,0.00157395917499997,0.490513112358507,0.488939153183507,2021.15152193122,2021.1530958904,1
2740,687,Queens,Queens,0.00157395917499997,0.490513112358507,0.488939153183507,2021.15152193122,2021.1530958904,1
2428,373,Queens,Queens,0.01540917399,0.4905131123622,0.4751039383722,2021.13768671641,2021.1530958904,1
2724,671,Bronx,Bronx,0.07150836867,0.490513112363507,0.419004743693507,2021.08158752173,2021.1530958904,1
2389,333,NewYork,Bronx,0.05280828875,0.4905131123652,0.4377048236152,2021.10028760166,2021.15309589041,1
2181,124,Bronx,NewYork,0.02439985989,0.4905131123663,0.4661132524763,2021.12869603052,2021.15309589041,1
2520,464,Bronx,Bronx,0.00446771874200003,0.490513112367108,0.486045393625108,2021.14862817167,2021.15309589041,1
2273,223,Bronx,Queens,0.05206328183,0.4905131123693,0.4384498305393,2021.10103260858,2021.15309589041,1
2204,148,NewYork,Richmond,0.01457327429,0.4905131123704,0.4759398380804,2021.13852261612,2021.15309589041,1
2952,897,Bronx,Bronx,0.1713320693,0.490513112381,0.319181043081,2020.98176382112,2021.15309589042,1
2410,2411,Bronx,Bronx,0.02914682266,0.4905472867532,0.4614004640932,2021.12398324213,2021.15313006479,1
2348,2349,Bronx,Bronx,0.00523645091399999,0.4906312655887,0.4853948146747,2021.14797759272,2021.15321404363,1
2650,2651,Bronx,Bronx,0.00221372055399999,0.491469920212027,0.489256199658027,2021.1518389777,2021.15405269825,1
2133,2134,Bronx,Bronx,0.00781723551800001,0.49169422223706,0.48387698671906,2021.14645976476,2021.15427700028,1
3391,3394,Bronx,NewYork,0.02387221304,0.49170243174576,0.46783021870576,2021.13041299675,2021.15428520979,1
4086,4087,NewYork,NewYork,0.07304761503,0.49203160164095,0.41898398661095,2021.08156676465,2021.15461437968,1
3839,3840,Bronx,Bronx,0.01556792229,0.492048457999264,0.476480535709264,2021.13906331375,2021.15463123604,1
4074,4075,Bronx,Bronx,0.01874191962,0.49207146088895,0.47332954126895,2021.13591231931,2021.15465423893,1
3264,3265,Bronx,Nassau,0.07674604573,0.49216138252196,0.41541533679196,2021.07799811483,2021.15474416056,1
3392,3393,Westchester,Westchester,0.01560420313,0.49263880506676,0.47703460193676,2021.13961737998,2021.15522158311,1
2799,2800,Bronx,Bronx,0.09205235203,0.492683670119,0.400631318089,2021.06321409613,2021.15526644816,1
2596,2597,Bronx,Queens,0.02708846864,0.493122505098913,0.466034036458913,2021.1286168145,2021.15570528314,1
2597,2598,Queens,Queens,9.78067893199763e-05,0.493220311888233,0.493122505098913,2021.15570528314,2021.15580308993,1
3154,3155,Bronx,Bronx,0.0139110204,0.4932755673825,0.4793645469825,2021.14194732502,2021.15585834542,1
4096,4097,Kings,Kings,0.04134151161,0.49329194091895,0.45195042930895,2021.11453320735,2021.15587471896,1
2848,793,NewYork,Kings,0.1164029618,0.493513112257,0.377110150457,2021.0396929285,2021.1560958903,1
3669,1617,NewYork,Kings,0.1320371469,0.49351311229916,0.36147596539916,2021.02405874344,2021.15609589034,1
3302,1247,Bronx,Westchester,0.02730187947,0.49351311233299,0.46621123286299,2021.1287940109,2021.15609589037,1
4096,2046,Kings,Queens,0.04156268303,0.49351311233895,0.45195042930895,2021.11453320735,2021.15609589038,1
2419,366,Bronx,Kings,0.2112108364,0.4935131123412,0.2823022759412,2020.94488505398,2021.15609589038,1
2946,890,Queens,Queens,0.04474542395,0.4935131123417,0.4487676883917,2021.11135046643,2021.15609589038,1
3929,1878,Bronx,Bronx,0.02284084359,0.493513112342284,0.470672268752284,2021.13325504679,2021.15609589038,1
3397,1346,Bronx,Queens,0.08186296979,0.49351311234276,0.41165014255276,2021.07423292059,2021.15609589038,1
2198,143,Bronx,Bronx,0.1473898239,0.4935131123433,0.3461232884433,2021.00870606648,2021.15609589038,1
3394,1341,NewYork,NewYork,0.00181068059799999,0.49351311234376,0.49170243174576,2021.15428520979,2021.15609589038,1
3239,1184,Bronx,Westchester,0.00629004161399999,0.49351311234426,0.48722307073026,2021.14980584877,2021.15609589038,1
3383,1331,NewYork,NewYork,0.08022894274,0.49351311234476,0.41328416960476,2021.07586694765,2021.15609589039,1
3977,1923,Queens,Queens,0.01419972355,0.49351311234495,0.47931338879495,2021.14189616684,2021.15609589039,1
3977,1924,Queens,Nassau,0.01419972355,0.49351311234495,0.47931338879495,2021.14189616684,2021.15609589039,1
3392,1338,Westchester,Westchester,0.01647851041,0.49351311234676,0.47703460193676,2021.13961737998,2021.15609589039,1
4028,1972,Kings,Kings,0.01431009647,0.49351311235125,0.47920301588125,2021.14178579392,2021.15609589039,1
3690,1636,Kings,Kings,0.0491205848,0.49351311236025,0.44439252756025,2021.1069753056,2021.1560958904,1
2599,544,Bronx,Queens,0.01927860521,0.493513112368913,0.474234507158913,2021.1368172852,2021.15609589041,1
2597,541,Queens,Queens,0.000390607270599974,0.493513112369513,0.493122505098913,2021.15570528314,2021.15609589041,1
2135,80,Nassau,Nassau,0.003316762945,0.49351311237106,0.49019634942606,2021.15277912747,2021.15609589041,1
2556,502,Bronx,Queens,0.05593940883,0.493513112372707,0.437573703542707,2021.10015648158,2021.15609589041,1
2348,289,Bronx,Bronx,0.0081182977,0.4935131123747,0.4853948146747,2021.14797759272,2021.15609589042,1
2190,134,Bronx,Kings,0.1075319854,0.4935131123843,0.3859811269843,2021.04856390502,2021.15609589042,1
3252,1198,Bronx,Bronx,0.1482021889,0.49351311239156,0.34531092349156,2021.00789370153,2021.15609589043,1
2536,2537,NewYork,NewYork,0.06389401682,0.493900213976007,0.430006197156007,2021.0925889752,2021.15648299202,1
2840,2841,Bronx,Bronx,0.06437867541,0.49390170460249,0.42952302919249,2021.09210580723,2021.15648448264,1
3223,3224,Bronx,Kings,0.04285377103,0.49404927512956,0.45119550409956,2021.11377828214,2021.15663205317,1
3764,3765,Bronx,Westchester,0.06825645905,0.49444463108095,0.42618817203095,2021.08877095007,2021.15702740912,1
2275,2276,Bronx,Bronx,0.01462152183,0.4944633366093,0.4798418147793,2021.14242459282,2021.15704611465,1
3150,3151,Kings,Kings,0.01765424604,0.4947829961325,0.4771287500925,2021.13971152813,2021.15736577417,1
3704,3705,Bronx,Bronx,0.05179388849,0.49479407886455,0.44300019037455,2021.10558296842,2021.1573768569,1
3280,3282,NewYork,NewYork,0.00765032827099998,0.49482750909999,0.48717718082899,2021.14975995887,2021.15741028714,1
3432,3433,Queens,Queens,0.005228449972,0.49486103419823,0.48963258422623,2021.15221536227,2021.15744381224,1
4010,4011,NewYork,NewYork,0.0148136513,0.49487445885495,0.48006080755495,2021.1426435856,2021.1574572369,1
2896,2897,Kings,Kings,0.02065853141,0.4949115559404,0.4742530245304,2021.13683580257,2021.15749433398,1
3077,3078,Bronx,Bronx,0.04300211445,0.49537028694,0.45236817249,2021.11495095053,2021.15795306498,1
2212,2213,Bronx,Bronx,0.00760735728099998,0.4954008462014,0.4877934889204,2021.15037626696,2021.15798362424,1
3539,3540,NewYork,NewYork,0.09710182415,0.49550233321156,0.39840050906156,2021.0609832871,2021.15808511125,1
2868,2870,Queens,Kings,0.02714765314,0.4957654314524,0.4686177783124,2021.13120055635,2021.15834820949,1
2915,2916,Bronx,Bronx,0.04848271545,0.4957664031825,0.4472836877325,2021.10986646577,2021.15834918122,1
3517,3518,NewYork,NewYork,0.05806874704,0.49584406377896,0.43777531673896,2021.10035809478,2021.15842684182,1
2584,2585,Nassau,Nassau,0.05499041269,0.496237206592813,0.441246793902813,2021.10382957194,2021.15881998463,1
2246,2247,Kings,Kings,0.02824805036,0.4962600454373,0.4680119950773,2021.13059477312,2021.15884282348,1
2955,2956,Kings,Kings,0.1863645861,0.496284700115,0.309920114015,2020.97250289206,2021.15886747816,1
3669,1616,NewYork,Queens,0.1350371469,0.49651311229916,0.36147596539916,2021.02405874344,2021.15909589034,1
3460,1407,Bronx,Nassau,0.1575585864,0.49651311233546,0.33895452593546,2021.00153730398,2021.15909589038,1
2973,915,NewYork,Bronx,0.05455054061,0.4965131123389,0.4419625717289,2021.10454534977,2021.15909589038,1
2870,812,Kings,Kings,0.000747680887099977,0.4965131123395,0.4957654314524,2021.15834820949,2021.15909589038,1
3970,1916,Kings,Kings,0.05886860261,0.49651311234095,0.43764450973095,2021.10022728777,2021.15909589038,1
3444,1392,Queens,Queens,0.05926412566,0.49651311234156,0.43724898668156,2021.09983176472,2021.15909589038,1
3222,1166,Bronx,Bronx,0.04913883661,0.49651311234156,0.44737427573156,2021.10995705377,2021.15909589038,1
3062,1006,Bronx,Bronx,0.0375658514,0.496513112342,0.458947260942,2021.12153003898,2021.15909589038,1
3667,1611,NewYork,NewYork,0.02271037423,0.49651311234186,0.47380273811186,2021.13638551615,2021.15909589038,1
3984,1929,Queens,Kings,0.009806404883,0.49651311234195,0.48670670745895,2021.1492894855,2021.15909589038,1
3984,1930,Queens,Queens,0.009806404883,0.49651311234195,0.48670670745895,2021.1492894855,2021.15909589038,1
2800,740,Bronx,Bronx,0.00382944222300002,0.496513112342,0.492683670119,2021.15526644816,2021.15909589038,1
2800,741,Bronx,Bronx,0.00382944222300002,0.496513112342,0.492683670119,2021.15526644816,2021.15909589038,1
3393,1340,Westchester,Westchester,0.003874307277,0.49651311234376,0.49263880506676,2021.15522158311,2021.15909589038,1
3034,980,NewYork,NewYork,0.05795676069,0.496513112344,0.438556351654,2021.10113912969,2021.15909589038,1
3483,1428,Bronx,Bronx,0.09342116205,0.49651311234546,0.40309195029546,2021.06567472834,2021.15909589039,1
3224,1167,Kings,Kings,0.00246383721600002,0.49651311234556,0.49404927512956,2021.15663205317,2021.15909589039,1
3381,1334,NewYork,Kings,0.1241890759,0.49651311234876,0.37232403644876,2021.03490681449,2021.15909589039,1
3840,1783,Bronx,Bronx,0.00446465434999999,0.496513112349264,0.492048457999264,2021.15463123604,2021.15909589039,1
3868,1814,Bronx,Suffolk,0.1609713909,0.496513112351184,0.335541721451184,2020.99812449949,2021.15909589039,1
2781,723,Bronx,Nassau,0.2314493353,0.496513112352,0.265063777052,2020.92764655509,2021.15909589039,1
3159,1107,Nassau,Nassau,0.1212266434,0.4965131123615,0.3752864689615,2021.037869247,2021.1590958904,1
3092,1044,NewYork,NewYork,0.1263279579,0.496513112363,0.370185154463,2021.0327679325,2021.1590958904,1
2407,353,Bronx,Bronx,0.02718093613,0.4965131123692,0.4693321762392,2021.13191495428,2021.15909589041,1
2407,354,Bronx,Bronx,0.02718093613,0.4965131123692,0.4693321762392,2021.13191495428,2021.15909589041,1
2648,592,Bronx,Kings,0.02153160782,0.496513112370027,0.474981504550027,2021.13756428259,2021.15909589041,1
2134,77,Bronx,Bronx,0.004818890134,0.49651311237106,0.49169422223706,2021.15427700028,2021.15909589041,1
2134,78,Bronx,Bronx,0.004818890134,0.49651311237106,0.49169422223706,2021.15427700028,2021.15909589041,1
2066,10,Nassau,Nassau,0.00876656422700001,0.4965131123715,0.4877465481445,2021.15032932618,2021.15909589041,1
2600,545,Kings,Kings,0.01432010123,0.496513112372913,0.482193011142913,2021.14477578918,2021.15909589041,1
2349,290,Bronx,NewYork,0.00588184678600001,0.4965131123747,0.4906312655887,2021.15321404363,2021.15909589042,1
2651,2652,Bronx,Bronx,0.005266206532,0.496736126744027,0.491469920212027,2021.15405269825,2021.15931890478,1
3035,3036,NewYork,NewYork,0.02116749381,0.496861719524,0.475694225714,2021.13827700375,2021.15944449756,1
3093,3094,Kings,Kings,0.1006758321,0.497284846583,0.396609014483,2021.05919179252,2021.15986762462,1
2600,2601,Kings,Kings,0.01528345543,0.497476466572913,0.482193011142913,2021.14477578918,2021.16005924461,1
3508,3509,Westchester,Westchester,0.06319084643,0.49770640708896,0.43451556065896,2021.0970983387,2021.16028918513,1
2233,2234,NewYork,NewYork,0.08202514935,0.4979787667403,0.4159536173903,2021.07853639543,2021.16056154478,1
3839,3841,Bronx,Bronx,0.02157687154,0.498057407249264,0.476480535709264,2021.13906331375,2021.16064018529,1
2224,2225,Bronx,NewYork,0.1128685741,0.4980630070333,0.3851944329333,2021.04777721097,2021.16064578507,1
2132,2136,Bronx,Bronx,0.02688301549,0.49810153081906,0.47121851532906,2021.13380129337,2021.16068430886,1
2236,2237,NewYork,Nassau,0.05051620115,0.4981982587503,0.4476820576003,2021.11026483564,2021.16078103679,1
2762,2763,Bronx,Bronx,0.03609653251,0.49822675697,0.46213022446,2021.1247130025,2021.16080953501,1
2704,2705,Queens,Queens,0.06432244466,0.498311187305507,0.433988742645507,2021.09657152069,2021.16089396535,1
2136,2137,Bronx,NewYork,0.000237610798699994,0.49833914161776,0.49810153081906,2021.16068430886,2021.16092191966,1
2136,2138,Bronx,Bronx,0.000494393880499988,0.49859592469956,0.49810153081906,2021.16068430886,2021.16117870274,1
2440,2441,Nassau,Nassau,0.04561790658,0.4992384293902,0.4536205228102,2021.11620330085,2021.16182120743,1
3978,4003,Bronx,NewYork,0.1636311252,0.49926134086995,0.33563021566995,2020.99821299371,2021.16184411891,1
2288,2289,Bronx,Bronx,0.01807986125,0.499412365892,0.481332504642,2021.14391528268,2021.16199514393,1
4091,2039,Bronx,NewYork,0.1240057263,0.49951311230095,0.37550738600095,2021.03809016404,2021.16209589034,1
3348,1294,Bronx,Queens,0.121201846,0.49951311232856,0.37831126632856,2021.04089404437,2021.16209589037,1
2692,638,Bronx,Bronx,0.1249225041,0.499513112334507,0.374590608234507,2021.03717338627,2021.16209589037,1
3292,1236,Bronx,Queens,0.08451905536,0.49951311233599,0.41499405697599,2021.07757683502,2021.16209589038,1
4097,2044,Kings,Nassau,0.00622117141700002,0.49951311233595,0.49329194091895,2021.15587471896,2021.16209589038,1
2919,863,NewYork,Suffolk,0.1745771194,0.4995131123364,0.3249359929364,2020.98751877098,2021.16209589038,1
2978,920,Bronx,Bronx,0.02342802267,0.4995131123369,0.4760850896669,2021.13866786771,2021.16209589038,1
3049,991,Bronx,Bronx,0.0717982113,0.499513112337,0.427714901037,2021.09029767908,2021.16209589038,1
3560,1503,NewYork,NewYork,0.01050586,0.49951311233726,0.48900725233726,2021.15159003038,2021.16209589038,1
3560,1504,NewYork,NewYork,0.01050586,0.49951311233726,0.48900725233726,2021.15159003038,2021.16209589038,1
2916,861,Bronx,Bronx,0.00374670915600001,0.4995131123385,0.4957664031825,2021.15834918122,2021.16209589038,1
2875,818,Suffolk,Suffolk,0.1073258936,0.4995131123394,0.3921872187394,2021.05476999678,2021.16209589038,1
3004,949,Bronx,Bronx,0.07885064522,0.4995131123401,0.4206624671201,2021.08324524516,2021.16209589038,1
3982,1927,Bronx,Bronx,0.0257718723,0.49951311233995,0.47374124003995,2021.13632401808,2021.16209589038,1
3078,1023,Bronx,Bronx,0.00414282539999999,0.49951311234,0.49537028694,2021.15795306498,2021.16209589038,1
4002,1949,Bronx,Nassau,0.07301814232,0.49951311234045,0.42649497002045,2021.08907774806,2021.16209589038,1
2884,827,Queens,Queens,0.03367630939,0.4995131123404,0.4658368029504,2021.12841958099,2021.16209589038,1
2897,840,Kings,Kings,0.00460155639999998,0.4995131123404,0.4949115559404,2021.15749433398,2021.16209589038,1
4086,2036,NewYork,NewYork,0.08052912573,0.49951311234095,0.41898398661095,2021.08156676465,2021.16209589038,1
3213,1157,Nassau,Queens,0.08392999988,0.49951311234156,0.41558311246156,2021.0781658905,2021.16209589038,1
3218,1163,NewYork,NewYork,0.01221342727,0.49951311234156,0.48729968507156,2021.14988246311,2021.16209589038,1
2991,935,Queens,Queens,0.08677653997,0.4995131123421,0.4127365723721,2021.07531935041,2021.16209589038,1
3480,1426,NewYork,Bronx,0.06346745801,0.49951311234196,0.43604565433196,2021.09862843237,2021.16209589038,1
3587,1533,Bronx,Bronx,0.07666982491,0.49951311234246,0.42284328743246,2021.08542606547,2021.16209589038,1
3149,1095,Bronx,Kings,0.0615964553,0.4995131123425,0.4379166570425,2021.10049943508,2021.16209589038,1
3265,1210,Nassau,Nassau,0.007351729822,0.49951311234396,0.49216138252196,2021.15474416056,2021.16209589038,1
3034,979,NewYork,NewYork,0.06095676069,0.499513112344,0.438556351654,2021.10113912969,2021.16209589038,1
3353,1300,Bronx,Bronx,0.06605766583,0.49951311234466,0.43345544651466,2021.09603822456,2021.16209589038,1
2818,760,Bronx,Bronx,0.04156975797,0.4995131123447,0.4579433543747,2021.12052613242,2021.16209589039,1
3429,1375,NewYork,NewYork,0.09077017698,0.49951311234623,0.40874293536623,2021.07132571341,2021.16209589039,1
3350,1297,Bronx,Kings,0.1141181663,0.49951311234856,0.38539494604856,2021.04797772409,2021.16209589039,1
3890,1835,Bronx,Bronx,0.03398765625,0.499513112348784,0.465525456098784,2021.12810823414,2021.16209589039,1
4074,2021,Bronx,Bronx,0.02618357108,0.49951311234895,0.47332954126895,2021.13591231931,2021.16209589039,1
3632,1575,NewYork,NewYork,0.0183340882,0.4995131123488,0.4811790241488,2021.14376180219,2021.16209589039,1
3840,1784,Bronx,Bronx,0.00746465434999999,0.499513112349264,0.492048457999264,2021.15463123604,2021.16209589039,1
3841,1785,Bronx,Bronx,0.00145570509999998,0.499513112349264,0.498057407249264,2021.16064018529,2021.16209589039,1
3260,1205,Bronx,NewYork,0.1683754485,0.49951311235786,0.33113766385786,2020.9937204419,2021.1620958904,1
2514,458,Queens,Queens,0.02254002223,0.499513112359108,0.476973090129107,2021.13955586817,2021.1620958904,1
2514,459,Queens,Queens,0.02254002223,0.499513112359108,0.476973090129107,2021.13955586817,2021.1620958904,1
2400,346,NewYork,NewYork,0.120124436,0.4995131123602,0.3793886763602,2021.0419714544,2021.1620958904,1
2432,394,Nassau,Nassau,0.09530549659,0.4995131123622,0.4042076157722,2021.06679039381,2021.1620958904,1
2402,348,NewYork,Bronx,0.06845266328,0.4995131123632,0.4310604490832,2021.09364322712,2021.1620958904,1
2418,365,NewYork,Queens,0.02106537616,0.4995131123632,0.4784477362032,2021.14103051424,2021.1620958904,1
2181,125,Bronx,Kings,0.03339985989,0.4995131123663,0.4661132524763,2021.12869603052,2021.16209589041,1
2256,201,NewYork,NewYork,0.00935997677900002,0.4995131123663,0.4901531355873,2021.15273591363,2021.16209589041,1
3375,1323,Bronx,Kings,0.2738279493,0.49951311236676,0.22568516306676,2020.88826794111,2021.16209589041,1
2201,145,Bronx,Bronx,0.02856964493,0.4995131123673,0.4709434674373,2021.13352624548,2021.16209589041,1
2786,728,Bronx,Queens,0.05490130264,0.499513112368,0.444611809728,2021.10719458777,2021.16209589041,1
2311,256,NewYork,Queens,0.04043607808,0.4995131123692,0.4590770342892,2021.12165981233,2021.16209589041,1
2268,212,Westchester,Westchester,0.02874784323,0.4995131123693,0.4707652691393,2021.13334804718,2021.16209589041,1
2598,542,Queens,Queens,0.006292800481,0.499513112369233,0.493220311888233,2021.15580308993,2021.16209589041,1
2598,543,Queens,Queens,0.006292800481,0.499513112369233,0.493220311888233,2021.15580308993,2021.16209589041,1
2763,709,Bronx,Bronx,0.00128635539999999,0.49951311237,0.49822675697,2021.16080953501,2021.16209589041,1
2252,197,NewYork,Kings,0.06862454874,0.4995131123703,0.4308885636303,2021.09347134167,2021.16209589041,1
2253,198,NewYork,NewYork,0.05475413451,0.4995131123703,0.4447589778603,2021.1073417559,2021.16209589041,1
2211,156,Bronx,Bronx,0.04364959935,0.4995131123704,0.4558635130204,2021.11844629106,2021.16209589041,1
2078,24,Bronx,Bronx,0.01423342748,0.4995131123705,0.4852796848905,2021.14786246293,2021.16209589041,1
2696,642,Bronx,Bronx,0.01285325508,0.499513112370507,0.486659857290507,2021.14924263533,2021.16209589041,1
2135,79,Nassau,Nassau,0.009316762945,0.49951311237106,0.49019634942606,2021.15277912747,2021.16209589041,1
2229,173,Westchester,Westchester,0.03902130182,0.4995131123713,0.4604918105513,2021.12307458859,2021.16209589041,1
2137,81,NewYork,NewYork,0.001173970754,0.49951311237176,0.49833914161776,2021.16092191966,2021.16209589041,1
2137,82,NewYork,NewYork,0.001173970754,0.49951311237176,0.49833914161776,2021.16092191966,2021.16209589041,1
2117,61,Bronx,Kings,0.0430763516,0.49951311237306,0.45643676077306,2021.11901953881,2021.16209589041,1
2691,637,Bronx,Bronx,0.1430373342,0.499513112374507,0.356475778174507,2021.01905855621,2021.16209589042,1
2199,144,Bronx,Queens,0.1475506913,0.4995131123773,0.3519624210773,2021.01454519912,2021.16209589042,1
2859,804,Nassau,Nassau,0.138776419,0.4995131123824,0.3607366933824,2021.02331947142,2021.16209589042,1
2431,377,Nassau,Suffolk,0.1120164817,0.4995131123822,0.3874966306822,2021.05007940872,2021.16209589042,1
2543,489,Bronx,Bronx,0.1167072204,0.499513112413507,0.382805892013507,2021.04538867005,2021.16209589045,1
3876,3878,Queens,Queens,0.05751566933,0.500087484249984,0.442571814919984,2021.10515459296,2021.16267026229,1
2519,2522,Bronx,Nassau,0.0318785605,0.500202774325108,0.468324213825108,2021.13090699187,2021.16278555237,1
3561,3562,NewYork,Nassau,0.02085553388,0.50034169948326,0.47948616560326,2021.14206894364,2021.16292447752,1
3596,3597,Bronx,Queens,0.1522490588,0.50063402287046,0.34838496407046,2021.01096774211,2021.16321680091,1
3816,3817,Bronx,NewYork,0.1836220237,0.500990569569964,0.317368545869964,2020.97995132391,2021.16357334761,1
3651,1597,Bronx,Bronx,0.0518587916,0.50151311228916,0.44965432068916,2021.11223709873,2021.16409589033,1
3806,1752,NewYork,NewYork,0.02935471486,0.501513112302564,0.472158397442564,2021.13474117548,2021.16409589034,1
3806,1753,NewYork,NewYork,0.02935471486,0.501513112302564,0.472158397442564,2021.13474117548,2021.16409589034,1
3067,1010,Queens,Queens,0.1030245584,0.501513112316,0.398488553916,2021.06107133196,2021.16409589036,1
3031,977,NewYork,Queens,0.1544518248,0.501513112324,0.347061287524,2021.00964406556,2021.16409589036,1
3302,1246,Bronx,Queens,0.03530187947,0.50151311233299,0.46621123286299,2021.1287940109,2021.16409589037,1
3561,1505,NewYork,NewYork,0.02202694673,0.50151311233326,0.47948616560326,2021.14206894364,2021.16409589037,1
2829,773,NewYork,Bronx,0.07560410045,0.501513112335,0.425909011885,2021.08849178993,2021.16409589038,1
3293,1237,Bronx,Nassau,0.0829055460700001,0.50151311233599,0.41860756626599,2021.08119034431,2021.16409589038,1
2978,921,Bronx,Queens,0.02542802267,0.5015131123369,0.4760850896669,2021.13866786771,2021.16409589038,1
3118,1063,Kings,Kings,0.03579600437,0.50151311234,0.46571710797,2021.12829988601,2021.16409589038,1
2101,46,Bronx,Kings,0.1987613168,0.5015131123405,0.3027517955405,2020.96533457358,2021.16409589038,1
3796,1741,NewYork,Queens,0.06458817288,0.501513112342564,0.436924939462564,2021.0995077175,2021.16409589038,1
3588,1534,Bronx,Bronx,0.04340894902,0.50151311234246,0.45810416332246,2021.12068694136,2021.16409589038,1
3150,1096,Kings,Kings,0.02438436225,0.5015131123425,0.4771287500925,2021.13971152813,2021.16409589038,1
3661,1606,NewYork,NewYork,0.09419202541,0.50151311234386,0.40732108693386,2021.06990386497,2021.16409589038,1
3509,1456,Westchester,Westchester,0.00380670525600002,0.50151311234496,0.49770640708896,2021.16028918513,2021.16409589039,1
3209,1153,Queens,Queens,0.05536225519,0.50151311234556,0.44615085715556,2021.1087336352,2021.16409589039,1
4011,1956,NewYork,NewYork,0.00663865349100001,0.50151311234595,0.49487445885495,2021.1574572369,2021.16409589039,1
2880,823,Bronx,Bronx,0.1172053017,0.5015131123484,0.3843078106484,2021.04689058869,2021.16409589039,1
2454,399,NewYork,NewYork,0.1237649557,0.501513112356938,0.377748156656938,2021.0403309347,2021.1640958904,1
3986,1931,Kings,Kings,0.02970949363,0.50151311235895,0.47180361872895,2021.13438639677,2021.1640958904,1
2649,594,Bronx,Nassau,0.01734053605,0.501513112365027,0.484172576315027,2021.14675535436,2021.16409589041,1
2704,646,Queens,Queens,0.06752436972,0.501513112365507,0.433988742645507,2021.09657152069,2021.16409589041,1
2504,448,Bronx,Bronx,0.09058201501,0.501513112367107,0.410931097357108,2021.0735138754,2021.16409589041,1
2537,484,NewYork,NewYork,0.00761289839099999,0.501513112367007,0.493900213976007,2021.15648299202,2021.16409589041,1
2256,202,NewYork,NewYork,0.01135997678,0.5015131123673,0.4901531355873,2021.15273591363,2021.16409589041,1
2700,669,Queens,Richmond,0.0936708817899999,0.501513112368507,0.407842230578507,2021.07042500862,2021.16409589041,1
2268,211,Westchester,Westchester,0.03074784323,0.5015131123693,0.4707652691393,2021.13334804718,2021.16409589041,1
2601,546,Kings,Kings,0.00403664579700003,0.501513112369913,0.497476466572913,2021.16005924461,2021.16409589041,1
2142,86,NewYork,NewYork,0.05080934262,0.5015131123705,0.4507037697505,2021.11328654779,2021.16409589041,1
2142,87,NewYork,NewYork,0.05080934262,0.5015131123705,0.4507037697505,2021.11328654779,2021.16409589041,1
2713,659,Queens,NewYork,0.01345409037,0.501513112371507,0.488059022001507,2021.15064180004,2021.16409589041,1
2249,194,Nassau,Nassau,0.03439214773,0.5015131123913,0.4671209646613,2021.1297037427,2021.16409589043,1
2329,274,Bronx,NewYork,0.1673445322,0.5015131124036,0.3341685802036,2020.99675135824,2021.16409589044,1
2192,137,Bronx,Bronx,0.0309193169300001,0.5015131124143,0.4705937954843,2021.13317657352,2021.16409589045,1
3995,3996,Queens,Queens,0.0563980348700001,0.50177232372805,0.44537428885805,2021.1079570669,2021.16435510177,1
3941,3942,NewYork,NewYork,0.05567169697,0.502082984058984,0.446411287088984,2021.10899406513,2021.1646657621,1
2338,2339,Queens,Queens,0.0229923863,0.5022673666417,0.4792749803417,2021.14185775838,2021.16485014468,1
2958,2959,Kings,Kings,0.1077006719,0.502668321315,0.394967649415,2021.05755042746,2021.16525109936,1
3546,3547,NewYork,NewYork,0.09037127467,0.50270862190786,0.41233734723786,2021.07492012528,2021.16529139995,1
2522,2523,Nassau,Nassau,0.00273167531600005,0.502934449641108,0.500202774325108,2021.16278555237,2021.16551722768,1
2515,2516,Bronx,Bronx,0.04297830832,0.503106745104107,0.460128436784107,2021.12271121482,2021.16568952314,1
3691,3692,NewYork,Suffolk,0.2067483415,0.50326869698725,0.29652035548725,2020.95910313353,2021.16585147503,1
2870,2871,Kings,Nassau,0.00769517428200001,0.5034606057344,0.4957654314524,2021.15834820949,2021.16604338377,1
2289,2290,Bronx,Bronx,0.00405506096500002,0.503467426857,0.499412365892,2021.16199514393,2021.1660502049,1
2370,2372,Bronx,NewYork,0.0254598627399999,0.5035092794757,0.4780494167357,2021.14063219478,2021.16609205752,1
3323,3324,Queens,Queens,0.02649876546,0.50384179495854,0.47734302949854,2021.13992580754,2021.166424573,1
2441,2442,Nassau,Nassau,0.00463404745699997,0.5038724768472,0.4992384293902,2021.16182120743,2021.16645525489,1
2353,2354,Bronx,NewYork,0.03618138716,0.5041159909077,0.4679346037477,2021.13051738179,2021.16669876895,1
2715,2718,NewYork,NewYork,0.02548769732,0.504275775061507,0.478788077741507,2021.14137085578,2021.1668585531,1
3938,3939,NewYork,NewYork,0.02662619569,0.504311939888984,0.477685744198984,2021.14026852224,2021.16689471793,1
3275,1221,Bronx,Westchester,0.1699552733,0.50451311230086,0.33455783900086,2020.99714061704,2021.16709589034,1
3819,1764,Queens,Westchester,0.1400783521,0.504513112327964,0.364434760227964,2021.02701753827,2021.16709589037,1
3068,1015,Queens,Queens,0.07547765868,0.504513112336,0.429035453656,2021.0916182317,2021.16709589038,1
3313,1258,Bronx,Bronx,0.0609109484899999,0.50451311233694,0.44360216384694,2021.10618494189,2021.16709589038,1
2123,68,Bronx,Nassau,0.1268507256,0.50451311233706,0.37766238673706,2021.04024516478,2021.16709589038,1
3076,1020,NewYork,NewYork,0.04894244179,0.50451311234,0.45557067055,2021.11815344859,2021.16709589038,1
3200,1144,Kings,Kings,0.02001735252,0.50451311234156,0.48449575982156,2021.14707853786,2021.16709589038,1
2057,4,Bronx,Kings,0.3131553974,0.5045131123425,0.1913577149425,2020.85394049298,2021.16709589038,1
3634,1578,Kings,Kings,0.07569089014,0.5045131123428,0.4288222222028,2021.09140500024,2021.16709589038,1
3035,984,NewYork,NewYork,0.02881888663,0.504513112344,0.475694225714,2021.13827700375,2021.16709589038,1
2937,882,Bronx,Bronx,0.0655527782199999,0.5045131123464,0.4389603341264,2021.10154311217,2021.16709589039,1
3904,1848,Bronx,NewYork,0.07451590638,0.504513112346984,0.429997205966984,2021.09257998401,2021.16709589039,1
3743,1689,NewYork,Queens,0.1566774413,0.50451311235725,0.34783567105725,2021.0104184491,2021.1670958904,1
3869,1815,Bronx,NewYork,0.1680878609,0.504513112357284,0.336425251457284,2020.9990080295,2021.1670958904,1
2698,644,Bronx,Bronx,0.02971520324,0.504513112361507,0.474797909121507,2021.13738068716,2021.1670958904,1
2464,410,Bronx,Bronx,0.06050331578,0.504513112362338,0.444009796582338,2021.10659257462,2021.1670958904,1
2162,106,Bronx,Bronx,0.08944224241,0.5045131123633,0.4150708699533,2021.07765364799,2021.1670958904,1
2509,453,Bronx,Bronx,0.0408679555600001,0.504513112364108,0.463645156804108,2021.12622793484,2021.1670958904,1
2071,16,Nassau,Nassau,0.04266135084,0.5045131123645,0.4618517615245,2021.12443453956,2021.1670958904,1
2705,647,Queens,Queens,0.00620192505899997,0.504513112364507,0.498311187305507,2021.16089396535,2021.1670958904,1
2213,158,Bronx,Kings,0.00911226616499999,0.5045131123664,0.4954008462014,2021.15798362424,2021.16709589041,1
2289,233,Bronx,Kings,0.00510074647499997,0.504513112367,0.499412365892,2021.16199514393,2021.16709589041,1
2153,99,NewYork,NewYork,0.07581149953,0.5045131123675,0.4287016128375,2021.09128439088,2021.16709589041,1
2786,727,Bronx,NewYork,0.05990130264,0.504513112368,0.444611809728,2021.10719458777,2021.16709589041,1
2687,633,Bronx,NewYork,0.01658211201,0.504513112368607,0.487931000358607,2021.1505137784,2021.16709589041,1
2522,467,Nassau,Nassau,0.00431033804400005,0.504513112369108,0.500202774325108,2021.16278555237,2021.16709589041,1
2648,593,Bronx,NewYork,0.02953160782,0.504513112370027,0.474981504550027,2021.13756428259,2021.16709589041,1
2212,157,Bronx,NewYork,0.01671962345,0.5045131123704,0.4877934889204,2021.15037626696,2021.16709589041,1
2375,321,NewYork,NewYork,0.07554719425,0.5045131123772,0.4289659181272,2021.09154869617,2021.16709589042,1
2353,297,Bronx,Nassau,0.03657850863,0.5045131123777,0.4679346037477,2021.13051738179,2021.16709589042,1
2459,405,NewYork,NewYork,0.1436663099,0.504513112388338,0.360846802488338,2021.02342958053,2021.16709589043,1
3131,3132,Queens,Queens,0.05316610042,0.504560745281,0.451394644861,2021.1139774229,2021.16714352332,1
2433,2434,Nassau,Suffolk,0.09117489253,0.5056260002422,0.4144511077122,2021.07703388575,2021.16820877828,1
2205,2206,Bronx,Kings,0.0864290432399999,0.5058534708404,0.4194244276004,2021.08200720564,2021.16843624888,1
4010,4012,NewYork,Bronx,0.02616527408,0.50622608163495,0.48006080755495,2021.1426435856,2021.16880885968,1
2442,2443,Nassau,Nassau,0.00283440949000002,0.5067068863372,0.5038724768472,2021.16645525489,2021.16928966438,1
3303,3304,Bronx,Queens,0.0949338664,0.50673870662399,0.41180484022399,2021.07438761826,2021.16932148466,1
3607,3608,Bronx,Bronx,0.09084483522,0.50694717489146,0.41610233967146,2021.07868511771,2021.16952995293,1
3948,3949,NewYork,Queens,0.02425083592,0.507047413610984,0.482796577690984,2021.14537935573,2021.16963019165,1
2748,703,Bronx,Bronx,0.1195947609,0.50751311232,0.38791835142,2021.05050112946,2021.17009589036,1
2959,904,Kings,Kings,0.00484479100599999,0.507513112321,0.502668321315,2021.16525109936,2021.17009589036,1
3063,1005,Bronx,Bronx,0.03943522263,0.507513112336,0.468077889706,2021.13066066775,2021.17009589038,1
3315,1260,NewYork,Nassau,0.02745612088,0.50751311233694,0.48005699145694,2021.1426397695,2021.17009589038,1
3050,993,Bronx,Bronx,0.05272402168,0.507513112337,0.454789090657,2021.1173718687,2021.17009589038,1
4095,2043,Bronx,Bronx,0.07086733331,0.50751311233895,0.43664577902895,2021.09922855707,2021.17009589038,1
2897,839,Kings,Kings,0.0126015564,0.5075131123404,0.4949115559404,2021.15749433398,2021.17009589038,1
3905,1849,Bronx,Bronx,0.07397972322,0.507513112340984,0.433533389120984,2021.09611616716,2021.17009589038,1
3779,1724,Bronx,Nassau,0.04160006391,0.50751311234195,0.46591304843195,2021.12849582647,2021.17009589038,1
3895,1839,Bronx,Queens,0.02519752981,0.507513112341784,0.482315582531784,2021.14489836057,2021.17009589038,1
2864,806,Nassau,Queens,0.0738631353999999,0.5075131123424,0.4336499769424,2021.09623275498,2021.17009589038,1
2867,809,Queens,Nassau,0.06250893392,0.5075131123424,0.4450041784224,2021.10758695646,2021.17009589038,1
3401,1348,NewYork,NewYork,0.1003511518,0.50751311235696,0.40716196055696,2021.0697447386,2021.1700958904,1
3276,1222,Bronx,NewYork,0.1683264832,0.50751311236086,0.33918662916086,2021.0017694072,2021.1700958904,1
2698,645,Bronx,Bronx,0.03271520324,0.507513112361507,0.474797909121507,2021.13738068716,2021.1700958904,1
2920,864,NewYork,NewYork,0.01927027481,0.5075131123644,0.4882428375544,2021.15082561559,2021.1700958904,1
2473,419,NewYork,NewYork,0.02145584841,0.507513112366137,0.486057263956137,2021.148640042,2021.17009589041,1
2650,595,Bronx,Queens,0.01825691271,0.507513112368027,0.489256199658027,2021.1518389777,2021.17009589041,1
2306,251,Bronx,NewYork,0.0830912877,0.5075131123692,0.4244218246692,2021.08700460271,2021.17009589041,1
2493,439,Westchester,Westchester,0.09713030706,0.507513112371508,0.410382805311508,2021.07296558335,2021.17009589041,1
2697,643,Bronx,NewYork,0.0662236875,0.507513112371507,0.441289424871507,2021.10387220291,2021.17009589041,1
2213,159,Bronx,Westchester,0.01211226617,0.5075131123714,0.4954008462014,2021.15798362424,2021.17009589041,1
2138,83,Bronx,Bronx,0.00891718767199995,0.50751311237156,0.49859592469956,2021.16117870274,2021.17009589041,1
2138,84,Bronx,Westchester,0.00891718767199995,0.50751311237156,0.49859592469956,2021.16117870274,2021.17009589041,1
2831,775,Bronx,NewYork,0.2017255107,0.5075131123813,0.3057876016813,2020.96837037972,2021.17009589042,1
4003,1950,NewYork,NewYork,0.00825177152499995,0.50751311239495,0.49926134086995,2021.16184411891,2021.17009589044,1
3765,3766,Westchester,Westchester,0.01316968037,0.50761431145095,0.49444463108095,2021.15702740912,2021.17019708949,1
2225,2226,NewYork,NewYork,0.00966934283600002,0.5077323498693,0.4980630070333,2021.16064578507,2021.17031512791,1
3959,3960,NewYork,Queens,0.02460480917,0.508091770297084,0.483486961127084,2021.14606973917,2021.17067454834,1
2601,2602,Kings,Kings,0.01084251939,0.508318985962913,0.497476466572913,2021.16005924461,2021.170901764,1
2443,2445,Nassau,Suffolk,0.00175188163200002,0.5084587679692,0.5067068863372,2021.16928966438,2021.17104154601,1
2652,2653,Bronx,Bronx,0.01189317679,0.508629303534027,0.496736126744027,2021.15931890478,2021.17121208157,1
2676,2677,Bronx,Bronx,0.03261485676,0.509433755133527,0.476818898373527,2021.13940167641,2021.17201653317,1
2397,2398,NewYork,Kings,0.06725077345,0.5097283718722,0.4424775984222,2021.10506037646,2021.17231114991,1
3135,3136,Queens,Queens,0.019942902,0.50974360446,0.48980070246,2021.1523834805,2021.1723263825,1
2074,2075,Bronx,Kings,0.0845268293899999,0.5098225441005,0.4252957147105,2021.08787849275,2021.17240532214,1
2362,2363,Bronx,Bronx,0.07032756266,0.5101162973057,0.4397887346457,2021.10237151269,2021.17269907535,1
3518,3519,NewYork,NewYork,0.01433507849,0.51017914226896,0.49584406377896,2021.15842684182,2021.17276192031,1
3557,3563,NewYork,NewYork,0.05546075167,0.51041822882126,0.45495747715126,2021.11754025519,2021.17300100686,1
3374,1322,NewYork,NewYork,0.1781946,0.51051311230056,0.33231851230056,2020.99490129034,2021.17309589034,1
2933,877,Suffolk,Suffolk,0.06490464989,0.5105131123404,0.4456084624504,2021.10819124049,2021.17309589038,1
3765,1710,Westchester,Westchester,0.01606848126,0.51051311234095,0.49444463108095,2021.15702740912,2021.17309589038,1
3895,1840,Bronx,Bronx,0.02819752981,0.510513112341784,0.482315582531784,2021.14489836057,2021.17309589038,1
3151,1097,Kings,Richmond,0.01573011621,0.5105131123425,0.4947829961325,2021.15736577417,2021.17309589038,1
2916,860,Bronx,Nassau,0.01474670916,0.5105131123425,0.4957664031825,2021.15834918122,2021.17309589038,1
3036,983,NewYork,NewYork,0.01365139282,0.510513112344,0.496861719524,2021.15944449756,2021.17309589038,1
3721,1665,Kings,Kings,0.06208125259,0.51051311234435,0.44843185975435,2021.11101463779,2021.17309589038,1
3390,1337,Bronx,Bronx,0.0712120998,0.51051311234576,0.43930101254576,2021.10188379059,2021.17309589039,1
3104,1047,NewYork,Kings,0.1220393494,0.510513112359,0.388473762959,2021.051056541,2021.1730958904,1
2728,674,NewYork,NewYork,0.04159428108,0.510513112364507,0.468918831284507,2021.13150160932,2021.1730958904,1
2754,697,Queens,NewYork,0.0814859858999999,0.510513112365,0.429027126465,2021.09160990451,2021.17309589041,1
2154,100,NewYork,NewYork,0.0298038984,0.5105131123675,0.4807092139675,2021.14329199201,2021.17309589041,1
2275,216,Bronx,Kings,0.03067129759,0.5105131123693,0.4798418147793,2021.14242459282,2021.17309589041,1
2760,707,Bronx,Queens,0.09618641754,0.51051311237,0.41432669483,2021.07690947287,2021.17309589041,1
2339,283,Queens,Queens,0.00824574572900005,0.5105131123707,0.5022673666417,2021.16485014468,2021.17309589041,1
2554,499,Bronx,Westchester,0.06736469228,0.510513112372707,0.443148420092707,2021.10573119813,2021.17309589041,1
3441,1388,NewYork,NewYork,0.04629092514,0.51051311238156,0.46422218724156,2021.12680496528,2021.17309589042,1
2112,57,Bronx,Queens,0.1751559619,0.5105131123974,0.3353571504974,2020.99793992854,2021.17309589044,1
2399,345,NewYork,Bronx,0.1392922013,0.5105131124022,0.3712209111022,2021.03380368914,2021.17309589044,1
2226,2227,NewYork,NewYork,0.00279199447800005,0.5105243443473,0.5077323498693,2021.17031512791,2021.17310712239,1
2842,2843,Bronx,Nassau,0.1796376059,0.51059527614349,0.33095767024349,2020.99354044828,2021.17317805418,1
3401,3402,NewYork,Queens,0.1038193676,0.51098132815696,0.40716196055696,2021.0697447386,2021.1735641062,1
2290,2291,Bronx,Bronx,0.00760046139000004,0.511067888247,0.503467426857,2021.1660502049,2021.17365066629,1
2735,2736,Bronx,Bronx,0.03043620963,0.511145014303507,0.480708804673507,2021.14329158271,2021.17372779234,1
3823,3824,Bronx,Nassau,0.1902056149,0.511178776483264,0.320973161583264,2020.98355593962,2021.17376155452,1
3098,3139,Bronx,NewYork,0.2991420205,0.51123016168,0.21208814118,2020.87467091922,2021.17381293972,1
3549,3550,NewYork,NewYork,0.08368182915,0.51156697952686,0.42788515037686,2021.09046792842,2021.17414975757,1
3321,3322,Bronx,Bronx,0.08657061638,0.51168493665854,0.42511432027854,2021.08769709832,2021.1742677147,1
2473,2474,NewYork,NewYork,0.02571149601,0.511768759966137,0.486057263956137,2021.148640042,2021.17435153801,1
2838,2846,Bronx,NewYork,0.188378831,0.512048212235,0.323669381235,2020.98625215928,2021.17463099028,1
3280,3281,NewYork,Bronx,0.02500684328,0.51218402410899,0.48717718082899,2021.14975995887,2021.17476680215,1
3239,3240,Bronx,NewYork,0.0250459823600001,0.51226905309026,0.48722307073026,2021.14980584877,2021.17485183113,1
2971,2972,NewYork,Queens,0.1002649752,0.5124823499689,0.4122173747689,2021.07480015281,2021.17506512801,1
3369,1317,Bronx,Queens,0.1125908513,0.51251311233056,0.39992226103056,2021.06250503907,2021.17509589037,1
3322,1266,Bronx,Bronx,0.000828175675700038,0.51251311233424,0.51168493665854,2021.1742677147,2021.17509589037,1
2846,789,NewYork,Westchester,0.00046490010639999,0.5125131123414,0.512048212235,2021.17463099028,2021.17509589038,1
3815,1761,Bronx,Kings,0.1991813732,0.512513112351964,0.313331739151964,2020.97591451719,2021.17509589039,1
2398,344,Kings,Kings,0.00278474049400002,0.5125131123662,0.5097283718722,2021.17231114991,2021.17509589041,1
2254,199,NewYork,Bronx,0.05182873656,0.5125131123703,0.4606843758103,2021.12326715385,2021.17509589041,1
2078,23,Bronx,Bronx,0.02723342748,0.5125131123705,0.4852796848905,2021.14786246293,2021.17509589041,1
3828,1772,Bronx,Westchester,0.1195046083,0.512513112383264,0.393008504083264,2021.05559128212,2021.17509589042,1
2683,2685,NewYork,NewYork,0.02440731215,0.512564637624607,0.488157325474607,2021.15074010352,2021.17514741567,1
3094,3095,Kings,Kings,0.01537213834,0.512656984923,0.497284846583,2021.15986762462,2021.17523976296,1
2349,2350,Bronx,Bronx,0.02208770637,0.5127189719587,0.4906312655887,2021.15321404363,2021.17530175,1
2387,2390,NewYork,Westchester,0.08363619189,0.5127900136882,0.4291538217982,2021.09173659984,2021.17537279173,1
2354,2355,NewYork,NewYork,0.00884357291799998,0.5129595638257,0.5041159909077,2021.16669876895,2021.17554234187,1
3069,3070,Queens,Queens,0.07587197816,0.513063034539,0.437191056379,2021.09977383442,2021.17564581258,1
2604,2605,Bronx,Westchester,0.0372443991500001,0.513354803722813,0.476110404572813,2021.13869318261,2021.17593758176,1
3898,3899,Nassau,Nassau,0.03735037348,0.513392066872784,0.476041693392784,2021.13862447143,2021.17597484491,1
2611,2612,NewYork,NewYork,0.1032936985,0.513560700767507,0.410267002267507,2021.07284978031,2021.17614347881,1
3448,3449,Bronx,Suffolk,0.2631957126,0.51357633778206,0.25038062518206,2020.91296340322,2021.17615911582,1
2705,2706,Queens,Queens,0.01530765143,0.513618838735507,0.498311187305507,2021.16089396535,2021.17620161678,1
3008,3009,NewYork,NewYork,0.08905363645,0.5136317123689,0.4245780759189,2021.08716085396,2021.17621449041,1
2474,2475,NewYork,NewYork,0.00226296968100004,0.514031729647138,0.511768759966137,2021.17435153801,2021.17661450769,1
4000,4001,Bronx,NewYork,0.09044835792,0.51406837190445,0.42362001398445,2021.08620279202,2021.17665114994,1
3632,3633,NewYork,Bronx,0.03302798108,0.5142070052288,0.4811790241488,2021.14376180219,2021.17678978327,1
3731,3732,NewYork,Queens,0.1302464393,0.51449097803525,0.38424453873525,2021.04682731678,2021.17707375608,1
2670,2671,Bronx,Queens,0.0935627141199999,0.515101945041527,0.421539230921527,2021.08412200896,2021.17768472308,1
3537,1482,NewYork,Bronx,0.1246963734,0.51551311231346,0.39081673891346,2021.05339951695,2021.17809589035,1
3688,1633,NewYork,NewYork,0.1591158262,0.51551311232025,0.35639728612025,2021.01898006416,2021.17809589036,1
3304,1249,Queens,Queens,0.00877440571499999,0.51551311233899,0.50673870662399,2021.16932148466,2021.17809589038,1
3076,1021,NewYork,Queens,0.05994244179,0.51551311234,0.45557067055,2021.11815344859,2021.17809589038,1
3136,1079,Queens,Queens,0.00576950788099995,0.515513112341,0.50974360446,2021.1723263825,2021.17809589038,1
2846,790,NewYork,NewYork,0.00346490010699996,0.515513112342,0.512048212235,2021.17463099028,2021.17809589038,1
3550,1494,NewYork,NewYork,0.00394613281599998,0.51551311234286,0.51156697952686,2021.17414975757,2021.17809589038,1
4043,1989,Bronx,NewYork,0.07884216492,0.51551311234395,0.43667094742395,2021.09925372546,2021.17809589038,1
3393,1339,Westchester,Westchester,0.02287430728,0.51551311234676,0.49263880506676,2021.15522158311,2021.17809589039,1
3601,1546,Kings,Kings,0.0392768141199999,0.51551311234846,0.47623629822846,2021.13881907627,2021.17809589039,1
4075,2022,Bronx,Bronx,0.02344165146,0.51551311234895,0.49207146088895,2021.15465423893,2021.17809589039,1
4075,2023,Bronx,Bronx,0.02344165146,0.51551311234895,0.49207146088895,2021.15465423893,2021.17809589039,1
2651,596,Bronx,Nassau,0.0240431921499999,0.515513112362027,0.491469920212027,2021.15405269825,2021.1780958904,1
2225,167,NewYork,NewYork,0.01745010533,0.5155131123633,0.4980630070333,2021.16064578507,2021.1780958904,1
2071,17,Nassau,Nassau,0.05366135084,0.5155131123645,0.4618517615245,2021.12443453956,2021.1780958904,1
2116,60,Bronx,Bronx,0.06826469622,0.51551311237606,0.44724841615606,2021.1098311942,2021.17809589042,1
2434,2435,Suffolk,Suffolk,0.01024962135,0.5158756215922,0.5056260002422,2021.16820877828,2021.17845839963,1
2282,2283,Bronx,Westchester,0.05950792454,0.5160878303093,0.4565799057693,2021.11916268381,2021.17867060835,1
3240,3241,NewYork,NewYork,0.00450477159399998,0.51677382468426,0.51226905309026,2021.17485183113,2021.17935660272,1
3151,3152,Kings,Kings,0.02221496289,0.5169979590225,0.4947829961325,2021.15736577417,2021.17958073706,1
2445,2446,Suffolk,Suffolk,0.00855493368100002,0.5170137016502,0.5084587679692,2021.17104154601,2021.17959647969,1
3829,3830,Bronx,NewYork,0.1113819599,0.517085226723264,0.405703266823264,2021.06828604486,2021.17966800476,1
3228,3229,Bronx,NewYork,0.08593552926,0.51794198177156,0.43200645251156,2021.09458923055,2021.18052475981,1
2443,2444,Nassau,Nassau,0.01130745517,0.5180143415072,0.5067068863372,2021.16928966438,2021.18059711955,1
3446,1394,Bronx,Bronx,0.2692507744,0.51851311229616,0.24926233789616,2020.91184511594,2021.18109589034,1
2900,844,NewYork,NewYork,0.2262606895,0.5185131123237,0.2922524228237,2020.95483520086,2021.18109589036,1
3303,1248,Bronx,Queens,0.1067082721,0.51851311232399,0.41180484022399,2021.07438761826,2021.18109589036,1
2753,700,Queens,Queens,0.1077397201,0.518513112325,0.410773392225,2021.07335617027,2021.18109589037,1
3063,1004,Bronx,Bronx,0.05043522263,0.518513112336,0.468077889706,2021.13066066775,2021.18109589038,1
3314,1259,Bronx,NewYork,0.0613693112499999,0.51851311233694,0.45714380108694,2021.11972657913,2021.18109589038,1
3227,1172,Bronx,Bronx,0.1024497716,0.51851311234156,0.41606334074156,2021.07864611878,2021.18109589038,1
3153,1100,Bronx,Kings,0.0530615961999999,0.5185131123425,0.4654515161425,2021.12803429418,2021.18109589038,1
3621,1565,Bronx,Bronx,0.03062238689,0.5185131123426,0.4878907254526,2021.15047350349,2021.18109589038,1
3449,1396,Suffolk,Suffolk,0.00493677456200003,0.51851311234406,0.51357633778206,2021.17615911582,2021.18109589038,1
3708,1649,Bronx,Westchester,0.05883462292,0.51851311234455,0.45967848942455,2021.12226126747,2021.18109589038,1
3552,1497,NewYork,Bronx,0.08653782602,0.51851311234726,0.43197528632726,2021.09455806437,2021.18109589039,1
2904,848,NewYork,Queens,0.2006923413,0.5185131123533,0.3178207710533,2020.98040354909,2021.18109589039,1
2709,653,Queens,Queens,0.0671542321799999,0.518513112359507,0.451358880179507,2021.11394165822,2021.1810958904,1
3848,1792,Bronx,Queens,0.1534291407,0.518513112360184,0.365083971660184,2021.0276667497,2021.1810958904,1
3362,1307,Suffolk,Suffolk,0.04673214439,0.51851311236256,0.47178096797256,2021.13436374601,2021.1810958904,1
2590,535,Bronx,Queens,0.08408795456,0.518513112363813,0.434425157803813,2021.09700793584,2021.1810958904,1
2710,655,Queens,Queens,0.05953810396,0.518513112364507,0.458975008404507,2021.12155778645,2021.18109589041,1
2589,533,Queens,Queens,0.06710996529,0.518513112364813,0.451403147074813,2021.11398592512,2021.18109589041,1
2227,169,NewYork,NewYork,0.00798876801899995,0.5185131123663,0.5105243443473,2021.17310712239,2021.18109589041,1
2227,170,NewYork,NewYork,0.00798876801899995,0.5185131123663,0.5105243443473,2021.17310712239,2021.18109589041,1
3413,1359,NewYork,Queens,0.1583459864,0.51851311236673,0.36016712596673,2021.02274990401,2021.18109589041,1
2092,35,Queens,Nassau,0.06503968038,0.5185131123675,0.4534734319875,2021.11605621003,2021.18109589041,1
2445,390,Suffolk,Suffolk,0.0100543444,0.5185131123692,0.5084587679692,2021.17104154601,2021.18109589041,1
2279,221,Bronx,Nassau,0.04693183648,0.5185131123693,0.4715812758893,2021.13416405393,2021.18109589041,1
2226,168,NewYork,NewYork,0.0107807625,0.5185131123693,0.5077323498693,2021.17031512791,2021.18109589041,1
2234,175,NewYork,NewYork,0.02053434563,0.5185131123703,0.4979787667403,2021.16056154478,2021.18109589041,1
2372,317,NewYork,NewYork,0.0150038329,0.5185131123757,0.5035092794757,2021.16609205752,2021.18109589042,1
4057,4058,Bronx,Bronx,0.1054444108,0.51853064739295,0.41308623659295,2021.07566901463,2021.18111342543,1
3949,3950,Queens,Queens,0.01155928709,0.518606700700984,0.507047413610984,2021.16963019165,2021.18118947874,1
2363,2364,Bronx,Bronx,0.00849719771599999,0.5186134950217,0.5101162973057,2021.17269907535,2021.18119627306,1
2435,2436,Suffolk,Suffolk,0.00315457877000003,0.5190302003622,0.5158756215922,2021.17845839963,2021.1816129784,1
2234,2235,NewYork,NewYork,0.02110188894,0.5190806556803,0.4979787667403,2021.16056154478,2021.18166343372,1
2231,2240,NewYork,Nassau,0.1235513363,0.5193514469613,0.3958001106613,2021.0583828887,2021.181934225,1
3337,3338,Bronx,Nassau,0.121719244,0.51943430700756,0.39771506300756,2021.06029784105,2021.18201708505,1
3929,3930,Bronx,Bronx,0.04876254014,0.519434808892284,0.470672268752284,2021.13325504679,2021.18201758693,1
2574,2575,Bronx,Bronx,0.07962391498,0.519583294545813,0.439959379565813,2021.10254215761,2021.18216607259,1
3648,3649,NewYork,NewYork,0.09229250578,0.51974285426916,0.42745034848916,2021.09003312653,2021.18232563231,1
2703,2707,Queens,Queens,0.08906194922,0.519767603635507,0.430705654415507,2021.09328843246,2021.18235038168,1
3094,3097,Kings,Kings,0.02263249713,0.519917343713,0.497284846583,2021.15986762462,2021.18250012175,1
3095,3096,Kings,Kings,0.00809379820199996,0.520750783125,0.512656984923,2021.17523976296,2021.18333356117,1
2584,2586,Nassau,Nassau,0.07967618951,0.520922983412813,0.441246793902813,2021.10382957194,2021.18350576145,1
3497,3498,NewYork,NewYork,0.05484820685,0.52104691340196,0.46619870655196,2021.12878148459,2021.18362969144,1
3950,3951,Queens,Queens,0.00256599558299997,0.521172696283984,0.518606700700984,2021.18118947874,2021.18375547432,1
3118,3119,Kings,Kings,0.05548014457,0.52119725254,0.46571710797,2021.12829988601,2021.18378003058,1
3615,1559,Bronx,Queens,0.1379546894,0.52151311230046,0.38355842290046,2021.04614120094,2021.18409589034,1
3095,1038,Kings,Kings,0.00885612738700003,0.52151311231,0.512656984923,2021.17523976296,2021.18409589035,1
3817,1762,NewYork,NewYork,0.02052254275,0.521513112319964,0.500990569569964,2021.16357334761,2021.18409589036,1
3695,1641,NewYork,NewYork,0.1891640989,0.52151311232225,0.33234901342225,2020.99493179146,2021.18409589036,1
3562,1506,Nassau,Nassau,0.02117141285,0.52151311233326,0.50034169948326,2021.16292447752,2021.18409589037,1
3183,1135,NewYork,NewYork,0.1065419882,0.52151311233356,0.41497112413356,2021.07755390217,2021.18409589037,1
3152,1099,Kings,Kings,0.00451515331800001,0.5215131123405,0.5169979590225,2021.17958073706,2021.18409589038,1
3766,1711,Westchester,Westchester,0.01389880089,0.52151311234095,0.50761431145095,2021.17019708949,2021.18409589038,1
3551,1496,NewYork,Queens,0.09023803534,0.52151311234186,0.43127507700186,2021.09385785504,2021.18409589038,1
3550,1495,NewYork,NewYork,0.00994613281599999,0.52151311234286,0.51156697952686,2021.17414975757,2021.18409589038,1
2843,784,Nassau,Nassau,0.0109178362,0.52151311234349,0.51059527614349,2021.17317805418,2021.18409589038,1
4043,1990,Bronx,NewYork,0.08484216492,0.52151311234395,0.43667094742395,2021.09925372546,2021.18409589038,1
3449,1397,Suffolk,Suffolk,0.00793677456200004,0.52151311234406,0.51357633778206,2021.17615911582,2021.18409589038,1
3240,1185,NewYork,Bronx,0.00924405925399996,0.52151311234426,0.51226905309026,2021.17485183113,2021.18409589038,1
3219,1164,Bronx,NewYork,0.1690380245,0.52151311235156,0.35247508785156,2021.01505786589,2021.18409589039,1
3568,1514,Nassau,Nassau,0.03327461913,0.52151311235146,0.48823849322146,2021.15082127126,2021.18409589039,1
3052,994,Bronx,NewYork,0.1361858183,0.521513112358,0.385327294058,2021.0479100721,2021.1840958904,1
2398,343,Kings,Kings,0.01178474049,0.5215131123622,0.5097283718722,2021.17231114991,2021.1840958904,1
2710,654,Queens,Queens,0.06253810396,0.521513112364507,0.458975008404507,2021.12155778645,2021.1840958904,1
2729,675,NewYork,NewYork,0.03709798005,0.521513112364507,0.484415132314507,2021.14699791035,2021.1840958904,1
2729,676,NewYork,NewYork,0.03709798005,0.521513112364507,0.484415132314507,2021.14699791035,2021.1840958904,1
2436,380,Suffolk,Suffolk,0.00248291200399997,0.5215131123662,0.5190302003622,2021.1816129784,2021.18409589041,1
2201,146,Bronx,NewYork,0.05056964493,0.5215131123673,0.4709434674373,2021.13352624548,2021.18409589041,1
2438,383,Nassau,Suffolk,0.07589695009,0.5215131123692,0.4456161622792,2021.10819894032,2021.18409589041,1
2444,388,Nassau,Nassau,0.00349877086200001,0.5215131123692,0.5180143415072,2021.18059711955,2021.18409589041,1
2444,389,Nassau,Nassau,0.00349877086200001,0.5215131123692,0.5180143415072,2021.18059711955,2021.18409589041,1
2117,62,Bronx,NewYork,0.0650763516,0.52151311237306,0.45643676077306,2021.11901953881,2021.18409589041,1
3832,3833,Bronx,Bronx,0.112383188,0.521944866525264,0.409561678525264,2021.07214445657,2021.18452764457,1
2725,2726,Bronx,Bronx,0.09047699371,0.522528601253507,0.432051607543507,2021.09463438558,2021.18511137929,1
3878,3879,Queens,Queens,0.02244508585,0.522532570099984,0.500087484249984,2021.16267026229,2021.18511534814,1
2350,2351,Bronx,Bronx,0.01044265321,0.5231616251687,0.5127189719587,2021.17530175,2021.18574440321,1
3345,1293,NewYork,Richmond,0.1172893437,0.52351311230556,0.40622376860556,2021.06880654665,2021.18609589035,1
3450,1398,Bronx,Bronx,0.2711834109,0.52351311231406,0.25232970141406,2020.91491247945,2021.18609589035,1
3415,1361,NewYork,NewYork,0.1599920436,0.52351311232343,0.36352106872343,2021.02610384676,2021.18609589036,1
3880,1826,Bronx,Bronx,0.1628851487,0.523513112329384,0.360627963629384,2021.02321074167,2021.18609589037,1
3597,1541,Queens,Queens,0.0228790894599999,0.52351311233046,0.50063402287046,2021.16321680091,2021.18609589037,1
2871,813,Nassau,Nassau,0.0200525066,0.5235131123344,0.5034606057344,2021.16604338377,2021.18609589037,1
2871,814,Nassau,Nassau,0.0200525066,0.5235131123344,0.5034606057344,2021.16604338377,2021.18609589037,1
3152,1098,Kings,Queens,0.00651515331800001,0.5235131123405,0.5169979590225,2021.17958073706,2021.18609589038,1
3270,1214,NewYork,NewYork,0.05197498344,0.52351311234196,0.47153812890196,2021.13412090694,2021.18609589038,1
3824,1770,Nassau,Nassau,0.01233433586,0.523513112343264,0.511178776483264,2021.17376155452,2021.18609589038,1
3999,1945,Queens,Kings,0.07448065577,0.52351311234405,0.44903245657405,2021.11161523461,2021.18609589038,1
3433,1379,Queens,Kings,0.02865207815,0.52351311234823,0.49486103419823,2021.15744381224,2021.18609589039,1
3508,1454,Westchester,Westchester,0.08899755169,0.52351311234896,0.43451556065896,2021.0970983387,2021.18609589039,1
3947,1893,NewYork,NewYork,0.07208845995,0.523513112350984,0.451424652400984,2021.11400743044,2021.18609589039,1
2281,225,Bronx,Westchester,0.1210355156,0.5235131123593,0.4024775967593,2021.0650603748,2021.1860958904,1
3362,1308,Suffolk,Suffolk,0.05173214439,0.52351311236256,0.47178096797256,2021.13436374601,2021.1860958904,1
2653,597,Bronx,Kings,0.01488380883,0.523513112364027,0.508629303534027,2021.17121208157,2021.1860958904,1
2586,530,Nassau,Nassau,0.00259012895499999,0.523513112367813,0.520922983412813,2021.18350576145,2021.18609589041,1
2458,403,NewYork,NewYork,0.09780696098,0.523513112368338,0.425706151388338,2021.08828892943,2021.18609589041,1
2687,634,Bronx,Queens,0.03558211201,0.523513112368607,0.487931000358607,2021.1505137784,2021.18609589041,1
2446,391,Suffolk,Suffolk,0.00649941071899995,0.5235131123692,0.5170137016502,2021.17959647969,2021.18609589041,1
2237,179,Nassau,Nassau,0.02531485362,0.5235131123703,0.4981982587503,2021.16078103679,2021.18609589041,1
2229,172,Westchester,Westchester,0.06302130182,0.5235131123713,0.4604918105513,2021.12307458859,2021.18609589041,1
3636,1583,NewYork,Queens,0.2281488108,0.52351311237146,0.29536430157146,2020.95794707961,2021.18609589041,1
2845,787,Bronx,Westchester,0.05050143504,0.52351311238349,0.47301167734349,2021.13559445538,2021.18609589042,1
2546,2547,Bronx,Bronx,0.1843363584,0.523680127882707,0.339343769482707,2021.00192654752,2021.18626290592,1
2683,2684,NewYork,NewYork,0.03622134415,0.524378669624607,0.488157325474607,2021.15074010352,2021.18696144766,1
2088,2089,Queens,Queens,0.05215207226,0.5254259878775,0.4732739156175,2021.13585669366,2021.18800876592,1
3241,3242,NewYork,NewYork,0.009159618511,0.52593344319526,0.51677382468426,2021.17935660272,2021.18851622124,1
3949,3958,Queens,Queens,0.01899635685,0.526043770460984,0.507047413610984,2021.16963019165,2021.1886265485,1
3939,3940,NewYork,NewYork,0.02176767198,0.526079611868984,0.504311939888984,2021.16689471793,2021.18866238991,1
3241,3243,NewYork,NewYork,0.00931582854400004,0.52608965322826,0.51677382468426,2021.17935660272,2021.18867243127,1
2605,2607,Westchester,Westchester,0.01289423421,0.526249037932813,0.513354803722813,2021.17593758176,2021.18883181597,1
3119,3120,Kings,Kings,0.00508488425200004,0.526282136792,0.52119725254,2021.18378003058,2021.18886491483,1
3568,3569,Nassau,Nassau,0.03812354602,0.52636203924146,0.48823849322146,2021.15082127126,2021.18894481728,1
3502,1449,Bronx,Kings,0.185929112,0.52651311229696,0.34058400029696,2021.00316677834,2021.18909589034,1
2960,906,Kings,Bronx,0.07643216993,0.526513112325,0.450080942395,2021.11266372044,2021.18909589037,1
3899,1844,Nassau,Nassau,0.01312104547,0.526513112342784,0.513392066872784,2021.17597484491,2021.18909589038,1
3229,1173,NewYork,NewYork,0.00857113057199999,0.52651311234356,0.51794198177156,2021.18052475981,2021.18909589038,1
3242,1187,NewYork,NewYork,0.000579669148700002,0.52651311234396,0.52593344319526,2021.18851622124,2021.18909589038,1
2121,66,Bronx,Bronx,0.1177880421,0.52651311234406,0.40872507024406,2021.07130784828,2021.18909589038,1
3635,1581,Bronx,Westchester,0.08209865314,0.52651311234546,0.44441445920546,2021.10699723725,2021.18909589039,1
3199,1143,Kings,Kings,0.05001917308,0.52651311234556,0.47649393926556,2021.13907671731,2021.18909589039,1
3516,1462,Bronx,Bronx,0.04621374175,0.52651311234596,0.48029937059596,2021.14288214864,2021.18909589039,1
2460,406,NewYork,Bronx,0.1443001398,0.526513112348338,0.382212972548338,2021.04479575059,2021.18909589039,1
2712,656,Queens,Queens,0.06713658331,0.526513112361507,0.459376529051507,2021.12195930709,2021.1890958904,1
2652,599,Bronx,Bronx,0.02977698562,0.526513112364027,0.496736126744027,2021.15931890478,2021.1890958904,1
2706,649,Queens,Queens,0.01289427363,0.526513112365507,0.513618838735507,2021.17620161678,2021.18909589041,1
2290,234,Bronx,Westchester,0.02304568551,0.526513112367,0.503467426857,2021.1660502049,2021.18909589041,1
2291,235,Bronx,Richmond,0.01544522412,0.526513112367,0.511067888247,2021.17365066629,2021.18909589041,1
2306,250,Bronx,Kings,0.1020912877,0.5265131123692,0.4244218246692,2021.08700460271,2021.18909589041,1
2266,209,Westchester,Westchester,0.08023682543,0.5265131123693,0.4462762869393,2021.10885906498,2021.18909589041,1
3338,1285,Nassau,Nassau,0.00707880537700001,0.52651311238456,0.51943430700756,2021.18201708505,2021.18909589043,1
2424,370,Nassau,Queens,0.2010628141,0.5265131123972,0.3254502982972,2020.98803307634,2021.18909589044,1
3891,3892,Bronx,Queens,0.1313215883,0.526756679495784,0.395435091195784,2021.05801786924,2021.18933945754,1
3942,3944,NewYork,NewYork,0.02496953095,0.527052515008984,0.502082984058984,2021.1646657621,2021.18963529305,1
3453,3455,Bronx,NewYork,0.13173949,0.52713049013216,0.39539100013216,2021.05797377817,2021.18971326817,1
2547,2548,Bronx,Queens,0.00360967591600003,0.527289803798707,0.523680127882707,2021.18626290592,2021.18987258184,1
2744,2745,Bronx,NewYork,0.1919762904,0.527664806963,0.335688516563,2020.9982712946,2021.190247585,1
3884,3885,Bronx,Nassau,0.1434320302,0.528437851312484,0.385005821112484,2021.04758859915,2021.19102062935,1
3519,3520,NewYork,NewYork,0.01835581024,0.52853495250896,0.51017914226896,2021.17276192031,2021.19111773055,1
3732,3733,Queens,Queens,0.0141533458799999,0.52864432391525,0.51449097803525,2021.17707375608,2021.19122710196,1
3576,3577,Queens,Queens,0.106265917,0.52865837316546,0.42239245616546,2021.08497523421,2021.19124115121,1
3424,3425,NewYork,Kings,0.103712222,0.52897121881743,0.42525899681743,2021.08784177486,2021.19155399686,1
2715,2716,NewYork,NewYork,0.05033861627,0.529126694011507,0.478788077741507,2021.14137085578,2021.19170947205,1
2390,2391,Westchester,Westchester,0.01655700731,0.5293470209982,0.5127900136882,2021.17537279173,2021.19192979904,1
3243,3244,NewYork,NewYork,0.00337421772099999,0.52946387094926,0.52608965322826,2021.18867243127,2021.19204664899,1
3454,1401,Bronx,Kings,0.121564263,0.52951311230216,0.40794884930216,2021.07053162734,2021.19209589034,1
3111,1054,NewYork,Bronx,0.1058832733,0.529513112303,0.423629839003,2021.08621261704,2021.19209589034,1
3097,1041,Kings,Kings,0.00959576859699995,0.52951311231,0.519917343713,2021.18250012175,2021.19209589035,1
2547,494,Bronx,Bronx,0.00583298444799996,0.529513112330707,0.523680127882707,2021.18626290592,2021.19209589037,1
2548,493,Queens,Queens,0.00222330853200003,0.529513112330707,0.527289803798707,2021.18987258184,2021.19209589037,1
3135,1078,Queens,Queens,0.03971240988,0.52951311234,0.48980070246,2021.1523834805,2021.19209589038,1
3766,1712,Westchester,Westchester,0.02189880089,0.52951311234095,0.50761431145095,2021.17019708949,2021.19209589038,1
3667,1612,NewYork,NewYork,0.05571037423,0.52951311234186,0.47380273811186,2021.13638551615,2021.19209589038,1
3072,1017,Bronx,Bronx,0.0448838285200001,0.529513112342,0.484629283822,2021.14721206186,2021.19209589038,1
3184,1134,NewYork,NewYork,0.08936471998,0.52951311234356,0.44014839236356,2021.1027311704,2021.19209589038,1
3242,1186,NewYork,Bronx,0.00357966914899999,0.52951311234426,0.52593344319526,2021.18851622124,2021.19209589038,1
3243,1188,NewYork,NewYork,0.00342345911599995,0.52951311234426,0.52608965322826,2021.18867243127,2021.19209589038,1
3709,1651,Bronx,Bronx,0.04133130317,0.52951311234455,0.48818180917455,2021.15076458722,2021.19209589038,1
3753,1702,NewYork,Queens,0.09293358049,0.52951311234525,0.43657953185525,2021.0991623099,2021.19209589039,1
2702,652,Queens,Queens,0.1103944867,0.529513112345507,0.419118625645507,2021.08170140369,2021.19209589039,1
3530,1476,NewYork,Nassau,0.06232454271,0.52951311234746,0.46718856963746,2021.12977134768,2021.19209589039,1
3569,1516,Nassau,Nassau,0.00315107310600005,0.52951311234746,0.52636203924146,2021.18894481728,2021.19209589039,1
3354,1302,Bronx,NewYork,0.3262469733,0.52951311234856,0.20326613904856,2020.86584891709,2021.19209589039,1
3506,1453,Bronx,Bronx,0.08371675549,0.52951311235096,0.44579635686096,2021.1083791349,2021.19209589039,1
2673,619,Bronx,Kings,0.09421591461,0.529513112363527,0.435297197753527,2021.09787997579,2021.1920958904,1
2591,536,Bronx,Queens,0.08448505772,0.529513112363813,0.445028054643813,2021.10761083268,2021.1920958904,1
2672,618,Bronx,Bronx,0.09973358537,0.529513112367527,0.429779526997527,2021.09236230504,2021.19209589041,1
2276,220,Bronx,Bronx,0.03504977576,0.5295131123693,0.4944633366093,2021.15704611465,2021.19209589041,1
3789,1735,NewYork,Nassau,0.1516505707,0.52951311236955,0.37786254166955,2021.04044531971,2021.19209589041,1
2235,176,NewYork,NewYork,0.01043245669,0.5295131123703,0.5190806556803,2021.18166343372,2021.19209589041,1
2235,177,NewYork,NewYork,0.01043245669,0.5295131123703,0.5190806556803,2021.18166343372,2021.19209589041,1
2684,628,NewYork,Suffolk,0.00513444274599995,0.529513112370607,0.524378669624607,2021.18696144766,2021.19209589041,1
2351,293,Bronx,Bronx,0.00635148720300005,0.5295131123717,0.5231616251687,2021.18574440321,2021.19209589041,1
2602,547,Kings,Queens,0.02119412641,0.529513112372913,0.508318985962913,2021.170901764,2021.19209589041,1
3440,1386,NewYork,Kings,0.07835457812,0.52951311238156,0.45115853426156,2021.1137413123,2021.19209589042,1
3244,3245,NewYork,NewYork,0.000377075046799957,0.52984094599606,0.52946387094926,2021.19204664899,2021.19242372404,1
2969,2980,Bronx,Nassau,0.1782712948,0.5305473289999,0.3522760341999,2021.01485881224,2021.19313010704,1
3575,3579,Queens,NewYork,0.1132060588,0.53062250930246,0.41741645050246,2021.07999922854,2021.19320528734,1
2550,2551,NewYork,NewYork,0.1524394282,0.530700694142707,0.378261265942707,2021.04084404398,2021.19328347218,1
2677,2678,Bronx,Bronx,0.02127090751,0.530704662643527,0.509433755133527,2021.17201653317,2021.19328744068,1
2551,2552,NewYork,NewYork,0.000625503093199975,0.531326197235907,0.530700694142707,2021.19328347218,2021.19390897528,1
3960,3961,Queens,Queens,0.02337825604,0.531470026337084,0.508091770297084,2021.17067454834,2021.19405280438,1
3194,3201,Bronx,NewYork,0.2723791178,0.53168679521556,0.25930767741556,2020.92189045546,2021.19426957326,1
2301,2302,Bronx,Kings,0.2828760481,0.5318061778142,0.2489301297142,2020.91151290775,2021.19438895585,1
3318,3319,Bronx,Nassau,0.1431193005,0.53180857444254,0.38868927394254,2021.05127205198,2021.19439135248,1
3951,3952,Queens,Queens,0.01078905981,0.531961756093984,0.521172696283984,2021.18375547432,2021.19454453413,1
3713,3714,Kings,Kings,0.1076400375,0.53225028461455,0.42461024711455,2021.08719302515,2021.19483306265,1
2718,2719,NewYork,NewYork,0.02817113573,0.532446910791507,0.504275775061507,2021.1668585531,2021.19502968883,1
3374,1321,NewYork,NewYork,0.2001946,0.53251311230056,0.33231851230056,2020.99490129034,2021.19509589034,1
3882,1828,Bronx,Westchester,0.1568251359,0.532513112306384,0.375687976406384,2021.03827075445,2021.19509589035,1
2980,924,Nassau,Nassau,0.00196578333999997,0.5325131123399,0.5305473289999,2021.19313010704,2021.19509589038,1
3777,1721,NewYork,Kings,0.08758331136,0.53251311234195,0.44492980098195,2021.10751257902,2021.19509589038,1
3588,1535,Bronx,Bronx,0.0744089490199999,0.53251311234246,0.45810416332246,2021.12068694136,2021.19509589038,1
3155,1101,Bronx,Nassau,0.03923754496,0.5325131123425,0.4932755673825,2021.15585834542,2021.19509589038,1
2841,782,Bronx,Queens,0.03861140774,0.53251311234249,0.49390170460249,2021.15648448264,2021.19509589038,1
3455,1402,NewYork,NewYork,0.00538262221200003,0.53251311234416,0.52713049013216,2021.18971326817,2021.19509589038,1
3958,1903,Queens,Queens,0.00646934188699999,0.532513112347984,0.526043770460984,2021.1886265485,2021.19509589039,1
3958,1904,Queens,Queens,0.00646934188699999,0.532513112347984,0.526043770460984,2021.1886265485,2021.19509589039,1
3739,1686,NewYork,Kings,0.1247976595,0.53251311236225,0.40771545286225,2021.0702982309,2021.1950958904,1
2674,620,Bronx,Kings,0.09093622547,0.532513112362527,0.441576886892527,2021.10415966493,2021.1950958904,1
2675,621,Bronx,Queens,0.0812012137000001,0.532513112363527,0.451311898663527,2021.1138946767,2021.1950958904,1
2920,865,NewYork,Kings,0.04427027481,0.5325131123644,0.4882428375544,2021.15082561559,2021.1950958904,1
2589,534,Queens,Queens,0.08110996529,0.532513112364813,0.451403147074813,2021.11398592512,2021.19509589041,1
2391,335,Westchester,Westchester,0.00316609136799995,0.5325131123662,0.5293470209982,2021.19192979904,2021.19509589041,1
2450,396,Bronx,Bronx,0.0812305988200001,0.532513112366938,0.451282513546937,2021.11386529159,2021.19509589041,1
2245,189,Kings,Kings,0.08185774145,0.5325131123673,0.4506553709173,2021.11323814896,2021.19509589041,1
2390,341,Westchester,Westchester,0.01972309868,0.5325131123682,0.5127900136882,2021.17537279173,2021.19509589041,1
2551,496,NewYork,NewYork,0.00181241822800005,0.532513112370707,0.530700694142707,2021.19328347218,2021.19509589041,1
2372,318,NewYork,NewYork,0.0290038329,0.5325131123757,0.5035092794757,2021.16609205752,2021.19509589042,1
2263,208,NewYork,NewYork,0.177464552,0.5325131124103,0.3550485604103,2021.01763133845,2021.19509589045,1
3384,3385,Suffolk,Suffolk,0.0528840290400001,0.53333796447476,0.48045393543476,2021.14303671348,2021.19592074252,1
3432,3434,Queens,Queens,0.04381881111,0.53345139533623,0.48963258422623,2021.15221536227,2021.19603417338,1
3996,3997,Queens,Queens,0.03176219434,0.53353451806805,0.50177232372805,2021.16435510177,2021.19611729611,1
3942,3943,NewYork,NewYork,0.03184529746,0.533928281518984,0.502082984058984,2021.1646657621,2021.19651105956,1
2283,2284,Westchester,Westchester,0.0181414622,0.5342292925093,0.5160878303093,2021.17867060835,2021.19681207055,1
2605,2606,Westchester,Westchester,0.02114830413,0.534503107852813,0.513354803722813,2021.17593758176,2021.19708588589,1
3102,1045,NewYork,Queens,0.1910933977,0.534513112319,0.343419714619,2021.00600249266,2021.19709589036,1
3553,1498,NewYork,NewYork,0.09026940218,0.53451311233726,0.44424371015726,2021.1068264882,2021.19709589038,1
3860,1806,Bronx,Queens,0.0542887420099999,0.534513112338184,0.480224370328184,2021.14280714837,2021.19709589038,1
3879,1824,Queens,Nassau,0.01198054224,0.534513112339984,0.522532570099984,2021.18511534814,2021.19709589038,1
3879,1825,Queens,Queens,0.01198054224,0.534513112339984,0.522532570099984,2021.18511534814,2021.19709589038,1
3970,1915,Kings,Kings,0.09686860261,0.53451311234095,0.43764450973095,2021.10022728777,2021.19709589038,1
2841,783,Bronx,Kings,0.04061140774,0.53451311234249,0.49390170460249,2021.15648448264,2021.19709589038,1
3709,1650,Bronx,Westchester,0.04633130317,0.53451311234455,0.48818180917455,2021.15076458722,2021.19709589039,1
3960,1906,Queens,Queens,0.02642134205,0.534513112347084,0.508091770297084,2021.17067454834,2021.19709589039,1
3577,1521,Queens,Queens,0.00585473918199997,0.53451311234746,0.52865837316546,2021.19124115121,2021.19709589039,1
3950,1894,Queens,Queens,0.01590641165,0.534513112350984,0.518606700700984,2021.18118947874,2021.19709589039,1
3494,1440,NewYork,Nassau,0.1373653784,0.53451311235296,0.39714773395296,2021.05973051199,2021.19709589039,1
2510,455,Bronx,Westchester,0.0482483205600001,0.534513112364108,0.486264791804108,2021.14884756984,2021.1970958904,1
2575,519,Bronx,Bronx,0.01492981782,0.534513112365813,0.519583294545813,2021.18216607259,2021.19709589041,1
2474,420,NewYork,Queens,0.0227443524000001,0.534513112366138,0.511768759966137,2021.17435153801,2021.19709589041,1
2475,421,NewYork,Westchester,0.02048138272,0.534513112367137,0.514031729647138,2021.17661450769,2021.19709589041,1
2283,226,Westchester,Westchester,0.01842528206,0.5345131123693,0.5160878303093,2021.17867060835,2021.19709589041,1
2089,2090,Queens,Queens,0.00941751394400003,0.5348435018215,0.5254259878775,2021.18800876592,2021.19742627986,1
2391,2392,Westchester,Westchester,0.00550576241699996,0.5348527834152,0.5293470209982,2021.19192979904,2021.19743556146,1
2518,2526,Bronx,NewYork,0.06769108252,0.534995165304108,0.467304082784108,2021.12988686082,2021.19757794334,1
2893,2894,Kings,Suffolk,0.09234844003,0.5352745331204,0.4429260930904,2021.10550887113,2021.19785731116,1
2719,2720,NewYork,NewYork,0.00300479439099999,0.535451705182507,0.532446910791507,2021.19502968883,2021.19803448322,1
3577,3578,Queens,Queens,0.00707335670599996,0.53573172987146,0.52865837316546,2021.19124115121,2021.19831450791,1
2322,2323,Bronx,Bronx,0.05198094521,0.5360416853086,0.4840607400986,2021.14664351814,2021.19862446335,1
4092,4093,Bronx,Bronx,0.1568314915,0.53736957214895,0.38053808064895,2021.04312085869,2021.19995235019,1
3120,3121,Kings,Kings,0.01113844754,0.537420584332,0.526282136792,2021.18886491483,2021.20000336237,1
3009,953,NewYork,NewYork,0.02388139994,0.5375131123089,0.5136317123689,2021.17621449041,2021.20009589035,1
2257,203,Bronx,Nassau,0.2554908397,0.5375131123203,0.2820222726203,2020.94460505066,2021.20009589036,1
2182,127,Queens,Queens,0.05758247611,0.5375131123263,0.4799306362163,2021.14251341426,2021.20009589037,1
3324,1271,Queens,Queens,0.03367131738,0.53751311233854,0.50384179495854,2021.166424573,2021.20009589038,1
3070,1013,Queens,Queens,0.0244500778,0.537513112339,0.513063034539,2021.17564581258,2021.20009589038,1
3649,1596,NewYork,Kings,0.01777025807,0.53751311233916,0.51974285426916,2021.18232563231,2021.20009589038,1
3961,1907,Queens,Queens,0.00604308600299996,0.537513112340084,0.531470026337084,2021.19405280438,2021.20009589038,1
3554,1499,NewYork,NewYork,0.09163223981,0.53751311234026,0.44588087253026,2021.10846365057,2021.20009589038,1
4027,1971,Kings,Queens,0.07835836207,0.53751311234125,0.45915475027125,2021.12173752831,2021.20009589038,1
3455,1403,NewYork,NewYork,0.01038262221,0.53751311234216,0.52713049013216,2021.18971326817,2021.20009589038,1
2794,734,NewYork,Nassau,0.09699540005,0.537513112344,0.440517712294,2021.10310049033,2021.20009589038,1
3230,1175,Bronx,Nassau,0.1043198192,0.53751311234556,0.43319329314556,2021.09577607119,2021.20009589039,1
3959,1905,NewYork,Kings,0.05402615122,0.537513112347084,0.483486961127084,2021.14606973917,2021.20009589039,1
3231,1176,Bronx,Nassau,0.1026868348,0.53751311234856,0.43482627754856,2021.09740905559,2021.20009589039,1
3291,1235,Bronx,Queens,0.126393727,0.53751311235499,0.41111938535499,2021.0737021634,2021.2000958904,1
3360,1306,Nassau,Suffolk,0.1061080402,0.53751311235756,0.43140507215756,2021.0939878502,2021.2000958904,1
2726,672,Bronx,Bronx,0.01498451111,0.537513112363507,0.522528601253507,2021.18511137929,2021.2000958904,1
2575,520,Bronx,Bronx,0.01792981782,0.537513112365813,0.519583294545813,2021.18216607259,2021.20009589041,1
2537,483,NewYork,NewYork,0.04361289839,0.537513112366008,0.493900213976007,2021.15648299202,2021.20009589041,1
2392,336,Westchester,Westchester,0.00266032895099999,0.5375131123662,0.5348527834152,2021.19743556146,2021.20009589041,1
2719,664,NewYork,NewYork,0.005066201577,0.537513112368507,0.532446910791507,2021.19502968883,2021.20009589041,1
2720,665,NewYork,NewYork,0.00206140718600001,0.537513112368507,0.535451705182507,2021.19803448322,2021.20009589041,1
2228,171,Westchester,Westchester,0.09720835877,0.5375131123713,0.4403047536013,2021.10288753164,2021.20009589041,1
2607,553,Westchester,Westchester,0.01126407444,0.537513112372813,0.526249037932813,2021.18883181597,2021.20009589041,1
3290,1234,Bronx,Nassau,0.1408778595,0.53751311237499,0.39663525287499,2021.05921803092,2021.20009589042,1
2355,299,NewYork,NewYork,0.02455354855,0.5375131123757,0.5129595638257,2021.17554234187,2021.20009589042,1
3692,1637,Suffolk,Suffolk,0.03424441539,0.53751311237725,0.50326869698725,2021.16585147503,2021.20009589042,1
2376,324,NewYork,Bronx,0.09914085536,0.5375131123782,0.4383722570182,2021.10095503506,2021.20009589042,1
2147,94,Bronx,Kings,0.1762847347,0.5375131123845,0.3612283776845,2021.02381115572,2021.20009589043,1
4003,1951,NewYork,Suffolk,0.03825177152,0.53751311238995,0.49926134086995,2021.16184411891,2021.20009589043,1
3951,3953,Queens,Queens,0.0166567377,0.537829433983984,0.521172696283984,2021.18375547432,2021.20041221202,1
3196,3197,Kings,Kings,0.1128380578,0.53792736713556,0.42508930933556,2021.08767208738,2021.20051014518,1
2570,2571,Bronx,Nassau,0.09777322208,0.539205835443813,0.441432613363813,2021.1040153914,2021.20178861348,1
4093,4094,Bronx,Westchester,0.00199469907600003,0.53936427122495,0.53736957214895,2021.19995235019,2021.20194704927,1
2446,2447,Suffolk,Suffolk,0.02323284088,0.5402465425302,0.5170137016502,2021.17959647969,2021.20282932057,1
3692,3693,Suffolk,Suffolk,0.03701637791,0.54028507489725,0.50326869698725,2021.16585147503,2021.20286785294,1
3160,1108,Bronx,Westchester,0.3754267092,0.5405131122915,0.1650864030915,2020.82766918113,2021.20309589033,1
3138,1084,NewYork,Suffolk,0.1495102074,0.540513112301,0.391002904901,2021.05358568294,2021.20309589034,1
3767,1713,Bronx,NewYork,0.1125308596,0.54051311231695,0.42798225271695,2021.09056503076,2021.20309589036,1
3562,1507,Nassau,Nassau,0.04017141285,0.54051311233326,0.50034169948326,2021.16292447752,2021.20309589037,1
3402,1349,Queens,Queens,0.02953178418,0.54051311233696,0.51098132815696,2021.1735641062,2021.20309589038,1
3244,1189,NewYork,NewYork,0.01104924139,0.54051311233926,0.52946387094926,2021.19204664899,2021.20309589038,1
3824,1769,Nassau,Nassau,0.02933433586,0.540513112343264,0.511178776483264,2021.17376155452,2021.20309589038,1
3952,1895,Queens,Queens,0.00855135625400005,0.540513112347984,0.531961756093984,2021.19454453413,2021.20309589039,1
3952,1896,Queens,Queens,0.00855135625400005,0.540513112347984,0.531961756093984,2021.19454453413,2021.20309589039,1
3601,1547,Kings,Kings,0.06427681412,0.54051311234846,0.47623629822846,2021.13881907627,2021.20309589039,1
2063,9,NewYork,NewYork,0.07288910265,0.5405131123645,0.4676240097145,2021.13020678776,2021.2030958904,1
2526,472,NewYork,NewYork,0.00551794706200004,0.540513112366108,0.534995165304108,2021.19757794334,2021.20309589041,1
2526,473,NewYork,NewYork,0.00551794706200004,0.540513112366108,0.534995165304108,2021.19757794334,2021.20309589041,1
2466,412,Bronx,Bronx,0.07840701098,0.540513112367338,0.462106101387338,2021.12468887943,2021.20309589041,1
2557,2561,Bronx,Kings,0.06105553031,0.540604763742707,0.479549233432707,2021.14213201147,2021.20318754178,1
3402,3403,Queens,Queens,0.0298400576,0.54082138575696,0.51098132815696,2021.1735641062,2021.2034041638,1
3953,3954,Queens,Queens,0.00314854806999998,0.540977982053984,0.537829433983984,2021.20041221202,2021.20356076009,1
2295,2296,Nassau,Nassau,0.0899910222,0.5410941325733,0.4511031103733,2021.11368588841,2021.20367691061,1
2960,2961,Kings,Kings,0.09135155861,0.541432501005,0.450080942395,2021.11266372044,2021.20401527905,1
3114,3115,NewYork,NewYork,0.128367801,0.541897514819,0.413529713819,2021.07611249186,2021.20448029286,1
3739,3740,NewYork,Westchester,0.1342667714,0.54198222426225,0.40771545286225,2021.0702982309,2021.2045650023,1
3139,1086,NewYork,Queens,0.03128295062,0.5425131123,0.51123016168,2021.17381293972,2021.20509589034,1
3403,1351,Queens,Queens,0.00169172657700001,0.54251311233396,0.54082138575696,2021.2034041638,2021.20509589037,1
3555,1500,NewYork,Nassau,0.09506499645,0.54251311233426,0.44744811588426,2021.11003089392,2021.20509589037,1
3196,1139,Kings,Westchester,0.117423803,0.54251311233556,0.42508930933556,2021.08767208738,2021.20509589038,1
3281,1225,Bronx,Bronx,0.03032908823,0.54251311233899,0.51218402410899,2021.17476680215,2021.20509589038,1
3281,1226,Bronx,Bronx,0.03032908823,0.54251311233899,0.51218402410899,2021.17476680215,2021.20509589038,1
2972,914,Queens,Queens,0.03003076237,0.5425131123389,0.5124823499689,2021.17506512801,2021.20509589038,1
3937,1882,NewYork,NewYork,0.07158932884,0.542513112339984,0.470923783499984,2021.13350656154,2021.20509589038,1
3487,1434,NewYork,NewYork,0.0986261450200001,0.54251311234316,0.44388696732316,2021.10646974536,2021.20509589038,1
3245,1190,NewYork,Kings,0.01267216635,0.54251311234606,0.52984094599606,2021.19242372404,2021.20509589039,1
3547,1491,NewYork,Queens,0.03980449044,0.54251311234786,0.50270862190786,2021.16529139995,2021.20509589039,1
3953,1897,Queens,Queens,0.00468367836399997,0.542513112347984,0.537829433983984,2021.20041221202,2021.20509589039,1
3633,1576,Bronx,Bronx,0.02830610712,0.5425131123488,0.5142070052288,2021.17678978327,2021.20509589039,1
3519,1466,NewYork,Bronx,0.0323339700800001,0.54251311234896,0.51017914226896,2021.17276192031,2021.20509589039,1
2162,107,Bronx,NewYork,0.1274422424,0.5425131123533,0.4150708699533,2021.07765364799,2021.20509589039,1
2586,531,Nassau,Nassau,0.02159012895,0.542513112362813,0.520922983412813,2021.18350576145,2021.2050958904,1
2653,598,Bronx,Nassau,0.03388380883,0.542513112364027,0.508629303534027,2021.17121208157,2021.2050958904,1
2417,363,NewYork,Kings,0.07342465213,0.5425131123652,0.4690884602352,2021.13167123828,2021.20509589041,1
2075,19,Kings,Kings,0.0326905682700001,0.5425131123705,0.5098225441005,2021.17240532214,2021.20509589041,1
3232,3233,Bronx,Westchester,0.1021297764,0.54262159193156,0.44049181553156,2021.10307459357,2021.20520436997,1
3245,3246,NewYork,Bronx,0.01354949459,0.54339044058606,0.52984094599606,2021.19242372404,2021.20597321863,1
3517,3522,NewYork,NewYork,0.1059295347,0.54370485143896,0.43777531673896,2021.10035809478,2021.20628762948,1
2322,2325,Bronx,Bronx,0.05980074481,0.5438614849086,0.4840607400986,2021.14664351814,2021.20644426295,1
3201,3202,NewYork,NewYork,0.01256318258,0.54424997779556,0.53168679521556,2021.19426957326,2021.20683275584,1
3139,3140,NewYork,NewYork,0.03316075354,0.54439091522,0.51123016168,2021.17381293972,2021.20697369326,1
3522,3524,NewYork,NewYork,0.00118077888799994,0.54488563032696,0.54370485143896,2021.20628762948,2021.20746840837,1
2355,2356,NewYork,Nassau,0.03194981025,0.5449093740757,0.5129595638257,2021.17554234187,2021.20749215212,1
3524,3525,NewYork,NewYork,0.000130306275100023,0.54501593660206,0.54488563032696,2021.20746840837,2021.20759871464,1
4016,4017,Bronx,NewYork,0.2166264715,0.54501686653325,0.32839039503325,2020.99097317307,2021.20759964457,1
3461,1406,NewYork,Suffolk,0.1311133502,0.54551311232546,0.41439976212546,2021.07698254017,2021.20809589037,1
3463,1408,Bronx,Kings,0.2093293092,0.54551311232746,0.33618380312746,2020.99876658117,2021.20809589037,1
3110,1053,NewYork,Suffolk,0.1522594179,0.545513112333,0.393253694433,2021.05583647247,2021.20809589037,1
3297,1241,Bronx,Queens,0.09340042611,0.54551311233299,0.45211268622299,2021.11469546426,2021.20809589037,1
3403,1350,Queens,Queens,0.00469172657700001,0.54551311233396,0.54082138575696,2021.2034041638,2021.20809589037,1
3961,1908,Queens,Queens,0.014043086,0.545513112337084,0.531470026337084,2021.19405280438,2021.20809589038,1
2972,913,Queens,Kings,0.03303076237,0.5455131123389,0.5124823499689,2021.17506512801,2021.20809589038,1
2795,735,NewYork,NewYork,0.09950490973,0.54551311234,0.44600820261,2021.10859098065,2021.20809589038,1
3885,1833,Nassau,Suffolk,0.01707526103,0.545513112342484,0.528437851312484,2021.19102062935,2021.20809589038,1
3899,1843,Nassau,Queens,0.0321210454699999,0.545513112342784,0.513392066872784,2021.17597484491,2021.20809589038,1
3954,1898,Queens,Queens,0.00453513029399999,0.545513112347984,0.540977982053984,2021.20356076009,2021.20809589039,1
3938,1883,NewYork,Nassau,0.06782736815,0.545513112348984,0.477685744198984,2021.14026852224,2021.20809589039,1
2467,413,Bronx,NewYork,0.08129977582,0.545513112360338,0.464213336540338,2021.12679611458,2021.2080958904,1
2552,498,NewYork,NewYork,0.01418691513,0.545513112365907,0.531326197235907,2021.19390897528,2021.20809589041,1
2671,615,Queens,Queens,0.03041116733,0.545513112371527,0.515101945041527,2021.17768472308,2021.20809589041,1
2671,616,Queens,Queens,0.03041116733,0.545513112371527,0.515101945041527,2021.17768472308,2021.20809589041,1
2447,392,Suffolk,Suffolk,0.00526656984200002,0.5455131123722,0.5402465425302,2021.20282932057,2021.20809589041,1
2607,552,Westchester,Westchester,0.01926407444,0.545513112372813,0.526249037932813,2021.18883181597,2021.20809589041,1
2247,191,Kings,Kings,0.04925306694,0.5455131123773,0.4962600454373,2021.15884282348,2021.20809589042,1
3155,3156,Bronx,Bronx,0.05261456692,0.5458901343025,0.4932755673825,2021.15585834542,2021.20847291234,1
2561,2562,Kings,Kings,0.00547472401000004,0.546079487752707,0.540604763742707,2021.20318754178,2021.20866226579,1
3121,3122,Kings,Kings,0.00997614731100005,0.547396731643,0.537420584332,2021.20000336237,2021.20997950968,1
3714,3715,Kings,Kings,0.01526159266,0.54751187727455,0.53225028461455,2021.19483306265,2021.21009465532,1
4087,4088,NewYork,NewYork,0.05561673205,0.54764833369095,0.49203160164095,2021.15461437968,2021.21023111173,1
2296,2297,Nassau,Nassau,0.00724478003100004,0.5483389126043,0.5410941325733,2021.20367691061,2021.21092169064,1
3246,3247,Bronx,Bronx,0.005063732431,0.54845417301706,0.54339044058606,2021.20597321863,2021.21103695106,1
3140,1088,NewYork,NewYork,0.00412219707999995,0.5485131123,0.54439091522,2021.20697369326,2021.21109589034,1
3580,1528,NewYork,Bronx,0.1472625411,0.54851311232046,0.40125057122046,2021.06383334926,2021.21109589036,1
2182,126,Queens,Kings,0.06858247611,0.5485131123263,0.4799306362163,2021.14251341426,2021.21109589037,1
3654,1600,Bronx,Westchester,0.1282965389,0.54851311232916,0.42021657342916,2021.08279935147,2021.21109589037,1
3419,1363,Westchester,Queens,0.06411870339,0.54851311233643,0.48439440894643,2021.14697718699,2021.21109589038,1
3745,1691,Nassau,Nassau,0.06547712386,0.54851311233725,0.48303598847725,2021.14561876652,2021.21109589038,1
2965,976,Bronx,Bronx,0.3083520735,0.548513112338,0.240161038838,2020.90274381688,2021.21109589038,1
2755,699,Queens,Queens,0.1175356942,0.548513112338,0.430977418138,2021.09356019618,2021.21109589038,1
2578,522,Westchester,Westchester,0.1698103922,0.548513112338813,0.378702720138813,2021.04128549818,2021.21109589038,1
3282,1227,NewYork,NewYork,0.05368560324,0.54851311233999,0.49482750909999,2021.15741028714,2021.21109589038,1
2894,835,Suffolk,Suffolk,0.01323857922,0.5485131123404,0.5352745331204,2021.19785731116,2021.21109589038,1
3134,1081,Queens,NewYork,0.06312697288,0.548513112341,0.485386139461,2021.1479689175,2021.21109589038,1
3563,1508,NewYork,Queens,0.03809488352,0.54851311234126,0.51041822882126,2021.17300100686,2021.21109589038,1
3498,1441,NewYork,Kings,0.02746619894,0.54851311234196,0.52104691340196,2021.18362969144,2021.21109589038,1
3490,1437,Bronx,Bronx,0.2108324198,0.54851311234316,0.33768069254316,2021.00026347058,2021.21109589038,1
3233,1177,Westchester,Westchester,0.00589152041200003,0.54851311234356,0.54262159193156,2021.20520436997,2021.21109589038,1
2678,623,Bronx,Bronx,0.01780844972,0.548513112363527,0.530704662643527,2021.19328744068,2021.2110958904,1
2562,508,Kings,Kings,0.00243362461800001,0.548513112370707,0.546079487752707,2021.20866226579,2021.21109589041,1
2286,230,Bronx,Kings,0.09129247638,0.548513112371,0.457220635991,2021.11980341403,2021.21109589041,1
2685,630,NewYork,NewYork,0.03594847475,0.548513112374607,0.512564637624607,2021.17514741567,2021.21109589041,1
2246,190,Kings,Suffolk,0.0805011173,0.5485131123773,0.4680119950773,2021.13059477312,2021.21109589042,1
2302,247,Kings,Kings,0.0167069345700001,0.5485131123842,0.5318061778142,2021.19438895585,2021.21109589042,1
2799,739,Bronx,Queens,0.1478817943,0.548513112389,0.400631318089,2021.06321409613,2021.21109589043,1
3252,1199,Bronx,Westchester,0.2032021889,0.54851311239156,0.34531092349156,2021.00789370153,2021.21109589043,1
2554,500,Bronx,Bronx,0.1053646923,0.548513112392707,0.443148420092707,2021.10573119813,2021.21109589043,1
2320,265,Bronx,Kings,0.222854936,0.5485131124036,0.3256581764036,2020.98824095444,2021.21109589044,1
2475,2476,NewYork,NewYork,0.03473891569,0.548770645337137,0.514031729647138,2021.17661450769,2021.21135342338,1
3233,3234,Westchester,Westchester,0.00639818939600001,0.54901978132756,0.54262159193156,2021.20520436997,2021.21160255937,1
3434,3435,Queens,NewYork,0.01569913163,0.54915052696623,0.53345139533623,2021.19603417338,2021.21173330501,1
2066,2067,Nassau,Bronx,0.0614109418,0.5491574899445,0.4877465481445,2021.15032932618,2021.21174026798,1
3715,3716,Kings,Kings,0.00179730242300002,0.54930917969755,0.54751187727455,2021.21009465532,2021.21189195774,1
2720,2721,NewYork,Bronx,0.01410947836,0.549561183542507,0.535451705182507,2021.19803448322,2021.21214396158,1
3036,3037,NewYork,Queens,0.05344784959,0.550309569114,0.496861719524,2021.15944449756,2021.21289234715,1
2762,2764,Bronx,Bronx,0.08818148672,0.55031171118,0.46213022446,2021.1247130025,2021.21289448922,1
3589,3590,NewYork,Queens,0.1251556687,0.55051873348246,0.42536306478246,2021.08794584282,2021.21310151152,1
3716,3717,Kings,Kings,0.00137517990299996,0.55068435960055,0.54930917969755,2021.21189195774,2021.21326713764,1
3583,3584,NewYork,NewYork,0.1559110979,0.55126269530246,0.39535159740246,2021.05793437544,2021.21384547334,1
3080,1026,NewYork,Kings,0.1529925371,0.5515131123,0.3985205752,2021.06110335324,2021.21409589034,1
3087,1032,Bronx,Nassau,0.1422137658,0.5515131123,0.4092993465,2021.07188212454,2021.21409589034,1
4094,2041,Westchester,Westchester,0.01214884109,0.55151311231495,0.53936427122495,2021.20194704927,2021.21409589036,1
3883,1829,Bronx,Westchester,0.1671110304,0.551513112322384,0.384402081922384,2021.04698485996,2021.21409589036,1
3351,1298,Bronx,Nassau,0.1310284282,0.55151311232856,0.42048468412856,2021.08306746217,2021.21409589037,1
3867,1813,Bronx,Westchester,0.2197580992,0.551513112331184,0.331755013131184,2020.99433779117,2021.21409589037,1
3136,1080,Queens,Queens,0.04176950788,0.55151311234,0.50974360446,2021.1723263825,2021.21409589038,1
4087,2035,NewYork,Bronx,0.0594815107,0.55151311234095,0.49203160164095,2021.15461437968,2021.21409589038,1
3229,1174,NewYork,Kings,0.0335711305700001,0.55151311234156,0.51794198177156,2021.18052475981,2021.21409589038,1
3497,1443,NewYork,Queens,0.08531440579,0.55151311234196,0.46619870655196,2021.12878148459,2021.21409589038,1
3740,1684,Westchester,Westchester,0.00953088808199998,0.55151311234425,0.54198222426225,2021.2045650023,2021.21409589038,1
3740,1685,Westchester,Westchester,0.00953088808199998,0.55151311234425,0.54198222426225,2021.2045650023,2021.21409589038,1
4012,1960,Bronx,Bronx,0.04528703071,0.55151311234495,0.50622608163495,2021.16880885968,2021.21409589039,1
3838,1782,Bronx,Westchester,0.09148663949,0.551513112349264,0.460026472859264,2021.1226092509,2021.21409589039,1
3659,1604,NewYork,NewYork,0.2118574282,0.55151311236386,0.33965568416386,2021.0022384622,2021.2140958904,1
2351,292,Bronx,Bronx,0.0283514872,0.5515131123687,0.5231616251687,2021.18574440321,2021.21409589041,1
2693,639,Bronx,Bronx,0.130135257,0.551513112374507,0.421377855374507,2021.08396063342,2021.21409589041,1
3833,1776,Bronx,Westchester,0.02956824586,0.551513112385264,0.521944866525264,2021.18452764457,2021.21409589043,1
2099,45,Bronx,Bronx,0.2855946031,0.5515131123905,0.2659185092905,2020.92850128733,2021.21409589043,1
3710,3711,Bronx,Bronx,0.1023612475,0.55298197329455,0.45062072579455,2021.11320350383,2021.21556475134,1
3132,3133,Queens,NewYork,0.04843189937,0.552992644651,0.504560745281,2021.16714352332,2021.21557542269,1
2736,2737,Bronx,Bronx,0.04186767452,0.553012688823507,0.511145014303507,2021.17372779234,2021.21559546686,1
3888,1834,Bronx,Nassau,0.1677295425,0.553513112299784,0.385783569799784,2021.04836634784,2021.21609589034,1
3618,1562,Bronx,Bronx,0.1540237039,0.5535131123106,0.3994894084106,2021.06207218645,2021.21609589035,1
3990,1935,Bronx,Bronx,0.1128373902,0.55351311232445,0.44067572212445,2021.10325850016,2021.21609589036,1
2752,696,Kings,Kings,0.1014436786,0.553513112335,0.452069433735,2021.11465221178,2021.21609589038,1
3940,1886,NewYork,Richmond,0.02743350047,0.553513112338984,0.526079611868984,2021.18866238991,2021.21609589038,1
3563,1509,NewYork,NewYork,0.04309488352,0.55351311234126,0.51041822882126,2021.17300100686,2021.21609589038,1
3265,1209,Nassau,Nassau,0.06135172982,0.55351311234196,0.49216138252196,2021.15474416056,2021.21609589038,1
4011,1957,NewYork,Bronx,0.05863865349,0.55351311234495,0.49487445885495,2021.1574572369,2021.21609589039,1
4099,2050,Nassau,Queens,0.2595281643,0.553513112345,0.293984948045,2020.95656772609,2021.21609589039,1
3732,1677,Queens,Queens,0.03902213431,0.55351311234525,0.51449097803525,2021.17707375608,2021.21609589039,1
3733,1679,Queens,Queens,0.02486878843,0.55351311234525,0.52864432391525,2021.19122710196,2021.21609589039,1
2850,794,Kings,Kings,0.1929346278,0.5535131123484,0.3605784845484,2021.02316126259,2021.21609589039,1
3841,1786,Bronx,Westchester,0.0554557051,0.553513112349264,0.498057407249264,2021.16064018529,2021.21609589039,1
2931,875,Nassau,Nassau,0.192696816,0.5535131123604,0.3608162963604,2021.0233990744,2021.2160958904,1
2606,550,Westchester,Westchester,0.01901000451,0.553513112362813,0.534503107852813,2021.19708588589,2021.2160958904,1
2707,650,Queens,Queens,0.03374550873,0.553513112365507,0.519767603635507,2021.18235038168,2021.21609589041,1
2707,651,Queens,Queens,0.03374550873,0.553513112365507,0.519767603635507,2021.18235038168,2021.21609589041,1
2284,227,Westchester,Westchester,0.0192838198600001,0.5535131123693,0.5342292925093,2021.19681207055,2021.21609589041,1
2206,150,Kings,Kings,0.04765964153,0.5535131123704,0.5058534708404,2021.16843624888,2021.21609589041,1
3088,1033,Queens,NewYork,0.1399883204,0.553513112372,0.413524791972,2021.07610757001,2021.21609589041,1
2414,360,Bronx,Queens,0.1185117928,0.5535131123812,0.4350013195812,2021.09758409762,2021.21609589042,1
3338,1286,Nassau,Suffolk,0.03407880538,0.55351311238756,0.51943430700756,2021.18201708505,2021.21609589043,1
2497,444,Bronx,Queens,0.24586694,0.553513112394107,0.307646172394107,2020.97022895043,2021.21609589043,1
4012,4013,Bronx,Bronx,0.04743322357,0.55365930520495,0.50622608163495,2021.16880885968,2021.21624208325,1
3717,3718,Kings,Kings,0.00342080363700004,0.55410516323755,0.55068435960055,2021.21326713764,2021.21668794128,1
3954,3955,Queens,Queens,0.01315835475,0.554136336803984,0.540977982053984,2021.20356076009,2021.21671911484,1
3796,3797,NewYork,NewYork,0.1172719487,0.554196888162564,0.436924939462564,2021.0995077175,2021.2167796662,1
3304,3305,Queens,Kings,0.04808862141,0.55482732803399,0.50673870662399,2021.16932148466,2021.21741010607,1
3298,3299,Bronx,Bronx,0.1012883747,0.55486886498799,0.45358049028799,2021.11616326833,2021.21745164303,1
3871,3872,Bronx,Nassau,0.2161918888,0.555163196890984,0.338971308090984,2021.00155408613,2021.21774597493,1
2476,2477,NewYork,NewYork,0.00659998229699998,0.555370627634137,0.548770645337137,2021.21135342338,2021.21795340567,1
2721,2722,Bronx,Bronx,0.00581777077099999,0.555378954313507,0.549561183542507,2021.21214396158,2021.21796173235,1
3202,3205,NewYork,NewYork,0.01115524557,0.55540522336556,0.54424997779556,2021.20683275584,2021.21798800141,1
3122,3123,Kings,Kings,0.00801413050900002,0.555410862152,0.547396731643,2021.20997950968,2021.21799364019,1
3808,3809,Bronx,Bronx,0.2485994658,0.556064407858564,0.307464942058564,2020.9700477201,2021.2186471859,1
2579,2580,Westchester,Westchester,0.1160098709,0.556347881436813,0.440338010536813,2021.10292078858,2021.21893065948,1
3651,1598,Bronx,Bronx,0.1068587916,0.55651311228916,0.44965432068916,2021.11223709873,2021.21909589033,1
3724,1670,NewYork,Richmond,0.1858459057,0.55651311231225,0.37066720661225,2021.03324998465,2021.21909589035,1
3008,952,NewYork,Queens,0.1319350364,0.5565131123189,0.4245780759189,2021.08716085396,2021.21909589036,1
3305,1250,Kings,Kings,0.00168578430499999,0.55651311233899,0.55482732803399,2021.21741010607,2021.21909589038,1
4017,1963,NewYork,NewYork,0.01149624581,0.55651311234325,0.54501686653325,2021.20759964457,2021.21909589038,1
3234,1179,Westchester,Westchester,0.00749333101600003,0.55651311234356,0.54901978132756,2021.21160255937,2021.21909589038,1
4001,1946,NewYork,NewYork,0.04244474044,0.55651311234445,0.51406837190445,2021.17665114994,2021.21909589038,1
4001,1947,NewYork,NewYork,0.04244474044,0.55651311234445,0.51406837190445,2021.17665114994,2021.21909589038,1
3385,1329,Suffolk,Suffolk,0.02317514787,0.55651311234476,0.53333796447476,2021.19592074252,2021.21909589039,1
3385,1330,Suffolk,Suffolk,0.02317514787,0.55651311234476,0.53333796447476,2021.19592074252,2021.21909589039,1
3943,1887,NewYork,Bronx,0.02258483083,0.556513112348984,0.533928281518984,2021.19651105956,2021.21909589039,1
3967,1914,Bronx,Queens,0.2514651575,0.55651311234995,0.30504795484995,2020.96763073289,2021.21909589039,1
3540,1484,NewYork,NewYork,0.06101077914,0.55651311235156,0.49550233321156,2021.15808511125,2021.21909589039,1
2090,31,Queens,Queens,0.0216696105400001,0.5565131123615,0.5348435018215,2021.19742627986,2021.2190958904,1
2411,357,Bronx,Bronx,0.06596582561,0.5565131123632,0.4905472867532,2021.15313006479,2021.2190958904,1
2476,422,NewYork,NewYork,0.00774246703199999,0.556513112369137,0.548770645337137,2021.21135342338,2021.21909589041,1
2477,423,NewYork,NewYork,0.001142484735,0.556513112369137,0.555370627634137,2021.21795340567,2021.21909589041,1
2481,430,Bronx,Bronx,0.1230989154,0.556513112376937,0.433414196976938,2021.09599697502,2021.21909589042,1
2346,294,Bronx,NewYork,0.07899516694,0.5565131123777,0.4775179454377,2021.14010072348,2021.21909589042,1
3643,1590,NewYork,Queens,0.2369929565,0.556513112387471,0.319520155887471,2020.98210293393,2021.21909589043,1
3870,1816,Bronx,Queens,0.2193127556,0.556513112387984,0.337200356787984,2020.99978313483,2021.21909589043,1
2946,891,Queens,Nassau,0.107745424,0.5565131123917,0.4487676883917,2021.11135046643,2021.21909589043,1
2956,902,Kings,Nassau,0.06022841228,0.556513112395,0.496284700115,2021.15886747816,2021.21909589044,1
2477,2478,NewYork,Bronx,0.00126389488699996,0.556634522521137,0.555370627634137,2021.21795340567,2021.21921730056,1
2284,2285,Westchester,Westchester,0.02285193797,0.5570812304793,0.5342292925093,2021.19681207055,2021.21966400852,1
3608,3611,Bronx,Bronx,0.05025410711,0.55720128200146,0.50694717489146,2021.16952995293,2021.21978406004,1
3012,3013,Queens,Queens,0.1367106189,0.5572023244049,0.4204917055049,2021.08307448355,2021.21978510245,1
3955,3956,Queens,Queens,0.00416447182099999,0.558300808624984,0.554136336803984,2021.21671911484,2021.22088358667,1
2737,2738,Bronx,NewYork,0.00545124436599997,0.558463933189507,0.553012688823507,2021.21559546686,2021.22104671123,1
2713,2714,Queens,Queens,0.0706465938700001,0.558705615871507,0.488059022001507,2021.15064180004,2021.22128839391,1
3096,1039,Kings,Kings,0.03876232919,0.559513112315,0.520750783125,2021.18333356117,2021.22209589036,1
2892,834,NewYork,Suffolk,0.1550130133,0.5595131123204,0.4045000990204,2021.06708287706,2021.22209589036,1
2779,721,Bronx,Kings,0.2244311651,0.559513112329,0.335081947229,2020.99766472527,2021.22209589037,1
3939,1884,NewYork,NewYork,0.05520117245,0.559513112338984,0.504311939888984,2021.16689471793,2021.22209589038,1
2980,925,Nassau,Nassau,0.02896578334,0.5595131123399,0.5305473289999,2021.19313010704,2021.22209589038,1
3498,1442,NewYork,NewYork,0.03846619894,0.55951311234196,0.52104691340196,2021.18362969144,2021.22209589038,1
3611,1554,Bronx,Queens,0.002311830342,0.55951311234346,0.55720128200146,2021.21978406004,2021.22209589038,1
3997,1941,Queens,Queens,0.02597859428,0.55951311234805,0.53353451806805,2021.19611729611,2021.22209589039,1
3986,1932,Kings,Kings,0.08770949363,0.55951311235895,0.47180361872895,2021.13438639677,2021.2220958904,1
2737,683,Bronx,Bronx,0.00650042353699998,0.559513112360507,0.553012688823507,2021.21559546686,2021.2220958904,1
2585,529,Nassau,Nassau,0.06327590577,0.559513112362813,0.496237206592813,2021.15881998463,2021.2220958904,1
2676,625,Bronx,Suffolk,0.08269421399,0.559513112363527,0.476818898373527,2021.13940167641,2021.2220958904,1
2726,673,Bronx,Bronx,0.03698451111,0.559513112363507,0.522528601253507,2021.18511137929,2021.2220958904,1
2515,460,Bronx,Queens,0.09938467558,0.559513112364108,0.460128436784107,2021.12271121482,2021.2220958904,1
2089,32,Queens,Queens,0.03408712449,0.5595131123675,0.5254259878775,2021.18800876592,2021.22209589041,1
3593,1539,Bronx,Kings,0.2602477593,0.55951311237146,0.29926535307146,2020.96184813111,2021.22209589041,1
2684,629,NewYork,NewYork,0.03513444275,0.559513112374607,0.524378669624607,2021.18696144766,2021.22209589041,1
2363,307,Bronx,NewYork,0.04939681507,0.5595131123757,0.5101162973057,2021.17269907535,2021.22209589042,1
2240,183,Nassau,Nassau,0.04016166542,0.5595131123813,0.5193514469613,2021.181934225,2021.22209589042,1
2302,248,Kings,Nassau,0.02770693457,0.5595131123842,0.5318061778142,2021.19438895585,2021.22209589042,1
3161,3162,Bronx,NewYork,0.3852062674,0.5597636925845,0.1745574251845,2020.83714020322,2021.22234647062,1
3184,3185,NewYork,NewYork,0.1197348598,0.55988325216356,0.44014839236356,2021.1027311704,2021.2224660302,1
2961,2963,Kings,Kings,0.01858381604,0.560016317045,0.541432501005,2021.20401527905,2021.22259909509,1
3123,3124,Kings,Kings,0.00515276017999999,0.560563622332,0.555410862152,2021.21799364019,2021.22314640037,1
3111,3112,NewYork,NewYork,0.1369810615,0.560610900503,0.423629839003,2021.08621261704,2021.22319367854,1
3205,3206,NewYork,NewYork,0.00522587913399997,0.56063110249956,0.55540522336556,2021.21798800141,2021.22321388054,1
3518,3521,NewYork,NewYork,0.06663321625,0.56247728002896,0.49584406377896,2021.15842684182,2021.22506005807,1
3454,1400,Bronx,Bronx,0.154564263,0.56251311230216,0.40794884930216,2021.07053162734,2021.22509589034,1
4097,2045,Kings,Kings,0.0692211714200001,0.56251311233895,0.49329194091895,2021.15587471896,2021.22509589038,1
3940,1885,NewYork,NewYork,0.03643350047,0.562513112338984,0.526079611868984,2021.18866238991,2021.22509589038,1
3115,1057,NewYork,NewYork,0.02061559752,0.562513112339,0.541897514819,2021.20448029286,2021.22509589038,1
3982,1928,Bronx,Queens,0.0887718723,0.56251311233995,0.47374124003995,2021.13632401808,2021.22509589038,1
3282,1228,NewYork,NewYork,0.0676856032399999,0.56251311233999,0.49482750909999,2021.15741028714,2021.22509589038,1
3133,1077,NewYork,NewYork,0.00952046768899995,0.56251311234,0.552992644651,2021.21557542269,2021.22509589038,1
4029,1977,NewYork,Kings,0.1281520721,0.56251311234025,0.43436104024025,2021.09694381828,2021.22509589038,1
3621,1564,Bronx,Nassau,0.0746223868900001,0.5625131123426,0.4878907254526,2021.15047350349,2021.22509589038,1
3246,1191,Bronx,Bronx,0.01912267176,0.56251311234606,0.54339044058606,2021.20597321863,2021.22509589039,1
3718,1661,Kings,Kings,0.008407949109,0.56251311234655,0.55410516323755,2021.21668794128,2021.22509589039,1
3578,1522,Queens,Kings,0.0267813824799999,0.56251311235146,0.53573172987146,2021.19831450791,2021.22509589039,1
2328,273,Bronx,Westchester,0.2309744043,0.5625131123576,0.3315387080576,2020.9941214861,2021.2250958904,1
2296,239,Nassau,Nassau,0.02141897979,0.5625131123633,0.5410941325733,2021.20367691061,2021.2250958904,1
2677,622,Bronx,Richmond,0.05307935723,0.562513112363527,0.509433755133527,2021.17201653317,2021.2250958904,1
2285,229,Westchester,Westchester,0.00543188188699995,0.5625131123663,0.5570812304793,2021.21966400852,2021.22509589041,1
3106,1051,Kings,Kings,0.1962959419,0.56251311237,0.36621717047,2021.02879994851,2021.22509589041,1
2745,691,NewYork,Nassau,0.0348483054100001,0.562513112373,0.527664806963,2021.190247585,2021.22509589041,1
3614,1558,Kings,Queens,0.1909796965,0.56251311238046,0.37153341588046,2021.03411619392,2021.22509589042,1
2233,174,NewYork,NewYork,0.146559495,0.5625131123903,0.4159536173903,2021.07853639543,2021.22509589043,1
3819,3820,Queens,Queens,0.1983169729,0.562751733127964,0.364434760227964,2021.02701753827,2021.22533451117,1
3185,3187,NewYork,NewYork,0.00369199734000003,0.56357524950356,0.55988325216356,2021.2224660302,2021.22615802754,1
2745,2746,NewYork,NewYork,0.0359217948,0.563586601763,0.527664806963,2021.190247585,2021.2261693798,1
2961,2962,Kings,Queens,0.0223459026,0.563778403605,0.541432501005,2021.20401527905,2021.22636118165,1
3185,3186,NewYork,NewYork,0.00394112606100006,0.56382437822456,0.55988325216356,2021.2224660302,2021.22640715626,1
2276,2277,Bronx,NewYork,0.06958548583,0.5640488224393,0.4944633366093,2021.15704611465,2021.22663160048,1
2088,2091,Queens,Queens,0.09100695531,0.5642808709275,0.4732739156175,2021.13585669366,2021.22686364897,1
3324,3325,Queens,Kings,0.06060703163,0.56444882658854,0.50384179495854,2021.166424573,2021.22703160463,1
3370,1318,Bronx,Queens,0.3445297511,0.56451311230256,0.21998336120256,2020.88256613924,2021.22709589034,1
2959,905,Kings,NewYork,0.06184479101,0.564513112325,0.502668321315,2021.16525109936,2021.22709589037,1
3112,1056,NewYork,NewYork,0.00390221183499995,0.564513112338,0.560610900503,2021.22319367854,2021.22709589038,1
3078,1024,Bronx,Bronx,0.0691428254000001,0.56451311234,0.49537028694,2021.15795306498,2021.22709589038,1
3579,1524,NewYork,NewYork,0.03389060304,0.56451311234246,0.53062250930246,2021.19320528734,2021.22709589038,1
3156,1102,Bronx,Kings,0.01862297804,0.5645131123425,0.5458901343025,2021.20847291234,2021.22709589038,1
3892,1837,Queens,Queens,0.03775643285,0.564513112345784,0.526756679495784,2021.18933945754,2021.22709589039,1
3435,1380,NewYork,NewYork,0.01536258538,0.56451311234623,0.54915052696623,2021.21173330501,2021.22709589039,1
3234,1178,Westchester,Westchester,0.0154933310200001,0.56451311234756,0.54901978132756,2021.21160255937,2021.22709589039,1
3520,1464,NewYork,NewYork,0.03597815984,0.56451311234896,0.52853495250896,2021.19111773055,2021.22709589039,1
3992,1937,Bronx,Kings,0.1496527516,0.56451311235745,0.41486036075745,2021.0774431388,2021.2270958904,1
2570,514,Bronx,Kings,0.123080499,0.564513112363813,0.441432613363813,2021.1040153914,2021.2270958904,1
2734,679,Bronx,Bronx,0.0888303899,0.564513112364307,0.475682722464307,2021.1382655005,2021.2270958904,1
2722,667,Bronx,Bronx,0.00913415805499995,0.564513112368507,0.555378954313507,2021.21796173235,2021.22709589041,1
2279,222,Bronx,Bronx,0.09293183648,0.5645131123693,0.4715812758893,2021.13416405393,2021.22709589041,1
3872,1817,Nassau,Nassau,0.00934991549300002,0.564513112383984,0.555163196890984,2021.21774597493,2021.22709589042,1
3833,1777,Bronx,Bronx,0.04256824586,0.564513112385264,0.521944866525264,2021.18452764457,2021.22709589043,1
2463,409,Bronx,Nassau,0.1240378399,0.564513112396338,0.440475272496337,2021.10305805054,2021.22709589044,1
2075,2076,Kings,Nassau,0.05537316141,0.5651957055105,0.5098225441005,2021.17240532214,2021.22777848355,1
2323,2324,Bronx,Bronx,0.03006281441,0.5661044997186,0.5360416853086,2021.19862446335,2021.22868727776,1
3426,3427,NewYork,NewYork,0.1782237016,0.56610989780343,0.38788619620343,2021.05046897424,2021.22869267584,1
3124,3125,Kings,Queens,0.005633659367,0.566197281699,0.560563622332,2021.22314640037,2021.22878005974,1
2478,2479,Bronx,Bronx,0.00971133109800004,0.566345853619137,0.556634522521137,2021.21921730056,2021.22892863166,1
2356,2357,Nassau,Nassau,0.02202667591,0.5669360499857,0.5449093740757,2021.20749215212,2021.22951882803,1
3202,3203,NewYork,Kings,0.02274142401,0.56699140180556,0.54424997779556,2021.20683275584,2021.22957417985,1
3944,3945,NewYork,NewYork,0.0400137624,0.567066277408984,0.527052515008984,2021.18963529305,2021.22964905545,1
2291,2292,Bronx,Kings,0.05610426484,0.567172153087,0.511067888247,2021.17365066629,2021.22975493113,1
2612,2613,NewYork,Nassau,0.0539400435,0.567500744267507,0.513560700767507,2021.17614347881,2021.23008352231,1
3817,1763,NewYork,Kings,0.06652254275,0.567513112319964,0.500990569569964,2021.16357334761,2021.23009589036,1
4088,2034,NewYork,Bronx,0.01986477865,0.56751311234095,0.54764833369095,2021.21023111173,2021.23009589038,1
3270,1215,NewYork,Kings,0.09597498344,0.56751311234196,0.47153812890196,2021.13412090694,2021.23009589038,1
3733,1678,Queens,Queens,0.03886878843,0.56751311234525,0.52864432391525,2021.19122710196,2021.23009589039,1
3394,1342,NewYork,NewYork,0.0758106806,0.56751311234576,0.49170243174576,2021.15428520979,2021.23009589039,1
3197,1141,Kings,Kings,0.02958574521,0.56751311234556,0.53792736713556,2021.20051014518,2021.23009589039,1
3521,1467,NewYork,NewYork,0.00503583231799998,0.56751311234696,0.56247728002896,2021.22506005807,2021.23009589039,1
3956,1900,Queens,Queens,0.00921230372299997,0.567513112347984,0.558300808624984,2021.22088358667,2021.23009589039,1
3633,1577,Bronx,Nassau,0.0533061071199999,0.5675131123488,0.5142070052288,2021.17678978327,2021.23009589039,1
2267,210,Westchester,Westchester,0.1062896723,0.5675131123493,0.4612234400493,2021.12380621809,2021.23009589039,1
3569,1515,Nassau,Nassau,0.04115107311,0.56751311235146,0.52636203924146,2021.18894481728,2021.23009589039,1
2738,684,NewYork,NewYork,0.00904917917100001,0.567513112360507,0.558463933189507,2021.22104671123,2021.2300958904,1
2738,685,NewYork,NewYork,0.00904917917100001,0.567513112360507,0.558463933189507,2021.22104671123,2021.2300958904,1
2604,554,Bronx,Bronx,0.09140270779,0.567513112362813,0.476110404572813,2021.13869318261,2021.2300958904,1
2063,8,NewYork,Kings,0.09988910265,0.5675131123645,0.4676240097145,2021.13020678776,2021.2300958904,1
2714,658,Queens,Queens,0.00880749649500001,0.567513112366507,0.558705615871507,2021.22128839391,2021.23009589041,1
2323,266,Bronx,NewYork,0.0314714270599999,0.5675131123686,0.5360416853086,2021.19862446335,2021.23009589041,1
2285,228,Westchester,Westchester,0.01043188189,0.5675131123693,0.5570812304793,2021.21966400852,2021.23009589041,1
2478,424,Bronx,Bronx,0.01087858985,0.567513112371137,0.556634522521137,2021.21921730056,2021.23009589041,1
2721,666,Bronx,Kings,0.01795192883,0.567513112372507,0.549561183542507,2021.21214396158,2021.23009589041,1
3956,3957,Queens,Queens,0.01042002913,0.568720837754984,0.558300808624984,2021.22088358667,2021.2313036158,1
3418,3420,NewYork,NewYork,0.1299185301,0.56935532502643,0.43943679492643,2021.10201957297,2021.23193810307,1
2076,2077,Nassau,Nassau,0.00441917304299999,0.5696148785535,0.5651957055105,2021.22777848355,2021.23219765659,1
2072,18,Bronx,Bronx,0.1638822667,0.5705131123245,0.4066308456245,2021.06921362366,2021.23309589036,1
3501,1448,NewYork,NewYork,0.1429952253,0.57051311232796,0.42751788702796,2021.09010066507,2021.23309589037,1
2587,532,Bronx,Kings,0.1475650257,0.570513112337813,0.422948086637813,2021.08553086468,2021.23309589038,1
2843,785,Nassau,Nassau,0.0599178362,0.57051311234349,0.51059527614349,2021.17317805418,2021.23309589038,1
3169,1117,Bronx,Queens,0.3807652259,0.57051311234556,0.18974788644556,2020.85233066449,2021.23309589039,1
3050,992,Bronx,NewYork,0.1157240217,0.570513112357,0.454789090657,2021.1173718687,2021.2330958904,1
2324,267,Bronx,Bronx,0.00440861264799997,0.5705131123666,0.5661044997186,2021.22868727776,2021.23309589041,1
2324,268,Bronx,Bronx,0.00440861264799997,0.5705131123666,0.5661044997186,2021.22868727776,2021.23309589041,1
2580,525,Westchester,Queens,0.01416523093,0.570513112366813,0.556347881436813,2021.21893065948,2021.23309589041,1
2154,101,NewYork,Nassau,0.0898038984,0.5705131123675,0.4807092139675,2021.14329199201,2021.23309589041,1
3710,1652,Bronx,Kings,0.1198923866,0.57051311239455,0.45062072579455,2021.11320350383,2021.23309589043,1
2894,2895,Suffolk,Suffolk,0.03576785208,0.5710423852004,0.5352745331204,2021.19785731116,2021.23362516324,1
2428,2429,Queens,Nassau,0.0960949449,0.5711988832722,0.4751039383722,2021.13768671641,2021.23378166131,1
3187,3189,NewYork,NewYork,0.00771132652299999,0.57128657602656,0.56357524950356,2021.22615802754,2021.23386935407,1
3584,3585,NewYork,NewYork,0.02041721792,0.57167991322246,0.55126269530246,2021.21384547334,2021.23426269126,1
3820,3821,Queens,Queens,0.00963927010499999,0.572391003232964,0.562751733127964,2021.22533451117,2021.23497378127,1
2557,2558,Bronx,Bronx,0.0929474649199999,0.572496698352707,0.479549233432707,2021.14213201147,2021.23507947639,1
3200,1145,Kings,Kings,0.08901735252,0.57351311234156,0.48449575982156,2021.14707853786,2021.23609589038,1
3957,1901,Queens,Queens,0.00479227459300002,0.573513112347984,0.568720837754984,2021.2313036158,2021.23609589039,1
3433,1378,Queens,Queens,0.07865207815,0.57351311234823,0.49486103419823,2021.15744381224,2021.23609589039,1
2095,41,Bronx,Bronx,0.207551843,0.5735131123505,0.3659612693505,2021.02854404739,2021.23609589039,1
2592,537,Bronx,Kings,0.1243720603,0.573513112352813,0.449141052052813,2021.11172383009,2021.23609589039,1
2090,30,Queens,NewYork,0.03866961054,0.5735131123615,0.5348435018215,2021.19742627986,2021.2360958904,1
2434,378,Suffolk,Westchester,0.06788711212,0.5735131123622,0.5056260002422,2021.16820877828,2021.2360958904,1
2297,241,Nassau,Nassau,0.02517419976,0.5735131123643,0.5483389126043,2021.21092169064,2021.2360958904,1
2479,425,Bronx,Queens,0.00716725875000002,0.573513112369137,0.566345853619137,2021.22892863166,2021.23609589041,1
2364,310,Bronx,Queens,0.05489961735,0.5735131123717,0.5186134950217,2021.18119627306,2021.23609589041,1
2991,934,Queens,Nassau,0.16077654,0.5735131123721,0.4127365723721,2021.07531935041,2021.23609589041,1
2277,2278,NewYork,NewYork,0.00974808624300005,0.5737969086823,0.5640488224393,2021.22663160048,2021.23637968672,1
3809,3810,Bronx,Bronx,0.01838487986,0.574449287718564,0.556064407858564,2021.2186471859,2021.23703206576,1
2067,2068,Bronx,NewYork,0.02539755999,0.5745550499345,0.5491574899445,2021.21174026798,2021.23713782797,1
3711,1653,Bronx,Queens,0.02253113902,0.57551311231455,0.55298197329455,2021.21556475134,2021.23809589035,1
4094,2042,Westchester,Westchester,0.0361488410900001,0.57551311231495,0.53936427122495,2021.20194704927,2021.23809589036,1
4002,1948,Bronx,NewYork,0.1490181423,0.57551311232045,0.42649497002045,2021.08907774806,2021.23809589036,1
2670,617,Bronx,Nassau,0.1539738814,0.575513112321527,0.421539230921527,2021.08412200896,2021.23809589036,1
2548,492,Queens,Suffolk,0.04822330853,0.575513112328707,0.527289803798707,2021.18987258184,2021.23809589037,1
2251,196,NewYork,NewYork,0.1013803546,0.5755131123313,0.4741327577313,2021.13671553577,2021.23809589037,1
2197,142,Bronx,Nassau,0.2454497787,0.5755131123333,0.3300633336333,2020.99264611167,2021.23809589037,1
3584,1532,NewYork,Kings,0.02425041704,0.57551311234246,0.55126269530246,2021.21384547334,2021.23809589038,1
3037,981,Queens,Queens,0.02520354323,0.575513112344,0.550309569114,2021.21289234715,2021.23809589038,1
4028,1973,Kings,NewYork,0.0963100964699999,0.57551311235125,0.47920301588125,2021.14178579392,2021.23809589039,1
3209,1154,Queens,Queens,0.1293622552,0.57551311235556,0.44615085715556,2021.1087336352,2021.2380958904,1
2495,442,Westchester,Westchester,0.1036888838,0.575513112361507,0.471824228561508,2021.1344070066,2021.2380958904,1
2571,515,Nassau,Nassau,0.03630727692,0.575513112363813,0.539205835443813,2021.20178861348,2021.2380958904,1
2695,640,Bronx,Nassau,0.0909075206,0.575513112364507,0.484605591764507,2021.14718836981,2021.23809589041,1
2429,374,Nassau,Nassau,0.00431422909400003,0.5755131123662,0.5711988832722,2021.23378166131,2021.23809589041,1
2429,375,Nassau,Nassau,0.00431422909400003,0.5755131123662,0.5711988832722,2021.23378166131,2021.23809589041,1
2292,237,Kings,Kings,0.00834095928,0.575513112367,0.567172153087,2021.22975493113,2021.23809589041,1
2479,426,Bronx,Bronx,0.00916725875000002,0.575513112369137,0.566345853619137,2021.22892863166,2021.23809589041,1
3365,1312,Queens,Nassau,0.0934214846199999,0.57551311237056,0.48209162775056,2021.14467440579,2021.23809589041,1
4009,1955,NewYork,Suffolk,0.1907910977,0.57551311237495,0.38472201467495,2021.04730479272,2021.23809589042,1
2613,557,Nassau,Nassau,0.00801236810899997,0.575513112376507,0.567500744267507,2021.23008352231,2021.23809589042,1
2354,298,NewYork,Queens,0.07139712147,0.5755131123777,0.5041159909077,2021.16669876895,2021.23809589042,1
4026,1974,Kings,NewYork,0.1266851532,0.57551311238125,0.44882795918125,2021.11141073722,2021.23809589042,1
3319,1264,Nassau,Nassau,0.04370453794,0.57551311238254,0.53180857444254,2021.19439135248,2021.23809589042,1
2982,926,Richmond,Richmond,0.1259057265,0.5755131123899,0.4496073858899,2021.11219016393,2021.23809589043,1
2520,2521,Bronx,Kings,0.0898479016099999,0.575893295235107,0.486045393625108,2021.14862817167,2021.23847607328,1
3797,3798,NewYork,NewYork,0.02193477544,0.576131663602564,0.554196888162564,2021.2167796662,2021.23871444164,1
2192,2193,Bronx,Bronx,0.1073926334,0.5779864288843,0.4705937954843,2021.13317657352,2021.24056920692,1
3705,3706,Bronx,Nassau,0.08329116133,0.57808524019455,0.49479407886455,2021.1573768569,2021.24066801824,1
2993,2994,Bronx,Bronx,0.1638363051,0.5781366649121,0.4143003598121,2021.07688313785,2021.24071944295,1
2732,2733,Bronx,NewYork,0.103226473,0.578487053674507,0.475260580674507,2021.13784335871,2021.24106983171,1
4058,2004,Bronx,Bronx,0.05998246492,0.57851311231295,0.51853064739295,2021.18111342543,2021.24109589035,1
2896,838,Kings,Kings,0.1042600878,0.5785131123304,0.4742530245304,2021.13683580257,2021.24109589037,1
2915,859,Bronx,Bronx,0.1312294246,0.5785131123325,0.4472836877325,2021.10986646577,2021.24109589037,1
2796,737,NewYork,Suffolk,0.1235857898,0.578513112333,0.454927322533,2021.11751010057,2021.24109589037,1
3132,1075,Queens,Queens,0.07395236706,0.578513112341,0.504560745281,2021.16714352332,2021.24109589038,1
3156,1103,Bronx,Westchester,0.03262297804,0.5785131123425,0.5458901343025,2021.20847291234,2021.24109589038,1
3037,982,Queens,Queens,0.02820354323,0.578513112344,0.550309569114,2021.21289234715,2021.24109589038,1
3175,1118,NewYork,Westchester,0.2272997025,0.57851311234556,0.35121340984556,2021.01379618789,2021.24109589039,1
3201,1146,NewYork,NewYork,0.04682631713,0.57851311234556,0.53168679521556,2021.19426957326,2021.24109589039,1
3892,1838,Queens,Queens,0.05175643285,0.578513112345784,0.526756679495784,2021.18933945754,2021.24109589039,1
3994,1939,NewYork,NewYork,0.140793719,0.57851311234605,0.43771939334605,2021.10030217139,2021.24109589039,1
3509,1455,Westchester,Queens,0.08080670526,0.57851311234896,0.49770640708896,2021.16028918513,2021.24109589039,1
3521,1468,NewYork,NewYork,0.0160358323199999,0.57851311234896,0.56247728002896,2021.22506005807,2021.24109589039,1
3224,1168,Kings,Kings,0.08446383722,0.57851311234956,0.49404927512956,2021.15663205317,2021.24109589039,1
2739,688,Queens,Kings,0.1093438736,0.578513112353507,0.469169238753507,2021.13175201679,2021.24109589039,1
2733,677,NewYork,NewYork,2.60586857599998e-05,0.578513112360267,0.578487053674507,2021.24106983171,2021.2410958904,1
2733,678,NewYork,NewYork,2.60586857599998e-05,0.578513112360267,0.578487053674507,2021.24106983171,2021.2410958904,1
2495,441,Westchester,Westchester,0.1066888838,0.578513112361507,0.471824228561508,2021.1344070066,2021.2410958904,1
2435,379,Suffolk,Suffolk,0.06263749077,0.5785131123622,0.5158756215922,2021.17845839963,2021.2410958904,1
2411,356,Bronx,Kings,0.08796582561,0.5785131123632,0.4905472867532,2021.15313006479,2021.2410958904,1
2734,680,Bronx,NewYork,0.1028303899,0.578513112364307,0.475682722464307,2021.1382655005,2021.2410958904,1
2552,497,NewYork,NewYork,0.04718691513,0.578513112365907,0.531326197235907,2021.19390897528,2021.24109589041,1
2091,33,Queens,Queens,0.01423224144,0.5785131123675,0.5642808709275,2021.22686364897,2021.24109589041,1
2278,217,NewYork,NewYork,0.00471620368799996,0.5785131123703,0.5737969086823,2021.23637968672,2021.24109589041,1
2338,284,Queens,NewYork,0.09923813203,0.5785131123717,0.4792749803417,2021.14185775838,2021.24109589041,1
2561,507,Kings,Queens,0.03790834863,0.578513112372707,0.540604763742707,2021.20318754178,2021.24109589041,1
3319,1265,Nassau,Queens,0.04670453794,0.57851311238254,0.53180857444254,2021.19439135248,2021.24109589042,1
2342,287,Bronx,NewYork,0.1833539412,0.5785131123857,0.3951591711857,2021.05774194923,2021.24109589043,1
2482,429,Bronx,Bronx,0.09147996062,0.578513112386937,0.487033151766938,2021.14961592981,2021.24109589043,1
2377,323,NewYork,Nassau,0.1352962541,0.5785131123872,0.4432168582872,2021.10579963633,2021.24109589043,1
2312,257,Bronx,NewYork,0.2564350103,0.5785131124032,0.3220781021032,2020.98466088014,2021.24109589044,1
3163,3164,Bronx,Westchester,0.4000201257,0.5789826522385,0.1789625265385,2020.84154530458,2021.24156543028,1
2271,2272,Kings,Nassau,0.1023027611,0.5794288659093,0.4771261048093,2021.13970888285,2021.24201164395,1
2364,2365,Bronx,Bronx,0.06156884378,0.5801823388017,0.5186134950217,2021.18119627306,2021.24276511684,1
2868,2869,Queens,Queens,0.111889795,0.5805075733124,0.4686177783124,2021.13120055635,2021.24309035135,1
3747,3748,Bronx,Bronx,0.2511401151,0.58078961300525,0.32964949790525,2020.99223227595,2021.24337239105,1
3639,3640,NewYork,Bronx,0.2730392218,0.581121019122471,0.308081797322471,2020.97066457536,2021.24370379716,1
2571,2572,Nassau,Nassau,0.04209705629,0.581302891733813,0.539205835443813,2021.20178861348,2021.24388566977,1
3885,3886,Nassau,Nassau,0.05289926974,0.581337121052484,0.528437851312484,2021.19102062935,2021.24391989909,1
3493,1439,NewYork,NewYork,0.1932575252,0.58151311229796,0.38825558709796,2021.05083836514,2021.24409589034,1
3105,1048,NewYork,NewYork,0.1830254816,0.581513112309,0.398487630709,2021.06107040875,2021.24409589035,1
4090,2037,Kings,Queens,0.1379826971,0.58151311232095,0.44353041522095,2021.10611319326,2021.24409589036,1
3299,1242,Bronx,Nassau,0.02664424735,0.58151311233799,0.55486886498799,2021.21745164303,2021.24409589038,1
3125,1071,Queens,Queens,0.01531583064,0.581513112339,0.566197281699,2021.22878005974,2021.24409589038,1
2869,810,Queens,Queens,0.00100553902699996,0.5815131123394,0.5805075733124,2021.24309035135,2021.24409589038,1
4088,2033,NewYork,NewYork,0.03386477865,0.58151311234095,0.54764833369095,2021.21023111173,2021.24409589038,1
3611,1555,Bronx,Bronx,0.02431183034,0.58151311234146,0.55720128200146,2021.21978406004,2021.24409589038,1
3798,1743,NewYork,Nassau,0.00538144874099999,0.581513112343564,0.576131663602564,2021.23871444164,2021.24409589038,1
3821,1766,Queens,Queens,0.00912210911099998,0.581513112343964,0.572391003232964,2021.23497378127,2021.24409589038,1
3162,1110,NewYork,NewYork,0.02174941976,0.5815131123445,0.5597636925845,2021.22234647062,2021.24409589038,1
3205,1150,NewYork,Queens,0.02610788898,0.58151311234556,0.55540522336556,2021.21798800141,2021.24409589039,1
3203,1147,Kings,Kings,0.01452171054,0.58151311234556,0.56699140180556,2021.22957417985,2021.24409589039,1
3585,1530,NewYork,NewYork,0.00983319912500003,0.58151311234746,0.57167991322246,2021.23426269126,2021.24409589039,1
3718,1662,Kings,Kings,0.02740794911,0.58151311234755,0.55410516323755,2021.21668794128,2021.24409589039,1
3520,1465,NewYork,NewYork,0.05297815984,0.58151311234896,0.52853495250896,2021.19111773055,2021.24409589039,1
2714,657,Queens,Queens,0.02280749649,0.581513112361507,0.558705615871507,2021.22128839391,2021.2440958904,1
2510,454,Bronx,Bronx,0.09524832056,0.581513112364108,0.486264791804108,2021.14884756984,2021.2440958904,1
2297,240,Nassau,Nassau,0.03317419976,0.5815131123643,0.5483389126043,2021.21092169064,2021.2440958904,1
2447,393,Suffolk,Suffolk,0.04126656984,0.5815131123702,0.5402465425302,2021.20282932057,2021.24409589041,1
2076,20,Nassau,Nassau,0.01631740686,0.5815131123705,0.5651957055105,2021.22777848355,2021.24409589041,1
3693,1639,Suffolk,Suffolk,0.04122803748,0.58151311237725,0.54028507489725,2021.20286785294,2021.24409589042,1
3069,1014,Queens,Queens,0.144322056,0.581513112379,0.437191056379,2021.09977383442,2021.24409589042,1
3137,1083,NewYork,Suffolk,0.1586568133,0.581513112381,0.422856299081,2021.08543907712,2021.24409589042,1
3863,1810,Bronx,Westchester,0.1774647437,0.581513112391184,0.404048368691184,2021.06663114673,2021.24409589043,1
2336,281,Bronx,Kings,0.1368384733,0.5815131124153,0.4446746391153,2021.10725741716,2021.24409589046,1
2716,2717,NewYork,Queens,0.05528580934,0.584412503351507,0.529126694011507,2021.19170947205,2021.24699528139,1
4058,2005,Bronx,Nassau,0.06598246492,0.58451311231295,0.51853064739295,2021.18111342543,2021.24709589035,1
2293,238,Bronx,Suffolk,0.1968952365,0.5845131123193,0.3876178758193,2021.05020065386,2021.24709589036,1
3760,1706,Nassau,Suffolk,0.1775197125,0.58451311232825,0.40699339982825,2021.06957617787,2021.24709589037,1
3122,1067,Kings,NewYork,0.03711638069,0.584513112333,0.547396731643,2021.20997950968,2021.24709589037,1
3544,1489,NewYork,NewYork,0.1765681231,0.58451311233756,0.40794498923756,2021.07052776728,2021.24709589038,1
3299,1243,Bronx,Queens,0.02964424735,0.58451311233799,0.55486886498799,2021.21745164303,2021.24709589038,1
3206,1151,NewYork,Kings,0.02388200984,0.58451311233956,0.56063110249956,2021.22321388054,2021.24709589038,1
3206,1152,NewYork,NewYork,0.02388200984,0.58451311233956,0.56063110249956,2021.22321388054,2021.24709589038,1
3579,1525,NewYork,Bronx,0.05389060304,0.58451311234246,0.53062250930246,2021.19320528734,2021.24709589038,1
3425,1370,Kings,Kings,0.0555418935299999,0.58451311234743,0.52897121881743,2021.19155399686,2021.24709589039,1
3425,1371,Kings,Kings,0.0555418935299999,0.58451311234743,0.52897121881743,2021.19155399686,2021.24709589039,1
2606,551,Westchester,Westchester,0.05001000451,0.584513112362813,0.534503107852813,2021.19708588589,2021.2470958904,1
2516,461,Bronx,Kings,0.0814063672599999,0.584513112364107,0.503106745104107,2021.16568952314,2021.2470958904,1
2580,526,Westchester,Westchester,0.02816523093,0.584513112366813,0.556347881436813,2021.21893065948,2021.24709589041,1
2572,516,Nassau,Nassau,0.00321022063300003,0.584513112366813,0.581302891733813,2021.24388566977,2021.24709589041,1
3339,1287,Bronx,Queens,0.390645344,0.58451311236856,0.19386776836856,2020.85645054641,2021.24709589041,1
2325,269,Bronx,Westchester,0.04065162746,0.5845131123686,0.5438614849086,2021.20644426295,2021.24709589041,1
3565,1512,NewYork,Nassau,0.1829191578,0.58451311238146,0.40159395458146,2021.06417673262,2021.24709589042,1
2193,138,Bronx,Bronx,0.00652668353200003,0.5845131124163,0.5779864288843,2021.24056920692,2021.24709589046,1
3434,3437,Queens,Queens,0.05141451143,0.58486590676623,0.53345139533623,2021.19603417338,2021.24744868481,1
3189,3190,NewYork,NewYork,0.01453161217,0.58581818819656,0.57128657602656,2021.23386935407,2021.24840096624,1
3013,3014,Queens,Nassau,0.02897794014,0.5861802645449,0.5572023244049,2021.21978510245,2021.24876304259,1
3247,3248,Bronx,Nassau,0.038047127,0.58650130001706,0.54845417301706,2021.21103695106,2021.24908407806,1
3301,1245,Bronx,Queens,0.1246501271,0.58651311232099,0.46186298522099,2021.12444576326,2021.24909589036,1
2857,799,Bronx,Suffolk,0.2497049376,0.5865131123424,0.3368081747424,2020.99939095278,2021.24909589038,1
3475,1420,Bronx,Suffolk,0.1881187688,0.58651311234376,0.39839434354376,2021.06097712158,2021.24909589038,1
3248,1193,Nassau,Nassau,1.18123275999471e-05,0.58651311234466,0.58650130001706,2021.24908407806,2021.24909589039,1
3247,1192,Bronx,Bronx,0.03805893933,0.58651311234706,0.54845417301706,2021.21103695106,2021.24909589039,1
3638,1585,NewYork,Westchester,0.2818070962,0.586513112358471,0.304706016158471,2020.9672887942,2021.2490958904,1
3014,958,Nassau,Nassau,0.000332847815599946,0.5865131123605,0.5861802645449,2021.24876304259,2021.2490958904,1
2109,54,NewYork,NewYork,0.165689965,0.5865131123614,0.4208231473614,2021.0834059254,2021.2490958904,1
3999,1944,Queens,Queens,0.1374806558,0.58651311237405,0.44903245657405,2021.11161523461,2021.24909589041,1
2325,2326,Bronx,Queens,0.04329676043,0.5871582453386,0.5438614849086,2021.20644426295,2021.24974102338,1
2933,2934,Suffolk,Suffolk,0.1437309518,0.5893394142504,0.4456084624504,2021.10819124049,2021.25192219229,1
3203,3204,Kings,Kings,0.02240109225,0.58939249405556,0.56699140180556,2021.22957417985,2021.2519752721,1
3706,1645,Nassau,Nassau,0.01142787215,0.58951311234455,0.57808524019455,2021.24066801824,2021.25209589038,1
3204,1149,Kings,Kings,0.000120618288799945,0.58951311234436,0.58939249405556,2021.2519752721,2021.25209589038,1
2678,624,Bronx,Bronx,0.05880844972,0.589513112363527,0.530704662643527,2021.19328744068,2021.2520958904,1
3872,1818,Nassau,Nassau,0.03434991549,0.589513112380984,0.555163196890984,2021.21774597493,2021.25209589042,1
2381,2382,Bronx,NewYork,0.1242136005,0.5901980596062,0.4659844591062,2021.12856723715,2021.25278083765,1
2963,2964,Kings,Kings,0.03066388033,0.590680197375,0.560016317045,2021.22259909509,2021.25326297542,1
2764,2765,Bronx,Bronx,0.041013703,0.59132541418,0.55031171118,2021.21289448922,2021.25390819222,1
3608,3609,Bronx,Bronx,0.08489771383,0.59184488872146,0.50694717489146,2021.16952995293,2021.25442766676,1
3437,3438,Queens,Queens,0.00721334604599999,0.59207925281223,0.58486590676623,2021.24744868481,2021.25466203085,1
3123,1068,Kings,Kings,0.03710225019,0.592513112342,0.555410862152,2021.21799364019,2021.25509589038,1
2869,811,Queens,Queens,0.01200553903,0.5925131123424,0.5805075733124,2021.24309035135,2021.25509589038,1
3797,1742,NewYork,Nassau,0.03831622418,0.592513112342564,0.554196888162564,2021.2167796662,2021.25509589038,1
3640,1587,Bronx,Kings,0.01139209322,0.592513112342471,0.581121019122471,2021.24370379716,2021.25509589038,1
3204,1148,Kings,Queens,0.00312061828900001,0.59251311234456,0.58939249405556,2021.2519752721,2021.25509589039,1
2326,271,Queens,Queens,0.00535486702599997,0.5925131123646,0.5871582453386,2021.24974102338,2021.25509589041,1
2272,214,Nassau,Nassau,0.0130842464599999,0.5925131123693,0.5794288659093,2021.24201164395,2021.25509589041,1
2763,710,Bronx,Bronx,0.0942863554,0.59251311237,0.49822675697,2021.16080953501,2021.25509589041,1
2330,275,Bronx,Queens,0.2563267123,0.5925131123986,0.3361864000986,2020.99876917814,2021.25509589044,1
2392,2393,Westchester,Westchester,0.0598232467399999,0.5946760301552,0.5348527834152,2021.19743556146,2021.2572588082,1
3187,3188,NewYork,NewYork,0.03112848774,0.59470373724356,0.56357524950356,2021.22615802754,2021.25728651528,1
3861,1805,Bronx,Westchester,0.1085658802,0.595513112300184,0.486947232100184,2021.14953001014,2021.25809589034,1
2994,937,Bronx,NewYork,0.01737644739,0.5955131123021,0.5781366649121,2021.24071944295,2021.25809589034,1
2994,938,Bronx,Bronx,0.01737644739,0.5955131123021,0.5781366649121,2021.24071944295,2021.25809589034,1
3529,1474,NewYork,Queens,0.1497421654,0.59551311231746,0.44577094691746,2021.10835372496,2021.25809589036,1
3103,1046,NewYork,Queens,0.2186941786,0.595513112319,0.376818933719,2021.03940171176,2021.25809589036,1
2963,909,Kings,Kings,0.03549679528,0.595513112325,0.560016317045,2021.22259909509,2021.25809589037,1
3197,1140,Kings,Queens,0.05758574521,0.59551311234556,0.53792736713556,2021.20051014518,2021.25809589039,1
2272,215,Nassau,Nassau,0.01608424646,0.5955131123693,0.5794288659093,2021.24201164395,2021.25809589041,1
2765,712,Bronx,Westchester,0.00418769818999998,0.59551311237,0.59132541418,2021.25390819222,2021.25809589041,1
2718,663,NewYork,Queens,0.0912373373100001,0.595513112371507,0.504275775061507,2021.1668585531,2021.25809589041,1
2562,509,Kings,Suffolk,0.04943362462,0.595513112372707,0.546079487752707,2021.20866226579,2021.25809589041,1
2722,668,Bronx,Bronx,0.04013415806,0.595513112373507,0.555378954313507,2021.21796173235,2021.25809589041,1
2356,300,Nassau,Nassau,0.0506037383,0.5955131123757,0.5449093740757,2021.20749215212,2021.25809589042,1
3881,1827,Bronx,Queens,0.2299641148,0.595513112376384,0.365548997576384,2021.02813177562,2021.25809589042,1
3693,1638,Suffolk,Suffolk,0.05522803748,0.59551311237725,0.54028507489725,2021.20286785294,2021.25809589042,1
2696,641,Bronx,Kings,0.1088532551,0.595513112390507,0.486659857290507,2021.14924263533,2021.25809589043,1
2193,139,Bronx,Suffolk,0.01752668353,0.5955131124143,0.5779864288843,2021.24056920692,2021.25809589045,1
3115,3116,NewYork,NewYork,0.05399116863,0.595888683449,0.541897514819,2021.20448029286,2021.25847146149,1
3945,3946,NewYork,NewYork,0.0291243554,0.596190632808984,0.567066277408984,2021.22964905545,2021.25877341085,1
2516,2517,Bronx,Queens,0.09374372206,0.596850467164108,0.503106745104107,2021.16568952314,2021.2594332452,1
2237,2238,Nassau,Nassau,0.09897120649,0.5971694652403,0.4981982587503,2021.16078103679,2021.25975224328,1
2986,2987,NewYork,Queens,0.2029072277,0.5972965767121,0.3943893490121,2021.05697212705,2021.25987935475,1
3138,1085,NewYork,Kings,0.2065102074,0.597513112301,0.391002904901,2021.05358568294,2021.26009589034,1
3053,995,Bronx,NewYork,0.1966675574,0.597513112318,0.400845554918,2021.06342833296,2021.26009589036,1
2964,910,Kings,Nassau,0.00683291494500005,0.59751311232,0.590680197375,2021.25326297542,2021.26009589036,1
3414,1360,NewYork,Nassau,0.234726375,0.59751311232373,0.36278673732373,2021.02536951536,2021.26009589036,1
2962,908,Queens,Queens,0.03373470872,0.597513112325,0.563778403605,2021.22636118165,2021.26009589037,1
3930,1874,Bronx,Kings,0.07807830345,0.597513112342284,0.519434808892284,2021.18201758693,2021.26009589038,1
3427,1373,NewYork,NewYork,0.0314032145400001,0.59751311234343,0.56610989780343,2021.22869267584,2021.26009589038,1
3547,1492,NewYork,Kings,0.0948044904399999,0.59751311234786,0.50270862190786,2021.16529139995,2021.26009589039,1
2332,277,Bronx,NewYork,0.2473436763,0.5975131123496,0.3501694360496,2021.01275221409,2021.26009589039,1
2541,488,Bronx,NewYork,0.2716253143,0.597513112362207,0.325887798062207,2020.9884705761,2021.2600958904,1
3705,1648,Bronx,Bronx,0.1027190335,0.59751311236455,0.49479407886455,2021.1573768569,2021.2600958904,1
2206,151,Kings,NewYork,0.0916596415299999,0.5975131123704,0.5058534708404,2021.16843624888,2021.26009589041,1
2717,661,Queens,Queens,0.01310060902,0.597513112371507,0.584412503351507,2021.24699528139,2021.26009589041,1
3976,1922,Queens,Bronx,0.1393673442,0.59751311237495,0.45814576817495,2021.12072854622,2021.26009589042,1
3798,3799,NewYork,NewYork,0.02153170855,0.597663372152564,0.576131663602564,2021.23871444164,2021.26024615019,1
3522,3523,NewYork,NewYork,0.05516517778,0.59887002921896,0.54370485143896,2021.20628762948,2021.26145280726,1
2558,2559,Bronx,Bronx,0.02713482438,0.599631522732707,0.572496698352707,2021.23507947639,2021.26221430077,1
2523,2525,Nassau,Suffolk,0.09703099877,0.599965448411108,0.502934449641108,2021.16551722768,2021.26254822645,1
3164,3166,Westchester,Westchester,0.02116738544,0.6001500376785,0.5789826522385,2021.24156543028,2021.26273281572,1
3523,1469,NewYork,NewYork,0.00164308309600003,0.60051311231496,0.59887002921896,2021.26145280726,2021.26309589036,1
3760,1707,Nassau,Nassau,0.1935197125,0.60051311232825,0.40699339982825,2021.06957617787,2021.26309589037,1
3116,1059,NewYork,NewYork,0.00462442888600001,0.600513112335,0.595888683449,2021.25847146149,2021.26309589038,1
3322,1267,Bronx,Nassau,0.08882817568,0.60051311233854,0.51168493665854,2021.1742677147,2021.26309589038,1
3830,1773,NewYork,Kings,0.08342788562,0.600513112343264,0.517085226723264,2021.17966800476,2021.26309589038,1
3609,1551,Bronx,Bronx,0.00866822362200004,0.60051311234346,0.59184488872146,2021.25442766676,2021.26309589038,1
3714,1657,Kings,Kings,0.06826282773,0.60051311234455,0.53225028461455,2021.19483306265,2021.26309589038,1
2241,185,NewYork,Nassau,0.2094197248,0.6005131123613,0.3910933875613,2021.0536761656,2021.2630958904,1
2326,270,Queens,Queens,0.01335486703,0.6005131123686,0.5871582453386,2021.24974102338,2021.26309589041,1
2765,713,Bronx,Bronx,0.00918769818999998,0.60051311237,0.59132541418,2021.25390819222,2021.26309589041,1
2339,282,Queens,Kings,0.09824574573,0.6005131123717,0.5022673666417,2021.16485014468,2021.26309589041,1
2441,386,Nassau,Nassau,0.101274683,0.6005131123902,0.4992384293902,2021.16182120743,2021.26309589043,1
3382,3386,NewYork,NewYork,0.2208501342,0.60133905318476,0.38048891898476,2021.04307169703,2021.26392183123,1
3706,3707,Nassau,Nassau,0.02441304965,0.60249828984455,0.57808524019455,2021.24066801824,2021.26508106788,1
2612,2614,NewYork,Richmond,0.08899314612,0.602553846887507,0.513560700767507,2021.17614347881,2021.26513662493,1
3164,3165,Westchester,Westchester,0.02393349263,0.6029161448685,0.5789826522385,2021.24156543028,2021.26549892291,1
3009,954,NewYork,NewYork,0.08988139994,0.6035131123089,0.5136317123689,2021.17621449041,2021.26609589035,1
3523,1470,NewYork,NewYork,0.00464308309600003,0.60351311231496,0.59887002921896,2021.26145280726,2021.26609589036,1
2962,907,Queens,Queens,0.03973470872,0.603513112325,0.563778403605,2021.22636118165,2021.26609589037,1
3996,1940,Queens,Queens,0.1017407886,0.60351311232805,0.50177232372805,2021.16435510177,2021.26609589037,1
3726,1673,NewYork,Richmond,0.2151212406,0.60351311233825,0.38839187173825,2021.05097464978,2021.26609589038,1
3325,1269,Kings,Kings,0.03906428575,0.60351311233854,0.56444882658854,2021.22703160463,2021.26609589038,1
3325,1270,Kings,Kings,0.03906428575,0.60351311233854,0.56444882658854,2021.22703160463,2021.26609589038,1
2521,466,Kings,Kings,0.0276198171299999,0.603513112365107,0.575893295235107,2021.23847607328,2021.26609589041,1
2716,662,NewYork,NewYork,0.07438641836,0.603513112371507,0.529126694011507,2021.19170947205,2021.26609589041,1
2746,692,NewYork,NewYork,0.03992651061,0.603513112373,0.563586601763,2021.2261693798,2021.26609589041,1
2067,11,Bronx,Bronx,0.05435562243,0.6035131123745,0.5491574899445,2021.21174026798,2021.26609589042,1
3435,3436,NewYork,Kings,0.05474447236,0.60389499932623,0.54915052696623,2021.21173330501,2021.26647777737,1
2393,2394,Westchester,Westchester,0.01054437417,0.6052204043252,0.5946760301552,2021.2572588082,2021.26780318237,1
3114,1060,NewYork,Richmond,0.1919833985,0.605513112319,0.413529713819,2021.07611249186,2021.26809589036,1
3427,1372,NewYork,NewYork,0.03940321454,0.60551311234343,0.56610989780343,2021.22869267584,2021.26809589038,1
3748,1693,Bronx,Westchester,0.02472349934,0.60551311234525,0.58078961300525,2021.24337239105,2021.26809589039,1
3489,1435,Kings,Nassau,0.1630873723,0.60551311236316,0.44242574006316,2021.1050085181,2021.2680958904,1
2091,34,Queens,Queens,0.04123224144,0.6055131123675,0.5642808709275,2021.22686364897,2021.26809589041,1
2614,560,Richmond,Richmond,0.00295926548900005,0.605513112376507,0.602553846887507,2021.26513662493,2021.26809589042,1
2236,178,NewYork,Queens,0.1578310548,0.6055131124003,0.4476820576003,2021.11026483564,2021.26809589044,1
2559,2560,Bronx,Westchester,0.00749117922599996,0.607122701958707,0.599631522732707,2021.26221430077,2021.26970548,1
3799,3800,NewYork,NewYork,0.00960788292500003,0.607271255077564,0.597663372152564,2021.26024615019,2021.26985403312,1
2934,2935,Suffolk,Suffolk,0.01899392969,0.6083333439404,0.5893394142504,2021.25192219229,2021.27091612198,1
3166,1113,Westchester,Westchester,0.00836307466300001,0.6085131123415,0.6001500376785,2021.26273281572,2021.27109589038,1
3166,1114,Westchester,Westchester,0.00836307466300001,0.6085131123415,0.6001500376785,2021.26273281572,2021.27109589038,1
3165,1111,Westchester,Westchester,0.00559696747299998,0.6085131123415,0.6029161448685,2021.26549892291,2021.27109589038,1
3165,1112,Westchester,Westchester,0.00559696747299998,0.6085131123415,0.6029161448685,2021.26549892291,2021.27109589038,1
2462,408,Bronx,Kings,0.1695456754,0.608513112368337,0.438967436968338,2021.10155021501,2021.27109589041,1
3886,3887,Nassau,Nassau,0.02719914792,0.608536268972484,0.581337121052484,2021.24391989909,2021.27111904701,1
2482,2483,Bronx,Westchester,0.121659515,0.608692666766937,0.487033151766938,2021.14961592981,2021.27127544481,1
2394,2395,Westchester,Westchester,0.00547015663499995,0.6106905609602,0.6052204043252,2021.26780318237,2021.273273339,1
2470,2471,Bronx,Nassau,0.14224915,0.610718967942137,0.468469817942137,2021.13105259598,2021.27330174598,1
2646,591,Bronx,NewYork,0.1405237227,0.611513112316827,0.470989389616827,2021.13357216766,2021.27409589036,1
3820,1765,Queens,Queens,0.04876137922,0.611513112347964,0.562751733127964,2021.22533451117,2021.27409589039,1
2471,416,Nassau,Nassau,0.000794144421899956,0.611513112364037,0.610718967942137,2021.27330174598,2021.2740958904,1
2393,337,Westchester,Westchester,0.01683708221,0.6115131123652,0.5946760301552,2021.2572588082,2021.27409589041,1
2395,338,Westchester,Westchester,0.00082255140590004,0.6115131123661,0.6106905609602,2021.273273339,2021.27409589041,1
2395,339,Westchester,Westchester,0.00082255140590004,0.6115131123661,0.6106905609602,2021.273273339,2021.27409589041,1
2394,340,Westchester,Westchester,0.00629270804100002,0.6115131123662,0.6052204043252,2021.26780318237,2021.27409589041,1
2292,236,Kings,Kings,0.04434095928,0.611513112367,0.567172153087,2021.22975493113,2021.27409589041,1
2764,711,Bronx,Bronx,0.0612014011899999,0.61151311237,0.55031171118,2021.21289448922,2021.27409589041,1
3597,1542,Queens,Queens,0.1108790895,0.61151311237046,0.50063402287046,2021.16321680091,2021.27409589041,1
2560,505,Westchester,Westchester,0.00439041041199995,0.611513112370707,0.607122701958707,2021.26970548,2021.27409589041,1
2560,506,Westchester,Westchester,0.00439041041199995,0.611513112370707,0.607122701958707,2021.26970548,2021.27409589041,1
3296,1240,Bronx,Kings,0.1769383552,0.61151311237299,0.43457475717299,2021.09715753521,2021.27409589041,1
2483,427,Westchester,Westchester,0.00282044562499995,0.611513112391937,0.608692666766937,2021.27127544481,2021.27409589043,1
2483,428,Westchester,Westchester,0.00282044562499995,0.611513112391937,0.608692666766937,2021.27127544481,2021.27409589043,1
2238,2239,Nassau,Nassau,0.01574463621,0.6129141014503,0.5971694652403,2021.25975224328,2021.27549687949,1
2523,2524,Nassau,Bronx,0.110201814,0.613136263641108,0.502934449641108,2021.16551722768,2021.27571904168,1
2068,2069,NewYork,NewYork,0.03900843018,0.6135634801145,0.5745550499345,2021.23713782797,2021.27614625815,1
2976,919,Bronx,Queens,0.1682345671,0.6145131123069,0.4462785452069,2021.10886132325,2021.27709589035,1
3072,1016,Bronx,Nassau,0.1298838285,0.614513112322,0.484629283822,2021.14721206186,2021.27709589036,1
2964,911,Kings,Kings,0.02383291495,0.614513112325,0.590680197375,2021.25326297542,2021.27709589037,1
3125,1070,Queens,Queens,0.04831583064,0.614513112339,0.566197281699,2021.22878005974,2021.27709589038,1
2895,836,Suffolk,Suffolk,0.04347072714,0.6145131123404,0.5710423852004,2021.23362516324,2021.27709589038,1
3590,1538,Queens,Queens,0.06399437886,0.61451311234246,0.55051873348246,2021.21310151152,2021.27709589038,1
2350,291,Bronx,Suffolk,0.1017941404,0.6145131123587,0.5127189719587,2021.17530175,2021.2770958904,1
3159,1106,Nassau,Suffolk,0.2392266434,0.6145131123615,0.3752864689615,2021.037869247,2021.2770958904,1
2077,22,Nassau,NewYork,0.04489823381,0.6145131123635,0.5696148785535,2021.23219765659,2021.2770958904,1
3013,959,Queens,NewYork,0.05731078796,0.6145131123649,0.5572023244049,2021.21978510245,2021.27709589041,1
2277,219,NewYork,NewYork,0.05046428993,0.6145131123693,0.5640488224393,2021.22663160048,2021.27709589041,1
2524,468,Bronx,Kings,0.00137684872900001,0.614513112370108,0.613136263641108,2021.27571904168,2021.27709589041,1
2524,469,Bronx,Westchester,0.00137684872900001,0.614513112370108,0.613136263641108,2021.27571904168,2021.27709589041,1
2365,309,Bronx,Bronx,0.03433077357,0.6145131123717,0.5801823388017,2021.24276511684,2021.27709589041,1
3898,1842,Nassau,Nassau,0.138471419,0.614513112392784,0.476041693392784,2021.13862447143,2021.27709589043,1
2410,355,Bronx,Bronx,0.1531126483,0.6145131123932,0.4614004640932,2021.12398324213,2021.27709589043,1
3140,1087,NewYork,NewYork,0.07212219708,0.6165131123,0.54439091522,2021.20697369326,2021.27909589034,1
3097,1042,Kings,Kings,0.0965957686,0.616513112313,0.519917343713,2021.18250012175,2021.27909589035,1
3800,1745,NewYork,NewYork,0.00924185726600002,0.616513112343564,0.607271255077564,2021.26985403312,2021.27909589038,1
3800,1746,NewYork,NewYork,0.00924185726600002,0.616513112343564,0.607271255077564,2021.26985403312,2021.27909589038,1
3707,1646,Nassau,Nassau,0.0140148225,0.61651311234455,0.60249828984455,2021.26508106788,2021.27909589038,1
4013,1958,Bronx,Bronx,0.06285380714,0.61651311234495,0.55365930520495,2021.21624208325,2021.27909589039,1
3945,1890,NewYork,NewYork,0.04944683494,0.616513112348984,0.567066277408984,2021.22964905545,2021.27909589039,1
3946,1892,NewYork,Queens,0.02032247954,0.616513112348984,0.596190632808984,2021.25877341085,2021.27909589039,1
3423,1368,NewYork,NewYork,0.205154058,0.61651311235743,0.41135905435743,2021.0739418324,2021.2790958904,1
2436,381,Suffolk,Suffolk,0.097482912,0.6165131123622,0.5190302003622,2021.1816129784,2021.2790958904,1
3804,1750,NewYork,Bronx,0.2607413619,0.616513112372564,0.355771750472564,2021.01835452851,2021.27909589041,1
2388,332,NewYork,Richmond,0.1833689317,0.6165131123772,0.4331441806772,2021.09572695872,2021.27909589042,1
2736,682,Bronx,NewYork,0.1053680981,0.616513112403507,0.511145014303507,2021.17372779234,2021.27909589044,1
3821,3822,Queens,Queens,0.04525158408,0.617642587312964,0.572391003232964,2021.23497378127,2021.28022536535,1
3525,1472,NewYork,NewYork,0.07449717571,0.61951311231206,0.54501593660206,2021.20759871464,2021.28209589035,1
4093,2040,Bronx,Bronx,0.08214354017,0.61951311231895,0.53736957214895,2021.19995235019,2021.28209589036,1
2935,879,Suffolk,Suffolk,0.0111797684,0.6195131123404,0.6083333439404,2021.27091612198,2021.28209589038,1
2935,880,Suffolk,Suffolk,0.0111797684,0.6195131123404,0.6083333439404,2021.27091612198,2021.28209589038,1
3886,1830,Nassau,Nassau,0.03817599129,0.619513112342484,0.581337121052484,2021.24391989909,2021.28209589038,1
3799,1744,NewYork,NewYork,0.02184974019,0.619513112342564,0.597663372152564,2021.26024615019,2021.28209589038,1
3822,1768,Queens,Queens,0.00187052503100005,0.619513112343964,0.617642587312964,2021.28022536535,2021.28209589038,1
4013,1959,Bronx,NewYork,0.06585380714,0.61951311234495,0.55365930520495,2021.21624208325,2021.28209589039,1
2442,387,Nassau,Suffolk,0.1156406355,0.6195131123472,0.5038724768472,2021.16645525489,2021.28209589039,1
3248,1194,Nassau,Bronx,0.0330118123300001,0.61951311234706,0.58650130001706,2021.24908407806,2021.28209589039,1
2603,549,Bronx,Bronx,0.1695588138,0.619513112362813,0.449954298562813,2021.1125370766,2021.2820958904,1
2077,21,Nassau,Nassau,0.04989823381,0.6195131123635,0.5696148785535,2021.23219765659,2021.2820958904,1
2572,517,Nassau,Nassau,0.03821022063,0.619513112363813,0.581302891733813,2021.24388566977,2021.2820958904,1
2239,181,Nassau,Nassau,0.00659901091600001,0.6195131123663,0.6129141014503,2021.27549687949,2021.28209589041,1
2525,470,Suffolk,Suffolk,0.01954766396,0.619513112371108,0.599965448411108,2021.26254822645,2021.28209589041,1
3093,1043,Kings,Kings,0.2229040979,0.619513112383,0.396609014483,2021.05919179252,2021.28209589042,1
3930,3931,Bronx,Bronx,0.1022738236,0.621708632492284,0.519434808892284,2021.18201758693,2021.28429141053,1
2069,2070,NewYork,Westchester,0.008446934766,0.6220104148805,0.6135634801145,2021.27614625815,2021.28459319292,1
3112,1055,NewYork,NewYork,0.06190221183,0.622513112333,0.560610900503,2021.22319367854,2021.28509589037,1
2513,457,Queens,Nassau,0.1466152573,0.622513112337107,0.475897855037107,2021.13848063308,2021.28509589038,1
3748,1694,Bronx,Bronx,0.04172349934,0.62251311234525,0.58078961300525,2021.24337239105,2021.28509589039,1
3190,1133,NewYork,Bronx,0.03669492415,0.62251311234656,0.58581818819656,2021.24840096624,2021.28509589039,1
3946,1891,NewYork,Queens,0.02632247954,0.622513112348984,0.596190632808984,2021.25877341085,2021.28509589039,1
3578,1523,Queens,Nassau,0.08678138248,0.62251311235146,0.53573172987146,2021.19831450791,2021.28509589039,1
2517,463,Queens,Queens,0.0256626451999999,0.622513112364107,0.596850467164108,2021.2594332452,2021.2850958904,1
2243,2244,NewYork,Westchester,0.1863490001,0.6232948711173,0.4369458710173,2021.09952864906,2021.28587764916,1
2370,2371,Bronx,NewYork,0.1453683676,0.6234177843357,0.4780494167357,2021.14063219478,2021.28600056238,1
3931,3932,Bronx,Bronx,0.00238691511099998,0.624095547603284,0.621708632492284,2021.28429141053,2021.28667832564,1
3609,3610,Bronx,Bronx,0.0326810951299999,0.62452598385146,0.59184488872146,2021.25442766676,2021.28710876189,1
3711,1654,Bronx,NewYork,0.07253113902,0.62551311231455,0.55298197329455,2021.21556475134,2021.28809589035,1
3119,1064,Kings,Kings,0.1043158598,0.62551311234,0.52119725254,2021.18378003058,2021.28809589038,1
3438,1384,Queens,Queens,0.03343385953,0.62551311234223,0.59207925281223,2021.25466203085,2021.28809589038,1
3438,1385,Queens,Queens,0.03343385953,0.62551311234223,0.59207925281223,2021.25466203085,2021.28809589038,1
3887,1831,Nassau,Nassau,0.01697684337,0.625513112342484,0.608536268972484,2021.27111904701,2021.28809589038,1
3887,1832,Nassau,Nassau,0.01697684337,0.625513112342484,0.608536268972484,2021.27111904701,2021.28809589038,1
3957,1902,Queens,Queens,0.05679227459,0.625513112344984,0.568720837754984,2021.2313036158,2021.28809589039,1
3436,1381,Kings,Kings,0.0216181130200001,0.62551311234623,0.60389499932623,2021.26647777737,2021.28809589039,1
3721,1666,Kings,Nassau,0.1770812526,0.62551311235435,0.44843185975435,2021.11101463779,2021.28809589039,1
2465,411,Bronx,NewYork,0.1668734437,0.625513112372338,0.458639668672338,2021.12122244671,2021.28809589041,1
2278,218,NewYork,Queens,0.05171620369,0.6255131123723,0.5737969086823,2021.23637968672,2021.28809589041,1
2068,15,NewYork,NewYork,0.05095806244,0.6255131123745,0.5745550499345,2021.23713782797,2021.28809589041,1
2069,14,NewYork,NewYork,0.01194963226,0.6255131123745,0.6135634801145,2021.27614625815,2021.28809589041,1
2613,558,Nassau,Nassau,0.05801236811,0.625513112377507,0.567500744267507,2021.23008352231,2021.28809589042,1
3315,3316,NewYork,Queens,0.1467217822,0.62677877365694,0.48005699145694,2021.1426397695,2021.2893615517,1
3120,1065,Kings,Kings,0.1012309755,0.627513112292,0.526282136792,2021.18886491483,2021.29009589033,1
3133,1076,NewYork,NewYork,0.07452046769,0.627513112341,0.552992644651,2021.21557542269,2021.29009589038,1
2070,12,Westchester,Westchester,0.00550269749099996,0.6275131123715,0.6220104148805,2021.28459319292,2021.29009589041,1
2070,13,Westchester,Westchester,0.00550269749099996,0.6275131123715,0.6220104148805,2021.28459319292,2021.29009589041,1
2357,301,Nassau,Nassau,0.06057706239,0.6275131123757,0.5669360499857,2021.22951882803,2021.29009589042,1
2585,528,Nassau,Suffolk,0.1312759058,0.627513112392813,0.496237206592813,2021.15881998463,2021.29009589043,1
2860,2861,Nassau,Suffolk,0.2450045374,0.6303630365124,0.3853584991124,2021.04794127715,2021.29294581455,1
3019,964,Bronx,Queens,0.1828568019,0.6305131123019,0.4476563104019,2021.11023908844,2021.29309589034,1
3524,1471,NewYork,Kings,0.08562748199,0.63051311231696,0.54488563032696,2021.20746840837,2021.29309589036,1
2706,648,Queens,Queens,0.1168942736,0.630513112335507,0.513618838735507,2021.17620161678,2021.29309589038,1
3716,1659,Kings,Kings,0.08120393265,0.63051311234755,0.54930917969755,2021.21189195774,2021.29309589039,1
4101,2048,Nassau,Bronx,0.1868861057,0.630513112355,0.443627006655,2021.1062097847,2021.2930958904,1
3489,1436,Kings,Kings,0.1880873723,0.63051311236316,0.44242574006316,2021.1050085181,2021.2930958904,1
3014,957,Nassau,Kings,0.04433284782,0.6305131123649,0.5861802645449,2021.24876304259,2021.29309589041,1
2058,5,Bronx,Queens,0.4275914229,0.6305131124125,0.2029216895125,2020.86550446755,2021.29309589045,1
3634,1579,Kings,Nassau,0.2046908901,0.6335131123028,0.4288222222028,2021.09140500024,2021.29609589034,1
3465,1410,Bronx,NewYork,0.2922577665,0.63351311231046,0.34125534581046,2021.00383812385,2021.29609589035,1
3906,1850,Bronx,Kings,0.1738682202,0.633513112320984,0.459644892120984,2021.12222767016,2021.29609589036,1
3116,1058,NewYork,NewYork,0.03762442889,0.633513112339,0.595888683449,2021.25847146149,2021.29609589038,1
3121,1066,Kings,Suffolk,0.09609252801,0.633513112342,0.537420584332,2021.20000336237,2021.29609589038,1
3590,1537,Queens,NewYork,0.0829943788599999,0.63351311234246,0.55051873348246,2021.21310151152,2021.29609589038,1
2244,187,Westchester,Westchester,0.01021824123,0.6335131123473,0.6232948711173,2021.28587764916,2021.29609589039,1
3717,1660,Kings,Queens,0.08282875275,0.63351311235055,0.55068435960055,2021.21326713764,2021.29609589039,1
2746,693,NewYork,NewYork,0.06992651061,0.633513112373,0.563586601763,2021.2261693798,2021.29609589041,1
3316,1261,Queens,Queens,0.00673433872200002,0.63351311237894,0.62677877365694,2021.2893615517,2021.29609589042,1
3316,1262,Queens,Queens,0.00673433872200002,0.63351311237894,0.62677877365694,2021.2893615517,2021.29609589042,1
2956,903,Kings,Kings,0.1372284123,0.633513112415,0.496284700115,2021.15886747816,2021.29609589046,1
3070,3071,Queens,Queens,0.1206246883,0.633687722839,0.513063034539,2021.17564581258,2021.29627050088,1
3830,3831,NewYork,NewYork,0.1168759269,0.633961153623264,0.517085226723264,2021.17966800476,2021.29654393166,1
4017,4018,NewYork,Queens,0.0907050992,0.63572196573325,0.54501686653325,2021.20759964457,2021.29830474377,1
3420,3421,NewYork,NewYork,0.0666733228699999,0.63602864789643,0.56935532502643,2021.23193810307,2021.29861142594,1
3540,1485,NewYork,NewYork,0.1410107791,0.63651311231156,0.49550233321156,2021.15808511125,2021.29909589035,1
2309,252,Bronx,Kings,0.190305181,0.6365131123292,0.4462079313292,2021.10879070937,2021.29909589037,1
3993,1938,Bronx,Nassau,0.2209774683,0.63651311233605,0.41553564403605,2021.07811842208,2021.29909589038,1
3831,1774,NewYork,NewYork,0.002551958721,0.636513112344264,0.633961153623264,2021.29654393166,2021.29909589038,1
3715,1658,Kings,Kings,0.08900123507,0.63651311234455,0.54751187727455,2021.21009465532,2021.29909589038,1
3186,1127,NewYork,Queens,0.07268873412,0.63651311234456,0.56382437822456,2021.22640715626,2021.29909589038,1
3707,1647,Nassau,Queens,0.0340148225,0.63651311234455,0.60249828984455,2021.26508106788,2021.29909589038,1
2614,559,Richmond,Richmond,0.0339592654899999,0.636513112377507,0.602553846887507,2021.26513662493,2021.29909589042,1
2240,184,Nassau,Bronx,0.1191616654,0.6385131123613,0.5193514469613,2021.181934225,2021.3010958904,1
4018,4019,Queens,Queens,0.00404090132199997,0.63976286705525,0.63572196573325,2021.29830474377,2021.3023456451,1
3323,1268,Queens,Queens,0.1641700828,0.64151311229854,0.47734302949854,2021.13992580754,2021.30409589034,1
3386,1332,NewYork,Bronx,0.0401740591400001,0.64151311232476,0.60133905318476,2021.26392183123,2021.30409589037,1
3384,1328,Suffolk,Suffolk,0.1610591769,0.64151311233476,0.48045393543476,2021.14303671348,2021.30409589038,1
3421,1365,NewYork,NewYork,0.00548446444299999,0.64151311233943,0.63602864789643,2021.29861142594,2021.30409589038,1
3421,1366,NewYork,NewYork,0.00548446444299999,0.64151311233943,0.63602864789643,2021.29861142594,2021.30409589038,1
2521,465,Kings,Kings,0.06561981713,0.641513112365107,0.575893295235107,2021.23847607328,2021.30409589041,1
2238,180,Nassau,Nassau,0.0443436471300001,0.6415131123703,0.5971694652403,2021.25975224328,2021.30409589041,1
2357,302,Nassau,Nassau,0.0745770623899999,0.6415131123757,0.5669360499857,2021.22951882803,2021.30409589042,1
2204,149,NewYork,Kings,0.1655732743,0.6415131123804,0.4759398380804,2021.13852261612,2021.30409589042,1
3305,3306,Kings,Kings,0.08708230314,0.64190963117399,0.55482732803399,2021.21741010607,2021.30449240921,1
3997,3998,Queens,Queens,0.1089241289,0.64245864696805,0.53353451806805,2021.19611729611,2021.30504142501,1
3731,1676,NewYork,Queens,0.2602685736,0.64451311233525,0.38424453873525,2021.04682731678,2021.30709589038,1
3420,1367,NewYork,NewYork,0.07515778731,0.64451311233643,0.56935532502643,2021.23193810307,2021.30709589038,1
2934,878,Suffolk,Suffolk,0.0551736980899999,0.6445131123404,0.5893394142504,2021.25192219229,2021.30709589038,1
3124,1069,Kings,Kings,0.08394949001,0.644513112342,0.560563622332,2021.22314640037,2021.30709589038,1
3640,1586,Bronx,Bronx,0.0633920932199999,0.644513112342471,0.581121019122471,2021.24370379716,2021.30709589038,1
3998,1942,Queens,Queens,0.00205446537700005,0.64451311234505,0.64245864696805,2021.30504142501,2021.30709589039,1
3998,1943,Queens,Queens,0.00205446537700005,0.64451311234505,0.64245864696805,2021.30504142501,2021.30709589039,1
2527,474,Bronx,Bronx,0.3278266957,0.644513112363107,0.316686416663107,2020.9792691947,2021.3070958904,1
2239,182,Nassau,Suffolk,0.0315990109199999,0.6445131123703,0.6129141014503,2021.27549687949,2021.30709589041,1
2382,329,NewYork,Kings,0.05431505283,0.6445131124362,0.5901980596062,2021.25278083765,2021.30709589048,1
3931,1875,Bronx,Queens,0.0258044798,0.647513112292284,0.621708632492284,2021.28429141053,2021.31009589033,1
3861,1804,Bronx,Bronx,0.1605658802,0.647513112300184,0.486947232100184,2021.14953001014,2021.31009589034,1
2685,631,NewYork,Bronx,0.1349484747,0.647513112324607,0.512564637624607,2021.17514741567,2021.31009589037,1
3809,1754,Bronx,Bronx,0.09144870449,0.647513112348564,0.556064407858564,2021.2186471859,2021.31009589039,1
3649,1595,NewYork,Queens,0.1277702581,0.64751311236916,0.51974285426916,2021.18232563231,2021.31009589041,1
2382,328,NewYork,Richmond,0.05731505282,0.6475131124262,0.5901980596062,2021.25278083765,2021.31009589047,1
3822,1767,Queens,Queens,0.03187052503,0.649513112342964,0.617642587312964,2021.28022536535,2021.31209589038,1
3071,1012,Queens,Queens,0.01582538952,0.649513112359,0.633687722839,2021.29627050088,2021.3120958904,1
2558,503,Bronx,Queens,0.07701641402,0.649513112372707,0.572496698352707,2021.23507947639,2021.31209589041,1
2559,504,Bronx,Bronx,0.04988158964,0.649513112372707,0.599631522732707,2021.26221430077,2021.31209589041,1
3424,1369,NewYork,Queens,0.2272541155,0.65251311231743,0.42525899681743,2021.08784177486,2021.31509589036,1
3386,1333,NewYork,NewYork,0.05117405914,0.65251311232476,0.60133905318476,2021.26392183123,2021.31509589037,1
2895,837,Suffolk,Suffolk,0.08147072714,0.6525131123404,0.5710423852004,2021.23362516324,2021.31509589038,1
3610,1553,Bronx,Bronx,0.02798712849,0.65251311234146,0.62452598385146,2021.28710876189,2021.31509589038,1
3525,1473,NewYork,Kings,0.1104971757,0.65551311230206,0.54501593660206,2021.20759871464,2021.31809589034,1
3785,1730,NewYork,Suffolk,0.2076499826,0.65551311230955,0.44786312970955,2021.11044590775,2021.31809589035,1
3943,1888,NewYork,Kings,0.1215848308,0.655513112318984,0.533928281518984,2021.19651105956,2021.31809589036,1
2861,800,Suffolk,Suffolk,0.02515007583,0.6555131123424,0.6303630365124,2021.29294581455,2021.31809589038,1
2062,7,NewYork,Queens,0.2135060821,0.6555131123645,0.4420070302645,2021.10458980831,2021.3180958904,1
2525,471,Suffolk,Suffolk,0.05554766396,0.655513112371108,0.599965448411108,2021.26254822645,2021.31809589041,1
3223,3225,Bronx,NewYork,0.2048236471,0.65601915119956,0.45119550409956,2021.11377828214,2021.31860192924,1
3897,1841,Bronx,Kings,0.2054937925,0.658513112302784,0.453019319802784,2021.11560209784,2021.32109589034,1
3955,1899,Queens,Queens,0.1043767755,0.658513112303984,0.554136336803984,2021.21671911484,2021.32109589034,1
4018,1966,Queens,Queens,0.02279114661,0.65851311234325,0.63572196573325,2021.29830474377,2021.32109589038,1
4019,1965,Queens,Queens,0.01875024529,0.65851311234525,0.63976286705525,2021.3023456451,2021.32109589039,1
3810,1757,Bronx,Queens,0.08406382463,0.658513112348564,0.574449287718564,2021.23703206576,2021.32109589039,1
2987,929,Queens,Queens,0.06321653563,0.6605131123421,0.5972965767121,2021.25987935475,2021.32309589038,1
3878,1823,Queens,NewYork,0.1604256281,0.660513112349984,0.500087484249984,2021.16267026229,2021.32309589039,1
3756,1703,Bronx,Kings,0.3613366509,0.66051311238325,0.29917646148325,2020.96175923952,2021.32309589042,1
3944,1889,NewYork,Kings,0.1364605973,0.663513112308984,0.527052515008984,2021.18963529305,2021.32609589035,1
2174,114,Bronx,Richmond,0.2478942816,0.6635131123313,0.4156188307313,2021.07820160877,2021.32609589037,1
3831,1775,NewYork,NewYork,0.02955195872,0.663513112343264,0.633961153623264,2021.29654393166,2021.32609589038,1
4019,1964,Queens,Queens,0.02375024529,0.66351311234525,0.63976286705525,2021.3023456451,2021.32609589039,1
3189,1131,NewYork,Kings,0.09222653632,0.66351311234656,0.57128657602656,2021.23386935407,2021.32609589039,1
3071,1011,Queens,Queens,0.02982538952,0.663513112359,0.633687722839,2021.29627050088,2021.3260958904,1
2517,462,Queens,Richmond,0.0666626452,0.663513112364107,0.596850467164108,2021.2594332452,2021.3260958904,1
2347,288,Bronx,NewYork,0.1809746937,0.6635131123827,0.4825384186827,2021.14512119672,2021.32609589042,1
3932,1876,Bronx,Bronx,0.04241756469,0.666513112293284,0.624095547603284,2021.28667832564,2021.32909589033,1
2861,801,Suffolk,Suffolk,0.03615007583,0.6665131123424,0.6303630365124,2021.29294581455,2021.32909589038,1
2371,316,NewYork,NewYork,0.04309532804,0.6665131123757,0.6234177843357,2021.28600056238,2021.32909589042,1
3932,1877,Bronx,Bronx,0.04541756469,0.669513112293284,0.624095547603284,2021.28667832564,2021.33209589033,1
3906,1851,Bronx,Queens,0.2118682202,0.671513112320984,0.459644892120984,2021.12222767016,2021.33409589036,1
2717,660,Queens,Suffolk,0.0871006090200001,0.671513112371507,0.584412503351507,2021.24699528139,2021.33409589041,1
3096,1040,Kings,Kings,0.1537623292,0.674513112325,0.520750783125,2021.18333356117,2021.33709589037,1
2244,188,Westchester,Westchester,0.05121824123,0.6745131123473,0.6232948711173,2021.28587764916,2021.33709589039,1
3225,1171,NewYork,NewYork,0.01849396117,0.67451311236956,0.65601915119956,2021.31860192924,2021.33709589041,1
3810,3811,Bronx,Queens,0.101440327,0.675889614718564,0.574449287718564,2021.23703206576,2021.33847239276,1
3186,1128,NewYork,Queens,0.1136887341,0.67751311232456,0.56382437822456,2021.22640715626,2021.34009589037,1
3610,1552,Bronx,NewYork,0.05298712849,0.67751311234146,0.62452598385146,2021.28710876189,2021.34009589038,1
3188,1129,NewYork,NewYork,0.0828093751,0.67751311234356,0.59470373724356,2021.25728651528,2021.34009589038,1
3811,1755,Queens,Queens,0.00162349762500003,0.677513112343564,0.675889614718564,2021.33847239276,2021.34009589038,1
3811,1756,Queens,Queens,0.00162349762500003,0.677513112343564,0.675889614718564,2021.33847239276,2021.34009589038,1
3190,1132,NewYork,NewYork,0.09169492415,0.67751311234656,0.58581818819656,2021.24840096624,2021.34009589039,1
2247,192,Kings,Nassau,0.1862530669,0.6825131123373,0.4962600454373,2021.15884282348,2021.34509589038,1
2371,315,NewYork,Queens,0.05909532804,0.6825131123757,0.6234177843357,2021.28600056238,2021.34509589042,1
3367,1315,Bronx,Queens,0.2400252544,0.68251311237956,0.44248785797956,2021.10507063602,2021.34509589042,1
3436,1382,Kings,Kings,0.08161811302,0.68551311234623,0.60389499932623,2021.26647777737,2021.34809589039,1
2352,296,Bronx,Bronx,0.232861678,0.6855131123977,0.4526514343977,2021.11523421244,2021.34809589044,1
3741,1692,NewYork,Queens,0.3744223696,0.68851311235725,0.31409074275725,2020.9766735208,2021.3510958904,1
3188,1130,NewYork,NewYork,0.0958093751,0.69051311234356,0.59470373724356,2021.25728651528,2021.35309589038,1
3294,3295,Bronx,Kings,0.2696799167,0.69630988000099,0.42662996330099,2021.08921274134,2021.35889265804,1
3235,1180,Bronx,Kings,0.2578375482,0.70451311234956,0.44667556414956,2021.10925834219,2021.36709589039,1
2987,930,Queens,Kings,0.1102165356,0.7075131123121,0.5972965767121,2021.25987935475,2021.37009589035,1
3585,1531,NewYork,Nassau,0.1388331991,0.71051311232246,0.57167991322246,2021.23426269126,2021.37309589036,1
2471,417,Nassau,Nassau,0.09979414442,0.710513112362137,0.610718967942137,2021.27330174598,2021.3730958904,1
3295,1238,Kings,Kings,0.01620323234,0.71251311234099,0.69630988000099,2021.35889265804,2021.37509589038,1
3295,1239,Kings,Kings,0.01620323234,0.71251311234099,0.69630988000099,2021.35889265804,2021.37509589038,1
2602,548,Kings,Kings,0.2041941264,0.712513112362913,0.508318985962913,2021.170901764,2021.3750958904,1
3225,3226,NewYork,NewYork,0.06345083276,0.71946998395956,0.65601915119956,2021.31860192924,2021.382052762,1
3306,1251,Kings,Kings,0.08160348117,0.72351311234399,0.64190963117399,2021.30449240921,2021.38609589038,1
3437,1383,Queens,Bronx,0.1386472056,0.72351311236623,0.58486590676623,2021.24744868481,2021.38609589041,1
3162,1109,NewYork,Nassau,0.1727494198,0.7325131123845,0.5597636925845,2021.22234647062,2021.39509589042,1
2365,308,Bronx,Kings,0.1523307736,0.7325131124017,0.5801823388017,2021.24276511684,2021.39509589044,1
3548,1493,NewYork,Kings,0.3340219112,0.74851311232686,0.41449120112686,2021.07707397917,2021.41109589037,1
3664,1609,NewYork,Richmond,0.3476807709,0.75151311238386,0.40383234148386,2021.06641511952,2021.41409589042,1
3226,1169,NewYork,NewYork,0.05104312841,0.77051311236956,0.71946998395956,2021.382052762,2021.43309589041,1
3306,1252,Kings,Kings,0.1286034812,0.77051311237399,0.64190963117399,2021.30449240921,2021.43309589041,1
3226,1170,NewYork,Bronx,0.05904312841,0.77851311236956,0.71946998395956,2021.382052762,2021.44109589041,1
4,1,Nassau,Nassau,0.008573956611,0.008573956611,0,2021.24661782421,2021.25519178083,106
4,5,Nassau,Nassau,0.02560623883,0.02560623883,0,2021.24661782421,2021.27222406304,106
5,2,Nassau,Nassau,0.001967717776,0.027573956606,0.02560623883,2021.27222406304,2021.27419178082,106
5,3,Nassau,Nassau,0.009967717776,0.035573956606,0.02560623883,2021.27222406304,2021.28219178082,106
6,1,NewYork,NewYork,0.01507782273,0.01507782273,0,2021.20367560193,2021.21875342466,11
6,7,NewYork,Queens,0.005125441613,0.005125441613,0,2021.20367560193,2021.20880104354,11
7,8,Queens,Queens,0.001450447657,0.00657588927,0.005125441613,2021.20880104354,2021.2102514912,11
7,2,Queens,Queens,0.009952381115,0.015077822728,0.005125441613,2021.20880104354,2021.21875342466,11
8,9,Queens,Queens,0.0155341592,0.02211004847,0.00657588927,2021.2102514912,2021.2257856504,11
8,3,Queens,Queens,0.01650193346,0.02307782273,0.00657588927,2021.2102514912,2021.22675342466,11
9,4,Queens,Nassau,0.02896777426,0.05107782273,0.02211004847,2021.2257856504,2021.25475342466,11
9,5,Queens,Queens,0.03996777426,0.06207782273,0.02211004847,2021.2257856504,2021.26575342466,11
4,5,NewYork,NewYork,0.01229357453,0.01229357453,0,2021.20921942961,2021.22151300414,110
5,1,NewYork,NewYork,0.000363708195,0.012657282725,0.01229357453,2021.22151300414,2021.22187671233,110
5,2,NewYork,NewYork,0.005363708195,0.017657282725,0.01229357453,2021.22151300414,2021.22687671233,110
4,3,NewYork,NewYork,0.02365728272,0.02365728272,0,2021.20921942961,2021.23287671233,110
24,1,NewYork,Bronx,0.2183181056,0.2183181056,0,2021.01961340125,2021.23793150685,139
24,25,NewYork,NewYork,0.00766562882100003,0.00766562882100003,0,2021.01961340125,2021.02727903007,139
25,33,NewYork,NewYork,0.00118301841899998,0.00884864724000001,0.00766562882100003,2021.02727903007,2021.02846204849,139
33,39,NewYork,NewYork,0.00389834347099999,0.012746990711,0.00884864724000001,2021.02846204849,2021.03236039196,139
39,16,NewYork,NewYork,0.000571114859399979,0.0133181055704,0.012746990711,2021.03236039196,2021.03293150682,139
39,40,NewYork,NewYork,0.01262587382,0.025372864531,0.012746990711,2021.03236039196,2021.04498626578,139
40,41,NewYork,NewYork,0.00553504723100001,0.030907911762,0.025372864531,2021.04498626578,2021.05052131301,139
41,42,NewYork,NewYork,0.00302378457999999,0.033931696342,0.030907911762,2021.05052131301,2021.05354509759,139
42,19,NewYork,NewYork,0.00638640922799999,0.04031810557,0.033931696342,2021.05354509759,2021.05993150682,139
42,43,NewYork,NewYork,0.01613516802,0.050066864362,0.033931696342,2021.05354509759,2021.06968026561,139
25,26,NewYork,Queens,0.06294089126,0.070606520081,0.00766562882100003,2021.02727903007,2021.09021992133,139
26,27,Queens,Queens,0.001889284647,0.072495804728,0.070606520081,2021.09021992133,2021.09210920598,139
43,20,NewYork,Bronx,0.02325124121,0.073318105572,0.050066864362,2021.06968026561,2021.09293150682,139
33,34,NewYork,Bronx,0.07783870918,0.08668735642,0.00884864724000001,2021.02846204849,2021.10630075767,139
34,36,Bronx,Bronx,0.006316690204,0.093004046624,0.08668735642,2021.10630075767,2021.11261744788,139
27,4,Queens,Queens,0.02882230084,0.101318105568,0.072495804728,2021.09210920598,2021.12093150682,139
27,28,Queens,Queens,0.03537359117,0.107869395898,0.072495804728,2021.09210920598,2021.12748279715,139
34,35,Bronx,Bronx,0.02379785905,0.11048521547,0.08668735642,2021.10630075767,2021.13009861672,139
35,11,Bronx,Bronx,0.00383289009999999,0.11431810557,0.11048521547,2021.13009861672,2021.13393150682,139
35,10,Bronx,Bronx,0.00683289009999999,0.11731810557,0.11048521547,2021.13009861672,2021.13693150682,139
43,44,NewYork,NewYork,0.06953644112,0.119603305482,0.050066864362,2021.06968026561,2021.13921670673,139
26,29,Queens,Queens,0.05296995943,0.123576479511,0.070606520081,2021.09021992133,2021.14318988076,139
36,12,Bronx,Bronx,0.03231405895,0.125318105574,0.093004046624,2021.11261744788,2021.14493150683,139
29,5,Queens,Queens,0.004741626059,0.12831810557,0.123576479511,2021.14318988076,2021.14793150682,139
28,2,Queens,NewYork,0.02544870967,0.133318105568,0.107869395898,2021.12748279715,2021.15293150682,139
44,21,NewYork,Richmond,0.01671480009,0.136318105572,0.119603305482,2021.13921670673,2021.15593150682,139
29,30,Queens,Queens,0.01292716734,0.136503646851,0.123576479511,2021.14318988076,2021.1561170481,139
41,18,NewYork,Queens,0.1304101938,0.161318105562,0.030907911762,2021.05052131301,2021.18093150681,139
30,31,Queens,Queens,0.02613468245,0.162638329301,0.136503646851,2021.1561170481,2021.18225173055,139
40,17,NewYork,Kings,0.140945241,0.166318105531,0.025372864531,2021.04498626578,2021.18593150678,139
36,37,Bronx,Nassau,0.0783975013,0.171401547924,0.093004046624,2021.11261744788,2021.19101494918,139
31,7,Queens,Queens,0.00967977626899999,0.17231810557,0.162638329301,2021.18225173055,2021.19193150682,139
30,6,Queens,Nassau,0.03581445872,0.172318105571,0.136503646851,2021.1561170481,2021.19193150682,139
31,32,Queens,Queens,0.01740679491,0.180045124211,0.162638329301,2021.18225173055,2021.19965852546,139
37,13,Nassau,Nassau,0.008916557647,0.180318105571,0.171401547924,2021.19101494918,2021.19993150682,139
44,45,NewYork,NewYork,0.06530048078,0.184903786262,0.119603305482,2021.13921670673,2021.20451718751,139
32,8,Queens,Queens,0.008272981357,0.188318105568,0.180045124211,2021.19965852546,2021.20793150682,139
32,9,Queens,Queens,0.008272981357,0.188318105568,0.180045124211,2021.19965852546,2021.20793150682,139
45,23,NewYork,NewYork,0.02241431931,0.207318105572,0.184903786262,2021.20451718751,2021.22693150682,139
45,22,NewYork,Nassau,0.02541431931,0.210318105572,0.184903786262,2021.20451718751,2021.22993150682,139
37,38,Nassau,Suffolk,0.06377795476,0.235179502684,0.171401547924,2021.19101494918,2021.25479290394,139
38,14,Suffolk,Suffolk,0.00513860288599999,0.24031810557,0.235179502684,2021.25479290394,2021.25993150682,139
38,15,Suffolk,Suffolk,0.02213860289,0.257318105574,0.235179502684,2021.25479290394,2021.27693150683,139
28,3,Queens,Nassau,0.1574487097,0.265318105598,0.107869395898,2021.12748279715,2021.28493150685,139
6,7,Bronx,Bronx,0.000431011011000001,0.000431011011000001,0,2021.08253817084,2021.08296918185,141
7,8,Bronx,Bronx,0.01124571706,0.011676728071,0.000431011011000001,2021.08296918185,2021.09421489891,141
6,5,Bronx,Bronx,0.01354402094,0.01354402094,0,2021.08253817084,2021.09608219178,141
7,1,Bronx,Bronx,0.02111300993,0.021544020941,0.000431011011000001,2021.08296918185,2021.10408219178,141
8,9,Bronx,Bronx,0.02990116449,0.041577892561,0.011676728071,2021.09421489891,2021.1241160634,141
9,3,Bronx,Bronx,0.004966128382,0.046544020943,0.041577892561,2021.1241160634,2021.12908219178,141
9,4,Bronx,Bronx,0.004966128382,0.046544020943,0.041577892561,2021.1241160634,2021.12908219178,141
8,2,Bronx,Queens,0.08386729287,0.095544020941,0.011676728071,2021.09421489891,2021.17808219178,141
7,1,NewYork,NewYork,0.00754601136700001,0.00754601136700001,0,2021.05889234477,2021.06643835614,147
7,8,NewYork,NewYork,0.00845405105200001,0.00845405105200001,0,2021.05889234477,2021.06734639583,147
8,2,NewYork,NewYork,0.00709196031500001,0.015546011367,0.00845405105200001,2021.06734639583,2021.07443835614,147
8,9,NewYork,NewYork,0.00888127336899999,0.017335324421,0.00845405105200001,2021.06734639583,2021.07622766919,147
9,3,NewYork,Westchester,0.01721068695,0.034546011371,0.017335324421,2021.07622766919,2021.09343835614,147
9,10,NewYork,NewYork,0.02237548279,0.039710807211,0.017335324421,2021.07622766919,2021.09860315198,147
10,11,NewYork,NewYork,0.003099866876,0.042810674087,0.039710807211,2021.09860315198,2021.10170301886,147
10,4,NewYork,Queens,0.008835204153,0.048546011364,0.039710807211,2021.09860315198,2021.10743835614,147
11,5,NewYork,Nassau,0.008735337277,0.051546011364,0.042810674087,2021.10170301886,2021.11043835614,147
11,6,NewYork,Richmond,0.1147353373,0.157546011387,0.042810674087,2021.10170301886,2021.21643835616,147
6,7,Nassau,Suffolk,0.1073250601,0.1073250601,0,2021.00255210766,2021.10987716776,161
6,8,Nassau,Nassau,0.001451821948,0.001451821948,0,2021.00255210766,2021.00400392961,161
8,9,Nassau,Nassau,0.07572256947,0.077174391418,0.001451821948,2021.00400392961,2021.07972649908,161
9,3,Nassau,Westchester,0.009917336539,0.087091727957,0.077174391418,2021.07972649908,2021.08964383562,161
9,4,Nassau,Nassau,0.02391733654,0.101091727958,0.077174391418,2021.07972649908,2021.10364383562,161
7,1,Suffolk,Suffolk,0.004766667857,0.112091727957,0.1073250601,2021.10987716776,2021.11464383562,161
8,5,Nassau,Bronx,0.113639906,0.115091727948,0.001451821948,2021.00400392961,2021.11764383561,161
7,2,Suffolk,Suffolk,0.05176666786,0.15909172796,0.1073250601,2021.10987716776,2021.16164383562,161
4,1,Bronx,NewYork,0.05947239789,0.05947239789,0,2021.20371938293,2021.26319178082,17
4,5,Bronx,Queens,0.07844333016,0.07844333016,0,2021.20371938293,2021.28216271309,17
5,2,Queens,Queens,2.90677307600018e-05,0.07847239789076,0.07844333016,2021.28216271309,2021.28219178082,17
5,3,Queens,Queens,2.90677307600018e-05,0.07847239789076,0.07844333016,2021.28216271309,2021.28219178082,17
26,27,Bronx,Bronx,0.01127064031,0.01127064031,0,2021.09864242,2021.10991306031,188
26,29,Bronx,Bronx,0.000220332188600014,0.000220332188600014,0,2021.09864242,2021.09886275219,188
29,31,Bronx,Bronx,0.00101246222000001,0.00123279440860002,0.000220332188600014,2021.09886275219,2021.09987521441,188
31,35,Bronx,Bronx,0.000580875731399977,0.00181367014,0.00123279440860002,2021.09987521441,2021.10045609014,188
35,36,Bronx,Bronx,0.000822280150399979,0.00263595029039998,0.00181367014,2021.10045609014,2021.10127837029,188
36,37,Bronx,Bronx,0.000386325207400007,0.00302227549779999,0.00263595029039998,2021.10127837029,2021.1016646955,188
37,42,Bronx,Bronx,0.000376745996000016,0.0033990214938,0.00302227549779999,2021.1016646955,2021.1020414415,188
42,44,Bronx,Bronx,0.00319903787800002,0.00659805937180002,0.0033990214938,2021.1020414415,2021.10524047937,188
44,19,Bronx,NewYork,0.00210198642599996,0.00870004579779998,0.00659805937180002,2021.10524047937,2021.1073424658,188
44,45,Bronx,Bronx,0.00366016215599996,0.0102582215278,0.00659805937180002,2021.10524047937,2021.10890064153,188
45,46,Bronx,Bronx,0.000535285677100039,0.0107935072049,0.0102582215278,2021.10890064153,2021.10943592721,188
45,20,Bronx,Bronx,0.00144182427,0.0117000457978,0.0102582215278,2021.10890064153,2021.1103424658,188
46,47,Bronx,Bronx,0.00479670304599999,0.0155902102509,0.0107935072049,2021.10943592721,2021.11423263025,188
47,48,Bronx,Bronx,0.00271851824499997,0.0183087284959,0.0155902102509,2021.11423263025,2021.1169511485,188
48,49,Bronx,Bronx,0.00384229616699999,0.0221510246629,0.0183087284959,2021.1169511485,2021.12079344467,188
46,21,Bronx,Queens,0.01390653859,0.0247000457949,0.0107935072049,2021.10943592721,2021.1233424658,188
27,1,Bronx,Kings,0.03042940549,0.0417000458,0.01127064031,2021.10991306031,2021.1403424658,188
47,22,Bronx,Kings,0.02610983555,0.0417000458009,0.0155902102509,2021.11423263025,2021.1403424658,188
49,24,Bronx,Westchester,0.03254902113,0.0547000457929,0.0221510246629,2021.12079344467,2021.1533424658,188
49,25,Bronx,Nassau,0.03554902113,0.0577000457929,0.0221510246629,2021.12079344467,2021.1563424658,188
31,32,Bronx,Bronx,0.06492236612,0.0661551605286,0.00123279440860002,2021.09987521441,2021.16479758053,188
32,33,Bronx,Bronx,0.01137305624,0.0775282167686,0.0661551605286,2021.16479758053,2021.17617063677,188
29,30,Bronx,Nassau,0.08005935365,0.0802796858386,0.000220332188600014,2021.09886275219,2021.17892210584,188
37,38,Bronx,NewYork,0.07873142655,0.0817537020478,0.00302227549779999,2021.1016646955,2021.18039612205,188
27,28,Bronx,Nassau,0.07189366423,0.08316430454,0.01127064031,2021.10991306031,2021.18180672454,188
33,7,Bronx,Bronx,0.00817182902999999,0.0857000457986,0.0775282167686,2021.17617063677,2021.1843424658,188
28,3,Nassau,Nassau,0.00753574125699999,0.090700045797,0.08316430454,2021.18180672454,2021.1893424658,188
30,5,Nassau,Nassau,0.02642035996,0.1067000457986,0.0802796858386,2021.17892210584,2021.2053424658,188
42,43,Bronx,Bronx,0.1162487208,0.1196477422938,0.0033990214938,2021.1020414415,2021.2182901623,188
36,11,Bronx,NewYork,0.1180640955,0.1207000457904,0.00263595029039998,2021.10127837029,2021.21934246579,188
30,4,Nassau,Suffolk,0.04042035996,0.1207000457986,0.0802796858386,2021.17892210584,2021.2193424658,188
33,34,Bronx,Nassau,0.04476428917,0.1222925059386,0.0775282167686,2021.17617063677,2021.22093492594,188
28,2,Nassau,Nassau,0.04553574126,0.1287000458,0.08316430454,2021.18180672454,2021.2273424658,188
43,17,Bronx,Bronx,0.0150523035,0.1347000457938,0.1196477422938,2021.2182901623,2021.2333424658,188
43,18,Bronx,Queens,0.0150523035,0.1347000457938,0.1196477422938,2021.2182901623,2021.2333424658,188
34,8,Nassau,Nassau,0.01540753986,0.1377000457986,0.1222925059386,2021.22093492594,2021.2363424658,188
32,6,Bronx,NewYork,0.08254488527,0.1487000457986,0.0661551605286,2021.16479758053,2021.2473424658,188
38,39,NewYork,Suffolk,0.0718683787,0.1536220807478,0.0817537020478,2021.18039612205,2021.25226450075,188
38,40,NewYork,NewYork,0.07586301524,0.1576167172878,0.0817537020478,2021.18039612205,2021.25625913729,188
40,41,NewYork,NewYork,0.0004777788733,0.1580944961611,0.1576167172878,2021.25625913729,2021.25673691616,188
41,15,NewYork,NewYork,0.00160554963599999,0.1597000457971,0.1580944961611,2021.25673691616,2021.2583424658,188
41,16,NewYork,Nassau,0.00360554963599999,0.1617000457971,0.1580944961611,2021.25673691616,2021.2603424658,188
35,10,Bronx,Nassau,0.1598863757,0.16170004584,0.00181367014,2021.10045609014,2021.26034246584,188
39,12,Suffolk,Suffolk,0.01407796505,0.1677000457978,0.1536220807478,2021.25226450075,2021.2663424658,188
48,23,Bronx,Nassau,0.1603913173,0.1787000457959,0.0183087284959,2021.1169511485,2021.2773424658,188
40,14,NewYork,Kings,0.08108332851,0.2387000457978,0.1576167172878,2021.25625913729,2021.3373424658,188
34,9,Nassau,Suffolk,0.1414075399,0.2637000458386,0.1222925059386,2021.22093492594,2021.36234246584,188
39,13,Suffolk,Suffolk,0.123077965,0.2767000457478,0.1536220807478,2021.25226450075,2021.37534246575,188
6,1,NewYork,Suffolk,0.03039117264,0.03039117264,0,2021.1964444438,2021.22683561644,190
6,7,NewYork,NewYork,0.01191829099,0.01191829099,0,2021.1964444438,2021.20836273479,190
7,8,NewYork,NewYork,0.001991263302,0.013909554292,0.01191829099,2021.20836273479,2021.21035399809,190
7,9,NewYork,NewYork,0.007169373879,0.019087664869,0.01191829099,2021.20836273479,2021.21553210867,190
8,2,NewYork,NewYork,0.01948161834,0.033391172632,0.013909554292,2021.21035399809,2021.22983561643,190
8,3,NewYork,NewYork,0.02548161834,0.039391172632,0.013909554292,2021.21035399809,2021.23583561643,190
9,4,NewYork,Nassau,0.02230350777,0.041391172639,0.019087664869,2021.21553210867,2021.23783561644,190
9,5,NewYork,Queens,0.02830350777,0.047391172639,0.019087664869,2021.21553210867,2021.24383561644,190
6,1,Richmond,Richmond,0.06424157194,0.06424157194,0,2021.24260774313,2021.30684931507,219
6,7,Richmond,Richmond,0.03339655653,0.03339655653,0,2021.24260774313,2021.27600429966,219
7,8,Richmond,Richmond,0.02264254583,0.05603910236,0.03339655653,2021.27600429966,2021.29864684549,219
8,9,Richmond,Richmond,0.001215905145,0.057255007505,0.05603910236,2021.29864684549,2021.29986275063,219
7,5,Richmond,Richmond,0.03084501541,0.06424157194,0.03339655653,2021.27600429966,2021.30684931507,219
8,4,Richmond,Richmond,0.00820246958,0.06424157194,0.05603910236,2021.29864684549,2021.30684931507,219
9,2,Richmond,Richmond,0.006986564435,0.06424157194,0.057255007505,2021.29986275063,2021.30684931507,219
9,3,Richmond,Richmond,0.006986564435,0.06424157194,0.057255007505,2021.29986275063,2021.30684931507,219
7,1,Westchester,Queens,0.04563164472,0.04563164472,0,2021.11290260185,2021.15853424657,220
7,8,Westchester,Westchester,0.01829909152,0.01829909152,0,2021.11290260185,2021.13120169337,220
8,9,Westchester,Westchester,0.01921925411,0.03751834563,0.01829909152,2021.13120169337,2021.15042094748,220
9,10,Westchester,Westchester,0.000635354618899991,0.0381537002489,0.03751834563,2021.15042094748,2021.1510563021,220
10,11,Westchester,Westchester,0.02863830967,0.0667920099189,0.0381537002489,2021.1510563021,2021.17969461177,220
10,4,Westchester,Westchester,0.03247794447,0.0706316447189,0.0381537002489,2021.1510563021,2021.18353424657,220
11,5,Westchester,Westchester,0.0148396348,0.0816316447189,0.0667920099189,2021.17969461177,2021.19453424657,220
11,6,Westchester,Westchester,0.0148396348,0.0816316447189,0.0667920099189,2021.17969461177,2021.19453424657,220
8,2,Westchester,Westchester,0.1203325532,0.13863164472,0.01829909152,2021.13120169337,2021.25153424657,220
9,3,Westchester,NewYork,0.1071132991,0.14463164473,0.03751834563,2021.15042094748,2021.25753424658,220
7,8,Bronx,Bronx,0.009364811099,0.009364811099,0,2021.11674534641,2021.12611015751,233
8,9,Bronx,Bronx,0.00248806094699999,0.011852872046,0.009364811099,2021.12611015751,2021.12859821846,233
8,5,Bronx,Bronx,0.02956107538,0.038925886479,0.009364811099,2021.12611015751,2021.15567123289,233
7,6,Bronx,Bronx,0.03892588648,0.03892588648,0,2021.11674534641,2021.15567123289,233
9,11,Bronx,Nassau,0.02845684782,0.040309719866,0.011852872046,2021.12859821846,2021.15705506628,233
11,3,Nassau,Suffolk,0.03161616661,0.071925886476,0.040309719866,2021.15705506628,2021.18867123289,233
9,10,Bronx,Nassau,0.06944229082,0.081295162866,0.011852872046,2021.12859821846,2021.19804050928,233
10,1,Nassau,Nassau,0.02363072361,0.104925886476,0.081295162866,2021.19804050928,2021.22167123289,233
10,2,Nassau,Westchester,0.04863072361,0.129925886476,0.081295162866,2021.19804050928,2021.24667123289,233
11,4,Nassau,Nassau,0.1306161666,0.170925886466,0.040309719866,2021.15705506628,2021.28767123288,233
6,1,Bronx,Bronx,0.00152451414400001,0.00152451414400001,0,2021.13576315709,2021.13728767123,240
6,7,Bronx,Bronx,0.03107429932,0.03107429932,0,2021.13576315709,2021.16683745641,240
7,9,Bronx,Bronx,0.00178968881,0.03286398813,0.03107429932,2021.16683745641,2021.16862714522,240
9,4,Bronx,Bronx,0.001660526015,0.034524514145,0.03286398813,2021.16862714522,2021.17028767123,240
9,5,Bronx,Westchester,0.006660526014,0.039524514144,0.03286398813,2021.16862714522,2021.17528767123,240
7,8,Bronx,Queens,0.08528975804,0.11636405736,0.03107429932,2021.16683745641,2021.25212721445,240
8,3,Queens,Nassau,0.06616045678,0.18252451414,0.11636405736,2021.25212721445,2021.31828767123,240
8,2,Queens,Queens,0.07116045678,0.18752451414,0.11636405736,2021.25212721445,2021.32328767123,240
5,1,NewYork,NewYork,0.008134516518,0.008134516518,0,2021.21100246978,2021.2191369863,247
5,6,NewYork,NewYork,0.006604698413,0.006604698413,0,2021.21100246978,2021.21760716819,247
6,7,NewYork,NewYork,0.0110232727,0.017627971113,0.006604698413,2021.21760716819,2021.22863044089,247
7,3,NewYork,NewYork,0.001506545405,0.019134516518,0.017627971113,2021.22863044089,2021.2301369863,247
7,4,NewYork,NewYork,0.001506545405,0.019134516518,0.017627971113,2021.22863044089,2021.2301369863,247
6,2,NewYork,NewYork,0.01252981811,0.019134516523,0.006604698413,2021.21760716819,2021.2301369863,247
4,1,NewYork,NewYork,0.009248925156,0.009248925156,0,2021.21528532142,2021.22453424658,254
4,5,NewYork,NewYork,0.01482036184,0.01482036184,0,2021.21528532142,2021.23010568326,254
5,2,NewYork,NewYork,0.005428563316,0.020248925156,0.01482036184,2021.23010568326,2021.23553424658,254
5,3,NewYork,NewYork,0.02742856332,0.04224892516,0.01482036184,2021.23010568326,2021.25753424658,254
7,1,NewYork,Kings,0.06660909402,0.06660909402,0,2021.16984296077,2021.23645205479,258
7,8,NewYork,NewYork,0.00500750021599999,0.00500750021599999,0,2021.16984296077,2021.17485046099,258
8,9,NewYork,NewYork,0.00651853049000001,0.011526030706,0.00500750021599999,2021.17485046099,2021.18136899148,258
9,10,NewYork,NewYork,0.00112958230099999,0.012655613007,0.011526030706,2021.18136899148,2021.18249857378,258
10,11,NewYork,NewYork,0.00274853011200001,0.015404143119,0.012655613007,2021.18249857378,2021.18524710389,258
10,4,NewYork,Queens,0.003953481013,0.01660909402,0.012655613007,2021.18249857378,2021.18645205479,258
11,5,NewYork,Kings,0.0102049509,0.025609094019,0.015404143119,2021.18524710389,2021.19545205479,258
11,6,NewYork,NewYork,0.0342049509,0.049609094019,0.015404143119,2021.18524710389,2021.21945205479,258
8,2,NewYork,NewYork,0.0856015938,0.090609094016,0.00500750021599999,2021.17485046099,2021.26045205479,258
9,3,NewYork,Queens,0.09808306331,0.109609094016,0.011526030706,2021.18136899148,2021.27945205479,258
5,1,NewYork,NewYork,0.001818821798,0.001818821798,0,2021.21671542479,2021.21853424658,269
5,6,NewYork,Queens,0.000182178083099997,0.000182178083099997,0,2021.21671542479,2021.21689760287,269
6,2,Queens,Queens,0.009636643715,0.0098188217981,0.000182178083099997,2021.21689760287,2021.22653424659,269
6,7,Queens,Queens,0.02842214775,0.0286043258331,0.000182178083099997,2021.21689760287,2021.24531975062,269
7,3,Queens,Queens,0.003214495962,0.0318188217951,0.0286043258331,2021.24531975062,2021.24853424658,269
7,4,Queens,Queens,0.01221449596,0.0408188217931,0.0286043258331,2021.24531975062,2021.25753424658,269
5,6,Queens,Queens,0.05800020378,0.05800020378,0,2021.15282085994,2021.21082106372,276
5,7,Queens,Queens,0.00934621279700001,0.00934621279700001,0,2021.15282085994,2021.16216707274,276
7,3,Queens,Queens,0.004339776612,0.013685989409,0.00934621279700001,2021.16216707274,2021.16650684935,276
7,4,Queens,Queens,0.04233977661,0.051685989407,0.00934621279700001,2021.16216707274,2021.20450684935,276
6,2,Queens,Richmond,0.07368578563,0.13168598941,0.05800020378,2021.21082106372,2021.28450684935,276
6,1,Queens,Queens,0.1206857856,0.17868598938,0.05800020378,2021.21082106372,2021.33150684932,276
5,1,NewYork,Queens,0.05091178917,0.05091178917,0,2021.10800601905,2021.15891780822,277
5,6,NewYork,NewYork,0.07392946189,0.07392946189,0,2021.10800601905,2021.18193548094,277
6,2,NewYork,NewYork,0.02598232728,0.09991178917,0.07392946189,2021.18193548094,2021.20791780822,277
6,7,NewYork,NewYork,0.02938001051,0.1033094724,0.07392946189,2021.18193548094,2021.21131549145,277
7,4,NewYork,NewYork,0.00460231676800001,0.107911789168,0.1033094724,2021.21131549145,2021.21591780822,277
7,3,NewYork,NewYork,0.01060231677,0.11391178917,0.1033094724,2021.21131549145,2021.22191780822,277
5,1,Bronx,Bronx,0.006878252732,0.006878252732,0,2021.17669708974,2021.18357534247,283
5,6,Bronx,Bronx,0.00219624888,0.00219624888,0,2021.17669708974,2021.17889333862,283
6,2,Bronx,NewYork,0.004682003852,0.006878252732,0.00219624888,2021.17889333862,2021.18357534247,283
6,7,Bronx,Bronx,0.04747704648,0.04967329536,0.00219624888,2021.17889333862,2021.2263703851,283
7,3,Bronx,Bronx,0.01120495737,0.06087825273,0.04967329536,2021.2263703851,2021.23757534247,283
7,4,Bronx,Nassau,0.02020495737,0.06987825273,0.04967329536,2021.2263703851,2021.24657534247,283
4,1,NewYork,NewYork,0.05701292787,0.05701292787,0,2021.35916515432,2021.41617808219,33
4,5,NewYork,NewYork,0.04158403848,0.04158403848,0,2021.35916515432,2021.4007491928,33
5,3,NewYork,NewYork,0.01542888939,0.05701292787,0.04158403848,2021.4007491928,2021.41617808219,33
5,2,NewYork,NewYork,0.01842888939,0.06001292787,0.04158403848,2021.4007491928,2021.41917808219,33
4,1,Bronx,NewYork,0.01862492744,0.01862492744,0,2021.12964904516,2021.1482739726,34
4,5,Bronx,Nassau,0.101808575,0.101808575,0,2021.12964904516,2021.23145762016,34
5,2,Nassau,Suffolk,0.02881635244,0.13062492744,0.101808575,2021.23145762016,2021.2602739726,34
5,3,Nassau,Nassau,0.02881635244,0.13062492744,0.101808575,2021.23145762016,2021.2602739726,34
7,8,Kings,Kings,0.003404620926,0.003404620926,0,2021.27493842919,2021.27834305011,4
7,9,Kings,Kings,0.002529661465,0.002529661465,0,2021.27493842919,2021.27746809065,4
8,1,Kings,Suffolk,0.000739141673800001,0.0041437625998,0.003404620926,2021.27834305011,2021.27908219178,4
9,6,Kings,Kings,0.03261410113,0.035143762595,0.002529661465,2021.27746809065,2021.31008219178,4
9,10,Kings,Kings,0.03383518969,0.036364851155,0.002529661465,2021.27746809065,2021.31130328034,4
10,11,Kings,Kings,0.0001673437523,0.0365321949073,0.036364851155,2021.31130328034,2021.31147062409,4
11,5,Kings,Kings,0.003611567693,0.0401437626003,0.0365321949073,2021.31147062409,2021.31508219179,4
8,2,Kings,Kings,0.07473914167,0.078143762596,0.003404620926,2021.27834305011,2021.35308219178,4
11,4,Kings,Kings,0.04161156769,0.0781437625973,0.0365321949073,2021.31147062409,2021.35308219178,4
10,3,Kings,Kings,0.06677891144,0.103143762595,0.036364851155,2021.31130328034,2021.37808219178,4
7,8,Queens,Queens,0.07356118616,0.07356118616,0,2021.14893962102,2021.22250080718,67
7,9,Queens,Queens,0.00981326394500001,0.00981326394500001,0,2021.14893962102,2021.15875288496,67
9,10,Queens,Queens,0.00392691758699998,0.013740181532,0.00981326394500001,2021.15875288496,2021.16267980255,67
8,1,Queens,Queens,0.007389603781,0.080950789941,0.07356118616,2021.22250080718,2021.22989041096,67
8,2,Queens,Queens,0.01338960378,0.08695078994,0.07356118616,2021.22250080718,2021.23589041096,67
10,11,Queens,Queens,0.08432599139,0.098066172922,0.013740181532,2021.16267980255,2021.24700579394,67
11,6,Queens,Queens,0.001884617019,0.099950789941,0.098066172922,2021.24700579394,2021.24889041096,67
10,4,Queens,Queens,0.08621060841,0.099950789942,0.013740181532,2021.16267980255,2021.24889041096,67
9,3,Queens,Queens,0.090137526,0.099950789945,0.00981326394500001,2021.15875288496,2021.24889041096,67
11,5,Queens,Kings,0.04888461702,0.146950789942,0.098066172922,2021.24700579394,2021.29589041096,67
7,1,NewYork,NewYork,0.004032418629,0.004032418629,0,2021.24507717041,2021.24910958904,77
7,8,NewYork,NewYork,0.002024308621,0.002024308621,0,2021.24507717041,2021.24710147904,77
8,9,NewYork,NewYork,0.000181625318300002,0.0022059339393,0.002024308621,2021.24710147904,2021.24728310435,77
9,10,NewYork,NewYork,0.002325995031,0.0045319289703,0.0022059339393,2021.24728310435,2021.24960909938,77
10,11,NewYork,NewYork,0.002438053355,0.0069699823253,0.0045319289703,2021.24960909938,2021.25204715274,77
8,2,NewYork,NewYork,0.01100811001,0.013032418631,0.002024308621,2021.24710147904,2021.25810958905,77
9,3,NewYork,NewYork,0.02082648469,0.0230324186293,0.0022059339393,2021.24728310435,2021.26810958904,77
10,4,NewYork,NewYork,0.02450048966,0.0290324186303,0.0045319289703,2021.24960909938,2021.27410958905,77
11,6,NewYork,NewYork,0.0250624363,0.0320324186253,0.0069699823253,2021.25204715274,2021.27710958904,77
11,5,NewYork,Suffolk,0.0520624363,0.0590324186253,0.0069699823253,2021.25204715274,2021.30410958904,77
4,1,Kings,Kings,0.06487178403,0.06487178403,0,2021.2125117776,2021.27738356163,8
4,5,Kings,Kings,0.000507948236000005,0.000507948236000005,0,2021.2125117776,2021.21301972584,8
5,2,Kings,Kings,0.05036383579,0.050871784026,0.000507948236000005,2021.21301972584,2021.26338356163,8
5,3,Kings,Kings,0.1513638358,0.151871784036,0.000507948236000005,2021.21301972584,2021.36438356164,8
4,1,Kings,Queens,0.02662278836,0.02662278836,0,2021.18956899246,2021.21619178082,84
4,5,Kings,Kings,0.02317142976,0.02317142976,0,2021.18956899246,2021.21274042222,84
5,2,Kings,Kings,0.0284513586,0.05162278836,0.02317142976,2021.21274042222,2021.24119178082,84
5,3,Kings,Bronx,0.0694513586,0.09262278836,0.02317142976,2021.21274042222,2021.28219178082,84
