node1,node2,length,startLat,startLon,endLat,endLon,endNodeL,startNodeL,startYear,endYear,treeID
5,4,0.2294883962,40.8355143131892,-73.9420211697076,40.7751456385342,-73.909569079943,0.2294883962,0,2021.02827872715,2021.25776712335,63500000
5,6,0.00914975683500002,40.8355143131892,-73.9420211697076,40.7766818272202,-73.8991522684888,0.00914975683500002,0,2021.02827872715,2021.03742848399,63500000
6,3,0.2913386393,40.7766818272202,-73.8991522684888,40.7273851738032,-73.9815939307421,0.300488396135,0.00914975683500002,2021.03742848399,2021.32876712329,63500000
6,7,0.1214575324,40.7766818272202,-73.8991522684888,40.724209837,-73.9391616173379,0.130607289235,0.00914975683500002,2021.03742848399,2021.15888601639,63500000
7,1,0.06288110692,40.724209837,-73.9391616173379,40.7469700004917,-73.9688923765326,0.193488396155,0.130607289235,2021.15888601639,2021.22176712331,63500000
7,2,0.04888110692,40.724209837,-73.9391616173379,40.6601037159566,-73.9498445349936,0.179488396155,0.130607289235,2021.15888601639,2021.20776712331,63500000
13,12,0.183037119,40.8177148935867,-73.6812718816065,40.7441097126128,-73.5301007237094,0.183037119,0,2021.13477110018,2021.31780821918,63500000
13,14,0.05326620292,40.8177148935867,-73.6812718816065,40.828813613774,-73.7010290597297,0.05326620292,0,2021.13477110018,2021.1880373031,63500000
14,8,0.05577091608,40.828813613774,-73.7010290597297,40.7452189678086,-73.6280552560261,0.109037119,0.05326620292,2021.1880373031,2021.24380821918,63500000
14,15,0.03369966469,40.828813613774,-73.7010290597297,40.6505096461618,-73.718000225976,0.08696586761,0.05326620292,2021.1880373031,2021.22173696779,63500000
15,9,0.04407125139,40.6505096461618,-73.718000225976,40.6750186621831,-73.7213243800643,0.131037119,0.08696586761,2021.22173696779,2021.26580821918,63500000
15,16,0.03104399179,40.6505096461618,-73.718000225976,40.6363097956477,-73.6708261258804,0.1180098594,0.08696586761,2021.22173696779,2021.25278095958,63500000
16,10,0.0100272596,40.6363097956477,-73.6708261258804,40.6642535195598,-73.6707821852697,0.128037119,0.1180098594,2021.25278095958,2021.26280821918,63500000
16,11,0.0350272596,40.6363097956477,-73.6708261258804,40.6557385261293,-73.6370339920194,0.153037119,0.1180098594,2021.25278095958,2021.28780821918,63500000
37,17,0.1570030355,40.7483289459653,-73.6058466315643,40.6938789955334,-73.504439157878,0.1570030355,0,2020.99564080013,2021.15264383563,63500000
37,38,0.00426312091300002,40.7483289459653,-73.6058466315643,40.6469984432806,-73.8875113559051,0.00426312091300002,0,2020.99564080013,2020.99990392104,63500000
38,39,0.037771893,40.6469984432806,-73.8875113559051,40.6333089480338,-73.9229936819155,0.042035013913,0.00426312091300002,2020.99990392104,2021.03767581404,63500000
38,43,0.000399172876799969,40.6469984432806,-73.8875113559051,40.6506408097719,-73.8906953701723,0.00466229378979999,0.00426312091300002,2020.99990392104,2021.00030309392,63500000
39,40,0.04899361888,40.6333089480338,-73.9229936819155,40.6656452175244,-74.0208293460358,0.091028632793,0.042035013913,2021.03767581404,2021.08666943292,63500000
39,41,0.1897557121,40.6333089480338,-73.9229936819155,40.6391808701863,-74.035558723097,0.231790726013,0.042035013913,2021.03767581404,2021.22743152614,63500000
40,18,0.08797440273,40.6656452175244,-74.0208293460358,40.6299515098162,-74.0327135203908,0.179003035523,0.091028632793,2021.08666943292,2021.17464383565,63500000
40,19,0.09897440273,40.6656452175244,-74.0208293460358,40.6132625347228,-73.9788997506425,0.190003035523,0.091028632793,2021.08666943292,2021.18564383565,63500000
41,22,0.09521230948,40.6391808701863,-74.035558723097,40.6121657374967,-74.0337965074464,0.327003035493,0.231790726013,2021.22743152614,2021.32264383562,63500000
41,42,0.05525043439,40.6391808701863,-74.035558723097,40.6496041675007,-74.0322117058413,0.287041160403,0.231790726013,2021.22743152614,2021.28268196053,63500000
42,21,0.07896187509,40.6496041675007,-74.0322117058413,40.5843803256745,-73.9523282739617,0.366003035493,0.287041160403,2021.28268196053,2021.36164383562,63500000
42,20,0.04296187509,40.6496041675007,-74.0322117058413,40.5836266624057,-73.961463071198,0.330003035493,0.287041160403,2021.28268196053,2021.32564383562,63500000
43,23,0.2893407417,40.6506408097719,-73.8906953701723,40.7395945061112,-73.9894813376664,0.2940030354898,0.00466229378979999,2021.00030309392,2021.28964383562,63500000
43,44,0.06140485999,40.6506408097719,-73.8906953701723,40.7881924262541,-73.5677058145791,0.0660671537798,0.00466229378979999,2021.00030309392,2021.06170795391,63500000
44,45,0.01792043953,40.7881924262541,-73.5677058145791,40.785459119292,-73.6306822385805,0.0839875933098,0.0660671537798,2021.06170795391,2021.07962839344,63500000
44,46,0.000957914716399999,40.7881924262541,-73.5677058145791,40.7817928733787,-73.5785166352385,0.0670250684962,0.0660671537798,2021.06170795391,2021.06266586862,63500000
45,25,0.005015442215,40.785459119292,-73.6306822385805,40.7636130962472,-73.6286342698309,0.0890030355248,0.0839875933098,2021.07962839344,2021.08464383565,63500000
45,24,0.008015442215,40.785459119292,-73.6306822385805,40.8292216221411,-73.4188824936985,0.0920030355248,0.0839875933098,2021.07962839344,2021.08764383565,63500000
46,26,0.02497796703,40.7817928733787,-73.5785166352385,40.812115749846,-73.392698262166,0.0920030355262,0.0670250684962,2021.06266586862,2021.08764383565,63500000
46,47,0.02133142501,40.7817928733787,-73.5785166352385,40.7777555327196,-73.6868262394438,0.0883564935062,0.0670250684962,2021.06266586862,2021.08399729363,63500000
47,48,0.02554832812,40.7777555327196,-73.6868262394438,40.7373234126987,-73.9451237540449,0.1139048216262,0.0883564935062,2021.08399729363,2021.10954562175,63500000
47,49,0.0527450024,40.7777555327196,-73.6868262394438,40.6409576649291,-73.8857964448218,0.1411014959062,0.0883564935062,2021.08399729363,2021.13674229603,63500000
48,27,0.0160982139,40.7373234126987,-73.9451237540449,40.7443764815915,-73.9217313549728,0.1300030355262,0.1139048216262,2021.10954562175,2021.12564383565,63500000
48,28,0.0320982139,40.7373234126987,-73.9451237540449,40.7427892333807,-73.9767287704213,0.1460030355262,0.1139048216262,2021.10954562175,2021.14164383565,63500000
49,52,0.01620657444,40.6409576649291,-73.8857964448218,40.6914638925713,-73.9683919460349,0.1573080703462,0.1411014959062,2021.13674229603,2021.15294887047,63500000
49,50,0.00401799451000001,40.6409576649291,-73.8857964448218,40.61585344644,-73.878595778586,0.1451194904162,0.1411014959062,2021.13674229603,2021.14076029054,63500000
50,51,0.00227098746000001,40.61585344644,-73.878595778586,40.6030823603305,-73.8800953099838,0.1473904778762,0.1451194904162,2021.14076029054,2021.143031278,63500000
50,31,0.06688354511,40.61585344644,-73.878595778586,40.7315293972439,-73.5592440946281,0.2120030355262,0.1451194904162,2021.14076029054,2021.20764383565,63500000
51,30,0.1526125576,40.6030823603305,-73.8800953099838,40.7059084991725,-73.6757278091908,0.3000030354762,0.1473904778762,2021.143031278,2021.2956438356,63500000
51,29,0.02661255765,40.6030823603305,-73.8800953099838,40.6354282157853,-74.0321810596452,0.1740030355262,0.1473904778762,2021.143031278,2021.16964383565,63500000
52,32,0.01069496518,40.6914638925713,-73.9683919460349,40.7462099176075,-73.9836866255425,0.1680030355262,0.1573080703462,2021.15294887047,2021.16364383565,63500000
52,53,0.02984037051,40.6914638925713,-73.9683919460349,40.6985874087372,-73.9679620462194,0.1871484408562,0.1573080703462,2021.15294887047,2021.18278924098,63500000
53,54,0.00208489665200001,40.6985874087372,-73.9679620462194,40.7006749923082,-73.9749090455249,0.1892333375082,0.1871484408562,2021.18278924098,2021.18487413764,63500000
53,33,0.05785459467,40.6985874087372,-73.9679620462194,40.6532143921527,-73.9786121344184,0.2450030355262,0.1871484408562,2021.18278924098,2021.24064383565,63500000
54,34,0.05576969801,40.7006749923082,-73.9749090455249,40.6192928120462,-74.0967577377126,0.2450030355182,0.1892333375082,2021.18487413764,2021.24064383565,63500000
54,55,0.077348346,40.7006749923082,-73.9749090455249,40.6280060201305,-73.7756293355613,0.2665816835082,0.1892333375082,2021.18487413764,2021.26222248364,63500000
55,36,0.04142135201,40.6280060201305,-73.7756293355613,40.6888901713216,-73.6708655955896,0.3080030355182,0.2665816835082,2021.26222248364,2021.30364383565,63500000
55,35,0.01642135201,40.6280060201305,-73.7756293355613,40.9029079469317,-73.4076158686534,0.2830030355182,0.2665816835082,2021.26222248364,2021.27864383565,63500000
74,75,0.05328990656,40.6404119284959,-73.9667460491112,40.7918486772208,-73.5745850598717,0.05328990656,0,2021.05612920548,2021.10941911204,63500000
74,77,0.00267678707000002,40.6404119284959,-73.9667460491112,40.6481478055284,-73.9450254541113,0.00267678707000002,0,2021.05612920548,2021.05880599255,63500000
75,56,0.07127951811,40.7918486772208,-73.5745850598717,40.7234903385039,-73.553886424968,0.12456942467,0.05328990656,2021.10941911204,2021.18069863015,63500000
75,76,0.01849858038,40.7918486772208,-73.5745850598717,40.8127225907723,-73.5810775872035,0.07178848694,0.05328990656,2021.10941911204,2021.12791769242,63500000
76,57,0.06378093773,40.8127225907723,-73.5810775872035,40.755821594693,-73.6050803388428,0.13556942467,0.07178848694,2021.12791769242,2021.19169863015,63500000
76,58,0.07978093773,40.8127225907723,-73.5810775872035,40.9167008862,-73.5264663068259,0.15156942467,0.07178848694,2021.12791769242,2021.20769863015,63500000
77,78,0.02338603542,40.6481478055284,-73.9450254541113,40.666021044922,-73.9233451480809,0.02606282249,0.00267678707000002,2021.05880599255,2021.08219202797,63500000
77,59,0.1518926376,40.6481478055284,-73.9450254541113,40.6970915970738,-73.6814191156713,0.15456942467,0.00267678707000002,2021.05880599255,2021.21069863015,63500000
78,60,0.07350660217,40.666021044922,-73.9233451480809,40.706224378847,-73.9315607287052,0.09956942466,0.02606282249,2021.08219202797,2021.15569863015,63500000
78,79,0.00137803904099998,40.666021044922,-73.9233451480809,40.7474914521413,-73.8779227239963,0.027440861531,0.02606282249,2021.08219202797,2021.08357006702,63500000
79,80,0.000991182624099973,40.7474914521413,-73.8779227239963,40.7480706397637,-73.8821221592192,0.0284320441551,0.027440861531,2021.08357006702,2021.08456124964,63500000
79,83,0.00245181695800001,40.7474914521413,-73.8779227239963,40.7417353319426,-73.8625028936096,0.029892678489,0.027440861531,2021.08357006702,2021.08602188397,63500000
80,81,0.0133675389,40.7480706397637,-73.8821221592192,40.7408293372129,-73.8835999212663,0.0417995830551,0.0284320441551,2021.08456124964,2021.09792878854,63500000
80,61,0.3291373805,40.7480706397637,-73.8821221592192,40.830481655853,-73.9445376257781,0.3575694246551,0.0284320441551,2021.08456124964,2021.41369863014,63500000
81,64,0.1867698416,40.7408293372129,-73.8835999212663,40.7605850672096,-73.9503248961596,0.2285694246551,0.0417995830551,2021.09792878854,2021.28469863014,63500000
81,82,0.09427274711,40.7408293372129,-73.8835999212663,40.7168156365599,-73.8692625130916,0.1360723301651,0.0417995830551,2021.09792878854,2021.19220153565,63500000
82,62,0.0974970945,40.7168156365599,-73.8692625130916,40.7032776765178,-73.6828942805805,0.2335694246651,0.1360723301651,2021.19220153565,2021.28969863015,63500000
82,63,0.0454970945,40.7168156365599,-73.8692625130916,40.7011598407777,-73.8934737783837,0.1815694246651,0.1360723301651,2021.19220153565,2021.23769863015,63500000
83,84,0.09854525138,40.7417353319426,-73.8625028936096,40.8064436529163,-73.539175274551,0.128437929869,0.029892678489,2021.08602188397,2021.18456713535,63500000
83,87,0.000187298917299961,40.7417353319426,-73.8625028936096,40.743447334718,-73.8570448939471,0.0300799774063,0.029892678489,2021.08602188397,2021.08620918289,63500000
84,85,0.01826421454,40.8064436529163,-73.539175274551,40.7242546449486,-73.5161510009523,0.146702144409,0.128437929869,2021.18456713535,2021.20283134989,63500000
84,65,0.0201314948,40.8064436529163,-73.539175274551,40.8233977857124,-73.3026913244963,0.148569424669,0.128437929869,2021.18456713535,2021.20469863015,63500000
85,66,0.01586728026,40.7242546449486,-73.5161510009523,40.7511315441531,-73.6332369195041,0.162569424669,0.146702144409,2021.20283134989,2021.21869863015,63500000
85,86,0.01619473163,40.7242546449486,-73.5161510009523,40.7661819806924,-73.4461382880233,0.162896876039,0.146702144409,2021.20283134989,2021.21902608152,63500000
86,67,0.01067254862,40.7661819806924,-73.4461382880233,40.7698766526708,-73.508389420723,0.173569424659,0.162896876039,2021.21902608152,2021.22969863014,63500000
86,68,0.06867254862,40.7661819806924,-73.4461382880233,40.7776077724533,-73.3366381299409,0.231569424659,0.162896876039,2021.21902608152,2021.28769863014,63500000
87,88,0.1049401185,40.743447334718,-73.8570448939471,40.7687187467544,-73.8340770449191,0.1350200959063,0.0300799774063,2021.08620918289,2021.19114930139,63500000
87,89,0.09172580985,40.743447334718,-73.8570448939471,40.6890005865661,-73.7108467727578,0.1218057872563,0.0300799774063,2021.08620918289,2021.17793499274,63500000
88,70,0.1565493288,40.7687187467544,-73.8340770449191,40.7481599380725,-73.430803552938,0.2915694247063,0.1350200959063,2021.19114930139,2021.34769863019,63500000
88,69,0.1235493288,40.7687187467544,-73.8340770449191,40.7336077121708,-73.9785461748459,0.2585694247063,0.1350200959063,2021.19114930139,2021.31469863019,63500000
89,71,0.0327636374,40.6890005865661,-73.7108467727578,40.717986876141,-73.667633260088,0.1545694246563,0.1218057872563,2021.17793499274,2021.21069863014,63500000
89,90,0.02672743443,40.6890005865661,-73.7108467727578,40.6809720244978,-74.038232254833,0.1485332216863,0.1218057872563,2021.17793499274,2021.20466242717,63500000
90,72,0.02503620297,40.6809720244978,-74.038232254833,40.6512722556076,-74.0187741731554,0.1735694246563,0.1485332216863,2021.20466242717,2021.22969863014,63500000
90,73,0.03303620297,40.6809720244978,-74.038232254833,40.7508384526617,-73.8600643563205,0.1815694246563,0.1485332216863,2021.20466242717,2021.23769863014,63500000
94,91,0.06859365037,40.627755036093,-73.9331479291691,40.6986233665047,-73.9353095061898,0.06859365037,0,2021.18077621264,2021.24936986301,63500000
94,95,0.02078701935,40.627755036093,-73.9331479291691,40.664152905917,-73.9764814221564,0.02078701935,0,2021.18077621264,2021.20156323199,63500000
95,92,0.09980663102,40.664152905917,-73.9764814221564,40.6038615589366,-74.0001463443311,0.12059365037,0.02078701935,2021.20156323199,2021.30136986301,63500000
95,93,0.08880663102,40.664152905917,-73.9764814221564,40.6332782189866,-73.8928476354936,0.10959365037,0.02078701935,2021.20156323199,2021.29036986301,63500000
100,96,0.02801653328,40.5780813004594,-73.8726835748009,40.7173262590637,-73.8679431103439,0.02801653328,0,2021.27601086398,2021.30402739726,63500000
100,101,0.0157549952,40.5780813004594,-73.8726835748009,40.7432741973741,-73.901196827663,0.0157549952,0,2021.27601086398,2021.29176585918,63500000
101,97,0.03426153808,40.7432741973741,-73.901196827663,40.7270070957744,-73.8716197703008,0.05001653328,0.0157549952,2021.29176585918,2021.32602739726,63500000
101,102,0.007912426482,40.7432741973741,-73.901196827663,40.710925129197,-73.8336547187282,0.023667421682,0.0157549952,2021.29176585918,2021.29967828566,63500000
102,98,0.0233491116,40.710925129197,-73.8336547187282,40.7604000349642,-73.8748033775632,0.047016533282,0.023667421682,2021.29967828566,2021.32302739726,63500000
102,99,0.0233491116,40.710925129197,-73.8336547187282,40.7627439885391,-73.8815470998785,0.047016533282,0.023667421682,2021.29967828566,2021.32302739726,63500000
107,103,0.1367915257,40.5023924405038,-73.0768413311998,40.7846328778491,-73.9744112215434,0.1367915257,0,2021.37775641954,2021.51454794524,63500000
107,108,0.1247860464,40.5023924405038,-73.0768413311998,40.6888294107745,-73.5595577059518,0.1247860464,0,2021.37775641954,2021.50254246594,63500000
108,104,0.009005479266,40.6888294107745,-73.5595577059518,40.689865072002,-73.5604258439918,0.133791525666,0.1247860464,2021.50254246594,2021.51154794521,63500000
108,109,0.008118096911,40.6888294107745,-73.5595577059518,40.8289030713046,-73.4556153582981,0.132904143311,0.1247860464,2021.50254246594,2021.51066056286,63500000
109,105,0.009887382355,40.8289030713046,-73.4556153582981,40.8088860380987,-73.3597494082177,0.142791525666,0.132904143311,2021.51066056286,2021.52054794521,63500000
109,106,0.006887382355,40.8289030713046,-73.4556153582981,40.8731727714059,-73.460390315823,0.139791525666,0.132904143311,2021.51066056286,2021.51754794521,63500000
113,110,0.1110462993,40.8901806060963,-73.7819812467173,40.7242202735209,-73.7401349016596,0.1110462993,0,2021.13826876919,2021.24931506849,63500000
113,114,0.0297949132,40.8901806060963,-73.7819812467173,40.5674113980657,-73.7649409685527,0.0297949132,0,2021.13826876919,2021.16806368239,63500000
114,111,0.01325138611,40.5674113980657,-73.7649409685527,40.6982645493683,-73.9852876616109,0.04304629931,0.0297949132,2021.16806368239,2021.1813150685,63500000
114,112,0.04325138611,40.5674113980657,-73.7649409685527,40.6503659232645,-73.9148356020491,0.07304629931,0.0297949132,2021.16806368239,2021.2113150685,63500000
118,117,0.00465765155800001,40.5954297890317,-73.976242500026,40.6448826458522,-73.9981189668099,0.00465765155800001,0,2021.13782180049,2021.14247945205,63500000
118,119,0.000488264291800003,40.5954297890317,-73.976242500026,40.5710993826525,-73.9626305376367,0.000488264291800003,0,2021.13782180049,2021.13831006478,63500000
119,115,0.004169387267,40.5710993826525,-73.9626305376367,40.5970456686593,-73.9563272217811,0.00465765155880001,0.000488264291800003,2021.13831006478,2021.14247945205,63500000
119,116,0.06716938727,40.5710993826525,-73.9626305376367,40.6198701065847,-74.0172034552158,0.0676576515618,0.000488264291800003,2021.13831006478,2021.20547945205,63500000
126,127,0.02817011325,40.9495605015301,-74.0358957248362,40.9662767659267,-73.8004740128849,0.02817011325,0,2021.11686372968,2021.14503384293,63500000
126,129,0.03092592637,40.9495605015301,-74.0358957248362,40.9320254361256,-74.0732303457162,0.03092592637,0,2021.11686372968,2021.14778965605,63500000
127,120,0.1292127324,40.9662767659267,-73.8004740128849,40.7357332769835,-73.5427648029016,0.15738284565,0.02817011325,2021.14503384293,2021.27424657533,63500000
127,128,0.008182637972,40.9662767659267,-73.8004740128849,40.9712937308994,-73.7183138622179,0.036352751222,0.02817011325,2021.14503384293,2021.1532164809,63500000
128,121,0.03103009444,40.9712937308994,-73.7183138622179,41.0150284288673,-73.7709372122185,0.067382845662,0.036352751222,2021.1532164809,2021.18424657534,63500000
128,122,0.03903009444,40.9712937308994,-73.7183138622179,40.8141478021303,-73.5542896034815,0.075382845662,0.036352751222,2021.1532164809,2021.19224657534,63500000
129,130,0.1463199313,40.9320254361256,-74.0732303457162,40.7137588927345,-74.0121548064264,0.17724585767,0.03092592637,2021.14778965605,2021.29410958735,63500000
129,123,0.08245691929,40.9320254361256,-74.0732303457162,40.5778908073624,-74.0805671049115,0.11338284566,0.03092592637,2021.14778965605,2021.23024657534,63500000
130,124,0.04013698799,40.7137588927345,-74.0121548064264,40.6478807688126,-73.9817108381136,0.21738284566,0.17724585767,2021.29410958735,2021.33424657534,63500000
130,125,0.04013698799,40.7137588927345,-74.0121548064264,40.6582183591757,-73.9799775323943,0.21738284566,0.17724585767,2021.29410958735,2021.33424657534,63500000
139,140,0.07479397558,40.7507983037368,-73.8312595915684,40.6649840243287,-73.830087534184,0.07479397558,0,2021.06297840056,2021.13777237614,63500000
139,144,0.02355454109,40.7507983037368,-73.8312595915684,40.7564455169371,-73.864625985234,0.02355454109,0,2021.06297840056,2021.08653294165,63500000
140,131,0.1253646102,40.6649840243287,-73.830087534184,40.7283463650389,-73.6234468987184,0.20015858578,0.07479397558,2021.13777237614,2021.26313698634,63500000
140,141,0.06419411039,40.6649840243287,-73.830087534184,40.7334007673585,-73.8646652713822,0.13898808597,0.07479397558,2021.13777237614,2021.20196648653,63500000
141,142,0.08702423863,40.7334007673585,-73.8646652713822,40.6789465984208,-73.9394732130319,0.2260123246,0.13898808597,2021.20196648653,2021.28899072516,63500000
141,132,0.01717049982,40.7334007673585,-73.8646652713822,40.7216419383957,-73.6670821081484,0.15615858579,0.13898808597,2021.20196648653,2021.21913698635,63500000
142,143,0.06970263912,40.6789465984208,-73.9394732130319,40.7371695813706,-73.959958880956,0.29571496372,0.2260123246,2021.28899072516,2021.35869336428,63500000
142,133,0.02914626119,40.6789465984208,-73.9394732130319,40.7007827805337,-73.93366038877,0.25515858579,0.2260123246,2021.28899072516,2021.31813698635,63500000
143,135,0.00344362206600002,40.7371695813706,-73.959958880956,40.7372073490813,-73.9496479648056,0.299158585786,0.29571496372,2021.35869336428,2021.36213698635,63500000
143,134,0.00544362206600002,40.7371695813706,-73.959958880956,40.725218600009,-73.9498036042997,0.301158585786,0.29571496372,2021.35869336428,2021.36413698635,63500000
144,136,0.1736040447,40.7564455169371,-73.864625985234,40.7201717580721,-73.8612417567353,0.19715858579,0.02355454109,2021.08653294165,2021.26013698635,63500000
144,145,0.01856514955,40.7564455169371,-73.864625985234,40.7733217360469,-73.8791449388668,0.04211969064,0.02355454109,2021.08653294165,2021.1050980912,63500000
145,137,0.3250388951,40.7733217360469,-73.8791449388668,40.8233267464446,-73.8570919224103,0.36715858574,0.04211969064,2021.1050980912,2021.4301369863,63500000
145,138,0.05103889515,40.7733217360469,-73.8791449388668,40.6097982903884,-74.1302937010298,0.09315858579,0.04211969064,2021.1050980912,2021.15613698635,63500000
149,146,0.1049099351,40.6872280597373,-74.012350827322,40.7334717878244,-73.9949438109835,0.1049099351,0,2021.08413116079,2021.18904109589,63500000
149,150,0.003791979701,40.6872280597373,-74.012350827322,40.7331140085524,-73.9618639559996,0.003791979701,0,2021.08413116079,2021.08792314049,63500000
150,147,0.002117955423,40.7331140085524,-73.9618639559996,40.7414531517073,-73.9737084805129,0.005909935124,0.003791979701,2021.08792314049,2021.09004109591,63500000
150,148,0.002117955423,40.7331140085524,-73.9618639559996,40.7311072260567,-73.998643755307,0.005909935124,0.003791979701,2021.08792314049,2021.09004109591,63500000
155,156,0.09374381746,40.8935063097682,-73.3252598748202,40.6063890787446,-73.9767194753299,0.09374381746,0,2021.21110583745,2021.30484965491,63500000
155,157,0.1408148342,40.8935063097682,-73.3252598748202,40.7052075619682,-73.3003506710777,0.1408148342,0,2021.21110583745,2021.35192067165,63500000
156,151,0.01267089309,40.6063890787446,-73.9767194753299,40.6000765423691,-73.9544278107667,0.10641471055,0.09374381746,2021.30484965491,2021.317520548,63500000
156,152,0.01767089309,40.6063890787446,-73.9767194753299,40.5977534188352,-73.9747175973379,0.11141471055,0.09374381746,2021.30484965491,2021.322520548,63500000
157,153,0.0205998763,40.7052075619682,-73.3003506710777,40.8217494692835,-73.4126556891471,0.1614147105,0.1408148342,2021.35192067165,2021.37252054795,63500000
157,154,0.0425998763,40.7052075619682,-73.3003506710777,40.8312270779715,-73.3509744425498,0.1834147105,0.1408148342,2021.35192067165,2021.39452054795,63500000
162,158,0.1132312141,40.7108928256794,-74.2789047125214,40.6453098126862,-74.024864993367,0.1132312141,0,2021.03522084064,2021.14845205474,63500000
162,163,0.03945289339,40.7108928256794,-74.2789047125214,40.6123726496339,-74.0790390814729,0.03945289339,0,2021.03522084064,2021.07467373403,63500000
163,161,0.07877832074,40.6123726496339,-74.0790390814729,40.6404886450236,-74.0260170242586,0.11823121413,0.03945289339,2021.07467373403,2021.15345205477,63500000
163,164,0.02042851586,40.6123726496339,-74.0790390814729,40.6398865814884,-74.0650356949819,0.05988140925,0.03945289339,2021.07467373403,2021.09510224989,63500000
164,159,0.02634980488,40.6398865814884,-74.0650356949819,40.7386072910805,-73.9771841796507,0.08623121413,0.05988140925,2021.09510224989,2021.12145205477,63500000
164,160,0.1843498049,40.6398865814884,-74.0650356949819,40.7054046887789,-73.8240899447567,0.24423121415,0.05988140925,2021.09510224989,2021.27945205479,63500000
170,165,0.1099238077,40.8419002023077,-74.0556555324783,40.7606738787978,-73.9890106843635,0.1099238077,0,2021.02745975396,2021.13738356166,63500000
170,171,0.000341987968300012,40.8419002023077,-74.0556555324783,40.8397684072188,-74.0580642394698,0.000341987968300012,0,2021.02745975396,2021.02780174193,63500000
171,172,0.06834548813,40.8397684072188,-74.0580642394698,40.8360902080045,-74.0673438988954,0.0686874760983,0.000341987968300012,2021.02780174193,2021.09614723006,63500000
171,173,0.01963951143,40.8397684072188,-74.0580642394698,40.8409405252637,-74.0127000709617,0.0199814993983,0.000341987968300012,2021.02780174193,2021.04744125336,63500000
172,166,0.04123633158,40.8360902080045,-74.0673438988954,40.7436022583108,-73.9841149266263,0.1099238076783,0.0686874760983,2021.09614723006,2021.13738356164,63500000
172,167,0.06823633158,40.8360902080045,-74.0673438988954,40.6094251582381,-74.0271438630714,0.1369238076783,0.0686874760983,2021.09614723006,2021.16438356164,63500000
173,168,0.03494230828,40.8409405252637,-74.0127000709617,40.8012203326912,-73.9731844175749,0.0549238076783,0.0199814993983,2021.04744125336,2021.08238356164,63500000
173,169,0.03194230828,40.8409405252637,-74.0127000709617,40.7992508655085,-73.9652313640469,0.0519238076783,0.0199814993983,2021.04744125336,2021.07938356164,63500000
179,178,0.08431557191,40.6890712612311,-73.9355680810985,40.5805440851011,-73.8921647040519,0.08431557191,0,2021.15188990754,2021.23620547945,63500000
179,180,0.1140096191,40.6890712612311,-73.9355680810985,40.5069631548788,-73.9259470339909,0.1140096191,0,2021.15188990754,2021.26589952664,63500000
180,174,0.07930595281,40.5069631548788,-73.9259470339909,40.6134678332508,-73.9965484740787,0.19331557191,0.1140096191,2021.26589952664,2021.34520547945,63500000
180,181,0.01271436067,40.5069631548788,-73.9259470339909,40.4873566624942,-73.8868247228446,0.12672397977,0.1140096191,2021.26589952664,2021.27861388731,63500000
181,177,0.05559159214,40.4873566624942,-73.8868247228446,40.6069944621014,-73.9874694647166,0.18231557191,0.12672397977,2021.27861388731,2021.33420547945,63500000
181,182,0.02985809085,40.4873566624942,-73.8868247228446,40.5471818502134,-73.9700131616345,0.15658207062,0.12672397977,2021.27861388731,2021.30847197816,63500000
182,175,0.01473350129,40.5471818502134,-73.9700131616345,40.5900904041775,-73.9463254165777,0.17131557191,0.15658207062,2021.30847197816,2021.32320547945,63500000
182,176,0.03173350129,40.5471818502134,-73.9700131616345,40.5783722076868,-73.963178610212,0.18831557191,0.15658207062,2021.30847197816,2021.34020547945,63500000
186,185,0.07804395931,40.4693138319504,-73.5799638910539,40.7006519287109,-73.6917900374295,0.07804395931,0,2021.10625741055,2021.18430136986,63500000
186,187,0.03977267255,40.4693138319504,-73.5799638910539,40.6811030038419,-73.6252269705095,0.03977267255,0,2021.10625741055,2021.1460300831,63500000
187,183,0.03827128676,40.6811030038419,-73.6252269705095,40.7533813245733,-73.6274296092346,0.07804395931,0.03977267255,2021.1460300831,2021.18430136986,63500000
187,184,0.04027128676,40.6811030038419,-73.6252269705095,40.6560712211786,-73.764538562291,0.08004395931,0.03977267255,2021.1460300831,2021.18630136986,63500000
194,188,0.2184320219,40.8977754745064,-73.9376824258398,40.6410576664759,-74.0309608887347,0.2184320219,0,2020.97875975892,2021.19719178082,63500000
194,195,0.0565081058,40.8977754745064,-73.9376824258398,40.8142800067978,-73.8293108971809,0.0565081058,0,2020.97875975892,2021.03526786472,63500000
195,189,0.2469239161,40.8142800067978,-73.8293108971809,40.7556603185601,-73.571078064853,0.3034320219,0.0565081058,2021.03526786472,2021.28219178082,63500000
195,196,0.005230849077,40.8142800067978,-73.8293108971809,40.6603358509065,-73.6109587378509,0.061738954877,0.0565081058,2021.03526786472,2021.0404987138,63500000
196,197,0.05957160984,40.6603358509065,-73.6109587378509,40.670089130004,-74.0278400310063,0.121310564717,0.061738954877,2021.0404987138,2021.10007032364,63500000
196,198,0.00128085629200003,40.6603358509065,-73.6109587378509,40.6583202069025,-73.6046474217122,0.063019811169,0.061738954877,2021.0404987138,2021.04177957009,63500000
197,190,0.03412145716,40.670089130004,-74.0278400310063,40.7183869801737,-73.9926082071529,0.155432021877,0.121310564717,2021.10007032364,2021.1341917808,63500000
197,191,0.05612145716,40.670089130004,-74.0278400310063,40.6203817293941,-73.9856631590901,0.177432021877,0.121310564717,2021.10007032364,2021.1561917808,63500000
198,192,0.1424122107,40.6583202069025,-73.6046474217122,40.7431903342498,-73.645569014937,0.205432021869,0.063019811169,2021.04177957009,2021.18419178079,63500000
198,193,0.1224122107,40.6583202069025,-73.6046474217122,40.7330989969742,-73.5165713740551,0.185432021869,0.063019811169,2021.04177957009,2021.16419178079,63500000
203,199,0.03226530199,41.1105191159449,-74.0556004348807,40.7198375385138,-73.887961306723,0.03226530199,0,2021.13429634185,2021.16656164384,63500000
203,204,0.01717924866,41.1105191159449,-74.0556004348807,40.9011417877512,-73.5033081745052,0.01717924866,0,2021.13429634185,2021.15147559052,63500000
204,200,0.01208605333,40.9011417877512,-73.5033081745052,40.711536042031,-73.8706759896215,0.02926530199,0.01717924866,2021.15147559052,2021.16356164385,63500000
204,205,0.02575648133,40.9011417877512,-73.5033081745052,40.6470378552635,-73.8874811719015,0.04293572999,0.01717924866,2021.15147559052,2021.17723207185,63500000
205,201,0.006329571995,40.6470378552635,-73.8874811719015,40.7163395617401,-73.8721884888318,0.049265301985,0.04293572999,2021.17723207185,2021.18356164384,63500000
205,202,0.006329571995,40.6470378552635,-73.8874811719015,40.7216749469857,-73.882887635053,0.049265301985,0.04293572999,2021.17723207185,2021.18356164384,63500000
212,213,0.1463474973,40.6061451181998,-73.9785875089945,40.6190678271496,-73.9816052068617,0.1463474973,0,2020.99852322708,2021.14487072438,63500000
212,214,0.02174811459,40.6061451181998,-73.9785875089945,40.4811192047587,-73.8976091324127,0.02174811459,0,2020.99852322708,2021.02027134167,63500000
213,206,0.000252563292400004,40.6190678271496,-73.9816052068617,40.6217867488999,-73.9802827561958,0.1466000605924,0.1463474973,2021.14487072438,2021.14512328767,63500000
213,207,0.01425256329,40.6190678271496,-73.9816052068617,40.59475361901,-73.9912789259711,0.16060006059,0.1463474973,2021.14487072438,2021.15912328767,63500000
214,215,0.05544835759,40.4811192047587,-73.8976091324127,40.5059438767845,-73.9439720330553,0.07719647218,0.02174811459,2021.02027134167,2021.07571969926,63500000
214,216,0.1153431547,40.4811192047587,-73.8976091324127,40.6898660917872,-74.0064958920747,0.13709126929,0.02174811459,2021.02027134167,2021.13561449637,63500000
215,208,0.09140358841,40.5059438767845,-73.9439720330553,40.7406508698473,-73.5562223044248,0.16860006059,0.07719647218,2021.07571969926,2021.16712328767,63500000
215,209,0.07740358841,40.5059438767845,-73.9439720330553,40.6206248580842,-74.0183601278965,0.15460006059,0.07719647218,2021.07571969926,2021.15312328767,63500000
216,210,0.02350879125,40.6898660917872,-74.0064958920747,40.6247009015993,-73.9963267610053,0.16060006054,0.13709126929,2021.13561449637,2021.15912328762,63500000
216,211,0.02350879125,40.6898660917872,-74.0064958920747,40.6344083931548,-73.9823716640921,0.16060006054,0.13709126929,2021.13561449637,2021.15912328762,63500000
225,217,0.2607744851,40.8625109770442,-73.9165176506241,40.7235328283148,-73.9573877480599,0.2607744851,0,2021.04295154225,2021.30372602735,63500000
225,226,0.03954743635,40.8625109770442,-73.9165176506241,40.7907409780389,-73.8630541163858,0.03954743635,0,2021.04295154225,2021.0824989786,63500000
226,224,0.2402270488,40.7907409780389,-73.8630541163858,40.7447874626825,-73.5591665754761,0.27977448515,0.03954743635,2021.0824989786,2021.3227260274,63500000
226,227,0.01335032136,40.7907409780389,-73.8630541163858,40.7871220401415,-73.9005431069019,0.05289775771,0.03954743635,2021.0824989786,2021.09584929996,63500000
227,218,0.1528767274,40.7871220401415,-73.9005431069019,40.7533379392275,-73.9777639902753,0.20577448511,0.05289775771,2021.09584929996,2021.24872602736,63500000
227,228,0.007142553932,40.7871220401415,-73.9005431069019,40.7763303577184,-73.9137550456303,0.060040311642,0.05289775771,2021.09584929996,2021.10299185389,63500000
228,229,0.02901676419,40.7763303577184,-73.9137550456303,40.7674935508014,-73.9595926328562,0.089057075832,0.060040311642,2021.10299185389,2021.13200861808,63500000
228,219,0.1157341735,40.7763303577184,-73.9137550456303,40.725991218414,-73.8603182332599,0.175774485142,0.060040311642,2021.10299185389,2021.21872602739,63500000
229,220,0.1357174093,40.7674935508014,-73.9595926328562,40.611536788963,-74.0173541394774,0.224774485132,0.089057075832,2021.13200861808,2021.26772602738,63500000
229,230,0.01896156099,40.7674935508014,-73.9595926328562,40.8269311868437,-74.0159158616099,0.108018636822,0.089057075832,2021.13200861808,2021.15097017907,63500000
230,231,0.00821129773199999,40.8269311868437,-74.0159158616099,40.8186778548189,-74.01011292112,0.116229934554,0.108018636822,2021.15097017907,2021.1591814768,63500000
230,221,0.08975584829,40.8269311868437,-74.0159158616099,40.8159794230322,-73.9207793067208,0.197774485112,0.108018636822,2021.15097017907,2021.24072602736,63500000
231,222,0.1805445506,40.8186778548189,-74.01011292112,40.6317292599621,-73.5862882175138,0.296774485154,0.116229934554,2021.1591814768,2021.3397260274,63500000
231,223,0.1195445506,40.8186778548189,-74.01011292112,40.5830132063437,-73.9496749245929,0.235774485154,0.116229934554,2021.1591814768,2021.2787260274,63500000
256,255,0.2589409145,40.6837267703091,-73.9756012111906,40.6240978129708,-73.750481385481,0.2589409145,0,2020.88619607178,2021.14513698628,63500000
256,257,0.04155228235,40.6837267703091,-73.9756012111906,40.7265996089833,-73.8989306897838,0.04155228235,0,2020.88619607178,2020.92774835413,63500000
257,264,0.02245412397,40.7265996089833,-73.8989306897838,40.7162307426654,-73.8908646987665,0.06400640632,0.04155228235,2020.92774835413,2020.9502024781,63500000
257,258,0.00810962184400005,40.7265996089833,-73.8989306897838,40.7238935184559,-73.9011783395775,0.049661904194,0.04155228235,2020.92774835413,2020.93585797597,63500000
258,232,0.2802790103,40.7238935184559,-73.9011783395775,40.7505404567994,-73.97519428335,0.329940914494,0.049661904194,2020.93585797597,2021.21613698627,63500000
258,259,0.02104421167,40.7238935184559,-73.9011783395775,40.7501560565194,-73.8583453384686,0.070706115864,0.049661904194,2020.93585797597,2020.95690218764,63500000
259,260,0.04936720218,40.7501560565194,-73.8583453384686,40.7711097998797,-73.8477259831628,0.120073318044,0.070706115864,2020.95690218764,2021.00626938982,63500000
259,261,0.06751095901,40.7501560565194,-73.8583453384686,40.7579368113889,-73.8703937790437,0.138217074874,0.070706115864,2020.95690218764,2021.02441314665,63500000
260,234,0.3168675965,40.7711097998797,-73.8477259831628,40.7546809697679,-73.6527828796575,0.436940914544,0.120073318044,2021.00626938982,2021.32313698632,63500000
260,233,0.2538675965,40.7711097998797,-73.8477259831628,40.7027180519997,-73.948628429986,0.373940914544,0.120073318044,2021.00626938982,2021.26013698632,63500000
261,262,0.1051965836,40.7579368113889,-73.8703937790437,40.7062935302854,-73.9105589351438,0.243413658474,0.138217074874,2021.02441314665,2021.12960973025,63500000
261,263,0.1736357012,40.7579368113889,-73.8703937790437,40.6946769918053,-73.6308496929282,0.311852776074,0.138217074874,2021.02441314665,2021.19804884785,63500000
262,235,0.08952725601,40.7062935302854,-73.9105589351438,40.6878892313236,-73.9192123686968,0.332940914484,0.243413658474,2021.12960973025,2021.21913698626,63500000
262,236,0.09252725601,40.7062935302854,-73.9105589351438,40.744612369416,-73.9714860357642,0.335940914484,0.243413658474,2021.12960973025,2021.22213698626,63500000
263,238,0.1060881385,40.6946769918053,-73.6308496929282,40.7101715289245,-73.7044610923821,0.417940914574,0.311852776074,2021.19804884785,2021.30413698635,63500000
263,237,0.1610881385,40.6946769918053,-73.6308496929282,40.6669278025458,-73.4950391862939,0.472940914574,0.311852776074,2021.19804884785,2021.35913698635,63500000
264,267,0.00820816921200002,40.7162307426654,-73.8908646987665,40.7315261491271,-73.9173132872504,0.072214575532,0.06400640632,2020.9502024781,2020.95841064731,63500000
264,265,0.1034910086,40.7162307426654,-73.8908646987665,40.7093775339229,-73.9123515595279,0.16749741492,0.06400640632,2020.9502024781,2021.0536934867,63500000
265,239,0.1164434996,40.7093775339229,-73.9123515595279,40.7553923591433,-73.9129693863632,0.28394091452,0.16749741492,2021.0536934867,2021.1701369863,63500000
265,266,0.101537038,40.7093775339229,-73.9123515595279,40.7077255537651,-73.8967817553453,0.26903445292,0.16749741492,2021.0536934867,2021.1552305247,63500000
266,240,0.09390646162,40.7077255537651,-73.8967817553453,40.759627284555,-73.8428312237546,0.36294091454,0.26903445292,2021.1552305247,2021.24913698632,63500000
266,241,0.2749064616,40.7077255537651,-73.8967817553453,40.6621246179371,-73.9488820457619,0.54394091452,0.26903445292,2021.1552305247,2021.4301369863,63500000
267,268,0.00322456006499999,40.7315261491271,-73.9173132872504,40.7740799661501,-73.9306826128554,0.075439135597,0.072214575532,2020.95841064731,2020.96163520738,63500000
267,278,0.06491980395,40.7315261491271,-73.9173132872504,40.7075617357766,-73.844061444659,0.137134379482,0.072214575532,2020.95841064731,2021.02333045126,63500000
268,242,0.1265017789,40.7740799661501,-73.9306826128554,40.7501470371064,-73.9738722208514,0.201940914497,0.075439135597,2020.96163520738,2021.08813698628,63500000
268,269,0.03334226887,40.7740799661501,-73.9306826128554,40.7646680125342,-73.9651329458996,0.108781404467,0.075439135597,2020.96163520738,2020.99497747625,63500000
269,243,0.1201595101,40.7646680125342,-73.9651329458996,40.7106661729486,-73.8800378276613,0.228940914567,0.108781404467,2020.99497747625,2021.11513698635,63500000
269,270,0.007700007555,40.7646680125342,-73.9651329458996,40.7630530441483,-73.9634919993698,0.116481412022,0.108781404467,2020.99497747625,2021.0026774838,63500000
270,271,0.05758298178,40.7630530441483,-73.9634919993698,40.7217255424257,-73.9881678305374,0.174064393802,0.116481412022,2021.0026774838,2021.06026046558,63500000
270,272,0.04622355636,40.7630530441483,-73.9634919993698,40.7926419159352,-73.9561330987149,0.162704968382,0.116481412022,2021.0026774838,2021.04890104016,63500000
271,245,0.1918765207,40.7217255424257,-73.9881678305374,40.7270092340863,-73.9794668198853,0.365940914502,0.174064393802,2021.06026046558,2021.25213698628,63500000
271,244,0.2058765207,40.7217255424257,-73.9881678305374,40.6109102254928,-74.1674181139019,0.379940914502,0.174064393802,2021.06026046558,2021.26613698628,63500000
272,273,0.1443025366,40.7926419159352,-73.9561330987149,40.5830067840537,-73.9024928338861,0.307007504982,0.162704968382,2021.04890104016,2021.19320357676,63500000
272,274,0.00365083325400001,40.7926419159352,-73.9561330987149,40.784483413829,-73.9536021182968,0.166355801636,0.162704968382,2021.04890104016,2021.05255187342,63500000
273,246,0.1819334095,40.5830067840537,-73.9024928338861,40.6024215560714,-73.9716978808073,0.488940914482,0.307007504982,2021.19320357676,2021.37513698626,63500000
273,247,0.1689334095,40.5830067840537,-73.9024928338861,40.6862904836143,-73.5912191067383,0.475940914482,0.307007504982,2021.19320357676,2021.36213698626,63500000
274,275,0.1140867787,40.784483413829,-73.9536021182968,40.7133761332212,-73.9493144734162,0.280442580336,0.166355801636,2021.05255187342,2021.16663865212,63500000
274,248,0.2595851129,40.784483413829,-73.9536021182968,40.7420613546371,-73.9788508550874,0.425940914536,0.166355801636,2021.05255187342,2021.31213698632,63500000
275,252,0.02249833422,40.7133761332212,-73.9493144734162,40.7202404501649,-73.9604080126401,0.302940914556,0.280442580336,2021.16663865212,2021.18913698634,63500000
275,276,0.02011145578,40.7133761332212,-73.9493144734162,40.7462946014334,-73.9835575429477,0.300554036116,0.280442580336,2021.16663865212,2021.1867501079,63500000
276,249,0.002386878441,40.7462946014334,-73.9835575429477,40.7428881643593,-73.9726260133977,0.302940914557,0.300554036116,2021.1867501079,2021.18913698634,63500000
276,277,0.00444906276599999,40.7462946014334,-73.9835575429477,40.7414815943724,-73.999167366849,0.305003098882,0.300554036116,2021.1867501079,2021.19119917066,63500000
277,251,0.00893781567500002,40.7414815943724,-73.999167366849,40.7308044290955,-73.9978875099832,0.313940914557,0.305003098882,2021.19119917066,2021.20013698634,63500000
277,250,0.00593781567500001,40.7414815943724,-73.999167366849,40.7418786823192,-73.9928238928385,0.310940914557,0.305003098882,2021.19119917066,2021.19713698634,63500000
278,253,0.179806535,40.7075617357766,-73.844061444659,40.6230031128718,-73.9619388649519,0.316940914482,0.137134379482,2021.02333045126,2021.20313698626,63500000
278,254,0.184806535,40.7075617357766,-73.844061444659,40.7930908493495,-73.8106628615067,0.321940914482,0.137134379482,2021.02333045126,2021.20813698626,63500000
