node1,node2,startLoc,endLoc,length,endNodeL,startNodeL,startYear,endYear,cladeID
5,1,Westchester,Westchester,0.02310133116,0.02310133116,0,2021.6176520935,2021.64075342466,10
5,6,Westchester,Westchester,0.03014729581,0.03014729581,0,2021.6176520935,2021.64779938931,10
6,7,Westchester,Westchester,0.00747867264,0.03762596845,0.03014729581,2021.64779938931,2021.65527806195,10
6,2,Westchester,Westchester,0.01195403535,0.04210133116,0.03014729581,2021.64779938931,2021.65975342466,10
7,4,Westchester,Westchester,0.007475362709,0.045101331159,0.03762596845,2021.65527806195,2021.66275342466,10
7,3,Westchester,Westchester,0.01047536271,0.04810133116,0.03762596845,2021.65527806195,2021.66575342466,10
4,1,NewYork,NewYork,0.124853642,0.124853642,0,2021.53779019363,2021.66264383563,1001
4,5,NewYork,NewYork,0.04792821649,0.04792821649,0,2021.53779019363,2021.58571841012,1001
5,2,NewYork,NewYork,0.0189254255,0.06685364199,0.04792821649,2021.58571841012,2021.60464383562,1001
5,3,NewYork,Kings,0.1759254255,0.22385364199,0.04792821649,2021.58571841012,2021.76164383562,1001
4,1,NewYork,NewYork,0.01119801563,0.01119801563,0,2021.52581568303,2021.53701369866,1021
4,5,NewYork,NewYork,0.1026072193,0.1026072193,0,2021.52581568303,2021.62842290233,1021
5,2,NewYork,NewYork,0.0345907963,0.1371980156,0.1026072193,2021.62842290233,2021.66301369863,1021
5,3,NewYork,Bronx,0.0345907963,0.1371980156,0.1026072193,2021.62842290233,2021.66301369863,1021
20,1,NewYork,NewYork,0.00153939763599997,0.00153939763599997,0,2021.53892635578,2021.54046575342,1023
20,21,NewYork,NewYork,0.0100102845,0.0100102845,0,2021.53892635578,2021.54893664028,1023
21,23,NewYork,NewYork,0.02030415159,0.03031443609,0.0100102845,2021.54893664028,2021.56924079187,1023
23,24,NewYork,NewYork,0.00970611945299998,0.040020555543,0.03031443609,2021.56924079187,2021.57894691132,1023
24,25,NewYork,NewYork,0.00474246160899999,0.044763017152,0.040020555543,2021.57894691132,2021.58368937293,1023
25,6,NewYork,Bronx,0.000776380482500005,0.0455393976345,0.044763017152,2021.58368937293,2021.58446575341,1023
23,26,NewYork,NewYork,0.03580734695,0.06612178304,0.03031443609,2021.56924079187,2021.60504813882,1023
26,27,NewYork,NewYork,0.000880562714200006,0.0670023457542,0.06612178304,2021.60504813882,2021.60592870153,1023
27,28,NewYork,NewYork,0.000144674253700017,0.0671470200079,0.0670023457542,2021.60592870153,2021.60607337579,1023
25,5,NewYork,NewYork,0.02477638048,0.069539397632,0.044763017152,2021.58368937293,2021.60846575341,1023
24,4,NewYork,Queens,0.03251884209,0.072539397633,0.040020555543,2021.57894691132,2021.61146575341,1023
21,22,NewYork,NewYork,0.0636401942499999,0.07365047875,0.0100102845,2021.54893664028,2021.61257683453,1023
26,19,NewYork,Bronx,0.02241761459,0.08853939763,0.06612178304,2021.60504813882,2021.62746575341,1023
27,7,NewYork,Nassau,0.02153705188,0.0885393976342,0.0670023457542,2021.60592870153,2021.62746575341,1023
28,8,NewYork,Bronx,0.02739237763,0.0945393976379,0.0671470200079,2021.60607337579,2021.63346575342,1023
28,29,NewYork,NewYork,0.03296110166,0.1001081216679,0.0671470200079,2021.60607337579,2021.63903447745,1023
22,2,NewYork,Bronx,0.03688891889,0.11053939764,0.07365047875,2021.61257683453,2021.64946575342,1023
22,3,NewYork,Kings,0.03688891889,0.11053939764,0.07365047875,2021.61257683453,2021.64946575342,1023
29,31,NewYork,Westchester,0.02516090185,0.1252690235179,0.1001081216679,2021.63903447745,2021.6641953793,1023
29,30,NewYork,NewYork,0.02813342367,0.1282415453379,0.1001081216679,2021.63903447745,2021.66716790112,1023
30,9,NewYork,NewYork,0.00429785229699997,0.1325393976349,0.1282415453379,2021.66716790112,2021.67146575342,1023
30,10,NewYork,Queens,0.00429785229699997,0.1325393976349,0.1282415453379,2021.66716790112,2021.67146575342,1023
31,32,Westchester,Westchester,0.06507185078,0.1903408742979,0.1252690235179,2021.6641953793,2021.72926723008,1023
31,11,Westchester,Westchester,0.1312703741,0.2565393976179,0.1252690235179,2021.6641953793,2021.7954657534,1023
32,33,Westchester,Westchester,0.08969127067,0.2800321449679,0.1903408742979,2021.72926723008,2021.81895850075,1023
32,18,Westchester,Westchester,0.09319852334,0.2835393976379,0.1903408742979,2021.72926723008,2021.82246575342,1023
33,34,Westchester,Westchester,0.00493343927099998,0.2849655842389,0.2800321449679,2021.81895850075,2021.82389194002,1023
34,35,Westchester,Westchester,0.02244724962,0.3074128338589,0.2849655842389,2021.82389194002,2021.84633918964,1023
35,36,Westchester,Westchester,0.00653116409100002,0.3139439979499,0.3074128338589,2021.84633918964,2021.85287035373,1023
36,15,Westchester,Westchester,0.01559539968,0.3295393976299,0.3139439979499,2021.85287035373,2021.86846575341,1023
33,12,Westchester,Westchester,0.04950725267,0.3295393976379,0.2800321449679,2021.81895850075,2021.86846575342,1023
35,14,Westchester,Westchester,0.02212656378,0.3295393976389,0.3074128338589,2021.84633918964,2021.86846575342,1023
36,37,Westchester,Westchester,0.04663507259,0.3605790705399,0.3139439979499,2021.85287035373,2021.89950542632,1023
37,16,Westchester,Westchester,0.0299603271,0.3905393976399,0.3605790705399,2021.89950542632,2021.92946575342,1023
34,13,Westchester,Westchester,0.1085738134,0.3935393976389,0.2849655842389,2021.82389194002,2021.93246575342,1023
37,17,Westchester,Bronx,0.0429603271,0.4035393976399,0.3605790705399,2021.89950542632,2021.94246575342,1023
5,1,Westchester,Westchester,0.0221939831,0.0221939831,0,2021.85991560594,2021.88210958904,1024
5,6,Westchester,Westchester,0.01233347436,0.01233347436,0,2021.85991560594,2021.8722490803,1024
6,7,Westchester,Westchester,0.01430951265,0.02664298701,0.01233347436,2021.8722490803,2021.88655859295,1024
6,2,Westchester,Westchester,0.01586050874,0.0281939831,0.01233347436,2021.8722490803,2021.88810958904,1024
7,3,Westchester,Bronx,0.01455099609,0.0411939831,0.02664298701,2021.88655859295,2021.90110958904,1024
7,4,Westchester,Westchester,0.01755099609,0.0441939831,0.02664298701,2021.88655859295,2021.90410958904,1024
4,1,NewYork,Bronx,0.005557672101,0.005557672101,0,2021.54578479365,2021.55134246575,1045
4,5,NewYork,NewYork,0.01054097199,0.01054097199,0,2021.54578479365,2021.55632576564,1045
5,2,NewYork,Queens,0.01401670011,0.0245576721,0.01054097199,2021.55632576564,2021.57034246575,1045
5,3,NewYork,NewYork,0.01901670011,0.0295576721,0.01054097199,2021.55632576564,2021.57534246575,1045
9,1,Westchester,Westchester,0.000982688754200003,0.000982688754200003,0,2021.75811320165,2021.75909589041,1050
9,10,Westchester,Westchester,0.0288399657,0.0288399657,0,2021.75811320165,2021.78695316735,1050
10,12,Westchester,Westchester,0.008883716507,0.037723682207,0.0288399657,2021.78695316735,2021.79583688386,1050
10,11,Westchester,Westchester,0.01508627868,0.04392624438,0.0288399657,2021.78695316735,2021.80203944603,1050
12,14,Westchester,Westchester,0.007978595019,0.045702277226,0.037723682207,2021.79583688386,2021.80381547888,1050
11,3,Westchester,Westchester,0.003056444374,0.046982688754,0.04392624438,2021.80203944603,2021.80509589041,1050
14,15,Westchester,Westchester,0.002160015739,0.047862292965,0.045702277226,2021.80381547888,2021.80597549462,1050
11,2,Westchester,Westchester,0.01205644437,0.05598268875,0.04392624438,2021.80203944603,2021.8140958904,1050
15,6,Westchester,Westchester,0.01012039579,0.057982688755,0.047862292965,2021.80597549462,2021.81609589041,1050
12,13,Westchester,Westchester,0.04062786663,0.078351548837,0.037723682207,2021.79583688386,2021.83646475049,1050
13,4,Westchester,Westchester,0.004631139917,0.082982688754,0.078351548837,2021.83646475049,2021.84109589041,1050
13,5,Westchester,Westchester,0.004631139917,0.082982688754,0.078351548837,2021.83646475049,2021.84109589041,1050
15,7,Westchester,Westchester,0.03512039579,0.082982688755,0.047862292965,2021.80597549462,2021.84109589041,1050
14,8,Westchester,Westchester,0.03728041153,0.082982688756,0.045702277226,2021.80381547888,2021.84109589041,1050
4,5,Westchester,NewYork,0.04530048917,0.04530048917,0,2021.76849549562,2021.81379598479,1062
4,3,Westchester,Westchester,0.03994286054,0.03994286054,0,2021.76849549562,2021.80843835616,1062
5,1,NewYork,NewYork,0.002642371371,0.047942860541,0.04530048917,2021.81379598479,2021.81643835616,1062
5,2,NewYork,NewYork,0.002642371371,0.047942860541,0.04530048917,2021.81379598479,2021.81643835616,1062
5,1,Nassau,Nassau,0.06161429323,0.06161429323,0,2021.77964598072,2021.84126027395,1067
5,6,Nassau,Nassau,0.08535185876,0.08535185876,0,2021.77964598072,2021.86499783948,1067
6,7,Nassau,Nassau,0.01111553939,0.09646739815,0.08535185876,2021.86499783948,2021.87611337887,1067
7,3,Nassau,Nassau,0.01414689508,0.11061429323,0.09646739815,2021.87611337887,2021.89026027395,1067
6,2,Nassau,Nassau,0.05626243447,0.14161429323,0.08535185876,2021.86499783948,2021.92126027395,1067
7,4,Nassau,Nassau,0.1211468951,0.21761429325,0.09646739815,2021.87611337887,2021.99726027397,1067
7,1,Kings,Kings,0.0047674076,0.0047674076,0,2021.67195861976,2021.67672602736,1076
7,8,Kings,Kings,0.06190373399,0.06190373399,0,2021.67195861976,2021.73386235375,1076
8,10,Kings,Kings,0.04774786428,0.10965159827,0.06190373399,2021.73386235375,2021.78161021803,1076
10,11,Kings,Kings,0.01004322257,0.11969482084,0.10965159827,2021.78161021803,2021.7916534406,1076
11,4,Kings,Kings,0.0000725867599400132,0.11976740759994,0.11969482084,2021.7916534406,2021.79172602736,1076
10,6,Kings,Kings,0.01011580933,0.1197674076,0.10965159827,2021.78161021803,2021.79172602736,1076
8,9,Kings,Kings,0.08467800512,0.14658173911,0.06190373399,2021.73386235375,2021.81854035887,1076
9,2,Kings,Kings,0.02518566849,0.1717674076,0.14658173911,2021.81854035887,2021.84372602736,1076
9,3,Kings,Kings,0.1021856685,0.24876740761,0.14658173911,2021.81854035887,2021.92072602737,1076
11,5,Kings,Kings,0.1480725868,0.26776740764,0.11969482084,2021.7916534406,2021.9397260274,1076
4,5,Kings,Kings,0.0631497307,0.0631497307,0,2021.61121149303,2021.67436122373,1088
4,3,Kings,Kings,0.04863782204,0.04863782204,0,2021.61121149303,2021.65984931507,1088
5,1,Kings,Richmond,0.004488091342,0.067637822042,0.0631497307,2021.67436122373,2021.67884931507,1088
5,2,Kings,Kings,0.03248809134,0.09563782204,0.0631497307,2021.67436122373,2021.70684931507,1088
5,1,Kings,Kings,0.01525153764,0.01525153764,0,2021.78488544866,2021.8001369863,1090
5,6,Kings,Queens,0.02257053649,0.02257053649,0,2021.78488544866,2021.80745598515,1090
6,7,Queens,Queens,0.01303010659,0.03560064308,0.02257053649,2021.80745598515,2021.82048609174,1090
6,2,Queens,Queens,0.01768100115,0.04025153764,0.02257053649,2021.80745598515,2021.8251369863,1090
7,3,Queens,Queens,0.009650894556,0.045251537636,0.03560064308,2021.82048609174,2021.8301369863,1090
7,4,Queens,Queens,0.009650894556,0.045251537636,0.03560064308,2021.82048609174,2021.8301369863,1090
9,10,Nassau,Nassau,0.0000618983326599876,0.0000618983326599876,0,2021.77790144659,2021.77796334492,1113
10,11,Nassau,Nassau,0.03435889528,0.03442079361266,0.0000618983326599876,2021.77796334492,2021.8123222402,1113
10,7,Nassau,Nassau,0.04389966877,0.04396156710266,0.0000618983326599876,2021.77796334492,2021.82186301369,1113
11,12,Nassau,Nassau,0.01916633057,0.05358712418266,0.03442079361266,2021.8123222402,2021.83148857077,1113
12,14,Nassau,Nassau,0.01513037291,0.06871749709266,0.05358712418266,2021.83148857077,2021.84661894368,1113
14,15,Nassau,Nassau,0.007276193931,0.07599369102366,0.06871749709266,2021.84661894368,2021.85389513761,1113
15,6,Nassau,Nassau,0.003967876073,0.07996156709666,0.07599369102366,2021.85389513761,2021.85786301368,1113
12,13,Nassau,Nassau,0.05744353775,0.11103066193266,0.05358712418266,2021.83148857077,2021.88893210852,1113
13,2,Nassau,Nassau,0.006930905167,0.11796156709966,0.11103066193266,2021.88893210852,2021.89586301369,1113
15,5,Nassau,Suffolk,0.06096787607,0.13696156709366,0.07599369102366,2021.85389513761,2021.91486301368,1113
14,4,Nassau,Queens,0.08524407,0.15396156709266,0.06871749709266,2021.84661894368,2021.93186301368,1113
13,3,Nassau,Nassau,0.04793090517,0.15896156710266,0.11103066193266,2021.88893210852,2021.93686301369,1113
9,8,Nassau,Nassau,0.1619615671,0.1619615671,0,2021.77790144659,2021.93986301369,1113
11,1,Nassau,NewYork,0.1575407735,0.19196156711266,0.03442079361266,2021.8123222402,2021.9698630137,1113
4,1,Kings,Kings,0.004686571989,0.004686571989,0,2021.85342301705,2021.85810958904,1120
4,5,Kings,Kings,0.03501177388,0.03501177388,0,2021.85342301705,2021.88843479093,1120
5,2,Kings,Westchester,0.004674798109,0.039686571989,0.03501177388,2021.88843479093,2021.89310958904,1120
5,3,Kings,Kings,0.01567479811,0.05068657199,0.03501177388,2021.88843479093,2021.90410958904,1120
6,7,Suffolk,Nassau,0.009379088822,0.009379088822,0,2021.84310418533,2021.85248327415,1124
6,5,Suffolk,Suffolk,0.00382732152,0.00382732152,0,2021.84310418533,2021.84693150685,1124
7,9,Nassau,Nassau,0.002891713668,0.01227080249,0.009379088822,2021.85248327415,2021.85537498782,1124
7,8,Nassau,Nassau,0.005674076949,0.015053165771,0.009379088822,2021.85248327415,2021.8581573511,1124
8,1,Nassau,Suffolk,0.009774155749,0.02482732152,0.015053165771,2021.8581573511,2021.86793150685,1124
9,3,Nassau,Nassau,0.01555651903,0.02782732152,0.01227080249,2021.85537498782,2021.87093150685,1124
8,2,Nassau,Nassau,0.02077415575,0.035827321521,0.015053165771,2021.8581573511,2021.87893150685,1124
9,4,Nassau,Nassau,0.02955651903,0.04182732152,0.01227080249,2021.85537498782,2021.88493150685,1124
4,1,NewYork,NewYork,0.05031101458,0.05031101458,0,2021.63189446487,2021.68220547945,1149
4,5,NewYork,Queens,0.03096595401,0.03096595401,0,2021.63189446487,2021.66286041888,1149
5,2,Queens,Queens,0.01934506057,0.05031101458,0.03096595401,2021.66286041888,2021.68220547945,1149
5,3,Queens,Nassau,0.08234506057,0.11331101458,0.03096595401,2021.66286041888,2021.74520547945,1149
7,8,NewYork,NewYork,0.01283248209,0.01283248209,0,2021.42693082665,2021.43976330874,115
7,9,NewYork,Kings,0.04792572919,0.04792572919,0,2021.42693082665,2021.47485655584,115
8,2,NewYork,NewYork,0.05926408856,0.07209657065,0.01283248209,2021.43976330874,2021.4990273973,115
8,1,NewYork,NewYork,0.08926408856,0.10209657065,0.01283248209,2021.43976330874,2021.5290273973,115
9,3,Kings,Kings,0.07317084146,0.12109657065,0.04792572919,2021.47485655584,2021.5480273973,115
9,10,Kings,Kings,0.07328118452,0.12120691371,0.04792572919,2021.47485655584,2021.54813774036,115
10,11,Kings,Kings,0.0289281452,0.15013505891,0.12120691371,2021.54813774036,2021.57706588556,115
10,6,Kings,Kings,0.03588965694,0.15709657065,0.12120691371,2021.54813774036,2021.5840273973,115
11,5,Kings,Queens,0.00696151174199999,0.157096570652,0.15013505891,2021.57706588556,2021.5840273973,115
11,4,Kings,Kings,0.1489615117,0.29909657061,0.15013505891,2021.57706588556,2021.72602739726,115
4,1,Westchester,Westchester,0.08463528735,0.08463528735,0,2021.48818663046,2021.57282191781,1156
4,5,Westchester,Westchester,0.02682706301,0.02682706301,0,2021.48818663046,2021.51501369347,1156
5,2,Westchester,Westchester,0.05780822434,0.08463528735,0.02682706301,2021.51501369347,2021.57282191781,1156
5,3,Westchester,Westchester,0.06580822434,0.09263528735,0.02682706301,2021.51501369347,2021.58082191781,1156
9,1,Nassau,Nassau,0.00489539541600001,0.00489539541600001,0,2021.54266624842,2021.54756164384,1163
9,10,Nassau,Westchester,0.01706757586,0.01706757586,0,2021.54266624842,2021.55973382428,1163
10,2,Westchester,Westchester,0.01482781956,0.03189539542,0.01706757586,2021.55973382428,2021.57456164384,1163
10,11,Westchester,Westchester,0.05947175288,0.07653932874,0.01706757586,2021.55973382428,2021.61920557716,1163
11,12,Westchester,NewYork,0.006968292568,0.083507621308,0.07653932874,2021.61920557716,2021.62617386973,1163
12,13,NewYork,NewYork,0.0186099235,0.102117544808,0.083507621308,2021.62617386973,2021.64478379323,1163
13,14,NewYork,NewYork,0.02230338816,0.124420932968,0.102117544808,2021.64478379323,2021.66708718139,1163
11,3,Westchester,Westchester,0.06535606668,0.14189539542,0.07653932874,2021.61920557716,2021.68456164384,1163
14,15,NewYork,NewYork,0.02323062748,0.147651560448,0.124420932968,2021.66708718139,2021.69031780887,1163
15,8,NewYork,NewYork,0.00224383496800001,0.149895395416,0.147651560448,2021.69031780887,2021.69256164384,1163
13,5,NewYork,NewYork,0.05077785061,0.152895395418,0.102117544808,2021.64478379323,2021.69556164384,1163
12,4,NewYork,Kings,0.07238777411,0.155895395418,0.083507621308,2021.62617386973,2021.69856164384,1163
14,6,NewYork,NewYork,0.03347446245,0.157895395418,0.124420932968,2021.66708718139,2021.70056164384,1163
15,7,NewYork,NewYork,0.09324383497,0.240895395418,0.147651560448,2021.69031780887,2021.78356164384,1163
4,1,Westchester,Westchester,0.008960930237,0.008960930237,0,2021.94164180949,2021.95060273973,1191
4,5,Westchester,Westchester,0.02144984992,0.02144984992,0,2021.94164180949,2021.96309165941,1191
5,2,Westchester,Westchester,0.003511080317,0.024960930237,0.02144984992,2021.96309165941,2021.96660273973,1191
5,3,Westchester,Westchester,0.009511080317,0.030960930237,0.02144984992,2021.96309165941,2021.97260273973,1191
10,11,Westchester,Westchester,0.01525989616,0.01525989616,0,2021.85267853258,2021.86793842874,1192
10,12,Westchester,Westchester,0.01765578531,0.01765578531,0,2021.85267853258,2021.87033431789,1192
11,1,Westchester,Westchester,0.00556842058300001,0.020828316743,0.01525989616,2021.86793842874,2021.87350684932,1192
11,2,Westchester,Westchester,0.00556842058300001,0.020828316743,0.01525989616,2021.86793842874,2021.87350684932,1192
12,13,Westchester,Westchester,0.00481121435,0.02246699966,0.01765578531,2021.87033431789,2021.87514553224,1192
12,3,Westchester,Westchester,0.01117253143,0.02882831674,0.01765578531,2021.87033431789,2021.88150684932,1192
13,14,Westchester,Westchester,0.01225585328,0.03472285294,0.02246699966,2021.87514553224,2021.88740138552,1192
13,4,Westchester,Westchester,0.01436131708,0.03682831674,0.02246699966,2021.87514553224,2021.88950684932,1192
14,15,Westchester,Westchester,0.004000954857,0.038723807797,0.03472285294,2021.88740138552,2021.89140234038,1192
14,5,Westchester,Westchester,0.005105463803,0.039828316743,0.03472285294,2021.88740138552,2021.89250684932,1192
15,6,Westchester,Westchester,0.009104508946,0.047828316743,0.038723807797,2021.89140234038,2021.90050684932,1192
15,16,Westchester,Westchester,0.02104423467,0.059768042467,0.038723807797,2021.89140234038,2021.91244657505,1192
16,7,Westchester,Westchester,0.008060274273,0.06782831674,0.059768042467,2021.91244657505,2021.92050684932,1192
16,17,Westchester,Westchester,0.01020904568,0.069977088147,0.059768042467,2021.91244657505,2021.92265562073,1192
17,8,Westchester,Westchester,0.008851228593,0.07882831674,0.069977088147,2021.92265562073,2021.93150684932,1192
17,9,Westchester,Westchester,0.008851228593,0.07882831674,0.069977088147,2021.92265562073,2021.93150684932,1192
10,1,Westchester,Westchester,0.09443859626,0.09443859626,0,2021.78468469141,2021.87912328767,1194
10,11,Westchester,Westchester,0.03938306114,0.03938306114,0,2021.78468469141,2021.82406775255,1194
11,12,Westchester,Westchester,0.03137462891,0.07075769005,0.03938306114,2021.82406775255,2021.85544238146,1194
12,9,Westchester,Westchester,0.00268090621,0.07343859626,0.07075769005,2021.85544238146,2021.85812328767,1194
12,13,Westchester,Westchester,0.05691265836,0.12767034841,0.07075769005,2021.85544238146,2021.91235503982,1194
13,14,Westchester,Westchester,0.01185351289,0.1395238613,0.12767034841,2021.91235503982,2021.92420855271,1194
14,15,Westchester,Westchester,0.000963817457900001,0.1404876787579,0.1395238613,2021.92420855271,2021.92517237017,1194
14,4,Westchester,Westchester,0.00991473496,0.14943859626,0.1395238613,2021.92420855271,2021.93412328767,1194
11,2,Westchester,Bronx,0.1160555351,0.15543859624,0.03938306114,2021.82406775255,2021.94012328765,1194
13,3,Westchester,Queens,0.02776824785,0.15543859626,0.12767034841,2021.91235503982,2021.94012328767,1194
15,16,Westchester,Westchester,0.02330461561,0.1637922943679,0.1404876787579,2021.92517237017,2021.94847698578,1194
15,5,Westchester,Westchester,0.0259509175,0.1664385962579,0.1404876787579,2021.92517237017,2021.95112328767,1194
16,17,Westchester,Westchester,0.00379279967099999,0.1675850940389,0.1637922943679,2021.94847698578,2021.95226978545,1194
16,6,Westchester,Westchester,0.00464630189199999,0.1684385962599,0.1637922943679,2021.94847698578,2021.95312328767,1194
17,8,Westchester,Westchester,0.003853502221,0.1714385962599,0.1675850940389,2021.95226978545,2021.95612328767,1194
17,7,Westchester,Westchester,0.01485350222,0.1824385962589,0.1675850940389,2021.95226978545,2021.96712328767,1194
6,1,Westchester,Westchester,0.04596060271,0.04596060271,0,2021.88628597263,2021.93224657534,1196
6,7,Westchester,Westchester,0.01318250993,0.01318250993,0,2021.88628597263,2021.89946848256,1196
7,9,Westchester,Westchester,0.0154263802,0.02860889013,0.01318250993,2021.89946848256,2021.91489486276,1196
7,8,Westchester,Westchester,0.03374402757,0.0469265375,0.01318250993,2021.89946848256,2021.93321251013,1196
8,2,Westchester,Westchester,0.001034065205,0.047960602705,0.0469265375,2021.93321251013,2021.93424657534,1196
8,3,Westchester,Westchester,0.001034065205,0.047960602705,0.0469265375,2021.93321251013,2021.93424657534,1196
9,4,Westchester,Westchester,0.01935171258,0.04796060271,0.02860889013,2021.91489486276,2021.93424657534,1196
9,5,Westchester,Westchester,0.01935171258,0.04796060271,0.02860889013,2021.91489486276,2021.93424657534,1196
8,1,NewYork,Queens,0.09905845475,0.09905845475,0,2021.52643469593,2021.62549315068,1208
8,9,NewYork,NewYork,0.00367018238799999,0.00367018238799999,0,2021.52643469593,2021.53010487832,1208
9,13,NewYork,Nassau,0.01551085021,0.019181032598,0.00367018238799999,2021.53010487832,2021.54561572853,1208
9,10,NewYork,NewYork,0.02009780547,0.023767987858,0.00367018238799999,2021.53010487832,2021.55020268379,1208
10,2,NewYork,NewYork,0.003290466888,0.027058454746,0.023767987858,2021.55020268379,2021.55349315068,1208
13,6,Nassau,Nassau,0.01087742215,0.030058454748,0.019181032598,2021.54561572853,2021.55649315068,1208
13,7,Nassau,Kings,0.01087742215,0.030058454748,0.019181032598,2021.54561572853,2021.55649315068,1208
10,11,NewYork,Bronx,0.05540008796,0.079168075818,0.023767987858,2021.55020268379,2021.60560277175,1208
11,12,Bronx,Bronx,0.0235302179,0.102698293718,0.079168075818,2021.60560277175,2021.62913298965,1208
12,4,Bronx,Bronx,0.001360161028,0.104058454746,0.102698293718,2021.62913298965,2021.63049315068,1208
11,3,Bronx,Bronx,0.05289037893,0.132058454748,0.079168075818,2021.60560277175,2021.65849315068,1208
12,5,Bronx,Nassau,0.03936016103,0.142058454748,0.102698293718,2021.62913298965,2021.66849315068,1208
4,5,Queens,Queens,0.01257113062,0.01257113062,0,2021.65065111523,2021.66322224585,122
5,1,Queens,Queens,0.00451748018599998,0.017088610806,0.01257113062,2021.66322224585,2021.66773972604,122
5,2,Queens,Kings,0.01351748019,0.02608861081,0.01257113062,2021.66322224585,2021.67673972604,122
4,3,Queens,Queens,0.1520886108,0.1520886108,0,2021.65065111523,2021.80273972603,122
4,1,NewYork,NewYork,0.01428081679,0.01428081679,0,2021.72302055307,2021.73730136986,1225
4,5,NewYork,NewYork,0.05039379813,0.05039379813,0,2021.72302055307,2021.7734143512,1225
5,2,NewYork,NewYork,0.01288701866,0.06328081679,0.05039379813,2021.7734143512,2021.78630136986,1225
5,3,NewYork,NewYork,0.01288701866,0.06328081679,0.05039379813,2021.7734143512,2021.78630136986,1225
4,1,Nassau,Kings,0.006888618219,0.006888618219,0,2021.7035771352,2021.71046575342,1228
4,5,Nassau,Nassau,0.01172089163,0.01172089163,0,2021.7035771352,2021.71529802683,1228
5,2,Nassau,Nassau,0.02716772659,0.03888861822,0.01172089163,2021.71529802683,2021.74246575342,1228
5,3,Nassau,Nassau,0.02716772659,0.03888861822,0.01172089163,2021.71529802683,2021.74246575342,1228
7,8,Kings,Kings,0.004391574245,0.004391574245,0,2021.88120458009,2021.88559615433,1239
8,9,Kings,Kings,0.00224405385699999,0.006635628102,0.004391574245,2021.88559615433,2021.88784020819,1239
9,3,Kings,Kings,0.02254335345,0.029178981552,0.006635628102,2021.88784020819,2021.91038356164,1239
9,2,Kings,Kings,0.02454335345,0.031178981552,0.006635628102,2021.88784020819,2021.91238356164,1239
8,1,Kings,Kings,0.0357874073,0.040178981545,0.004391574245,2021.88559615433,2021.92138356164,1239
7,10,Kings,NewYork,0.05991594136,0.05991594136,0,2021.88120458009,2021.94112052145,1239
10,11,NewYork,NewYork,0.00226041384,0.0621763552,0.05991594136,2021.94112052145,2021.94338093529,1239
11,6,NewYork,NewYork,0.01000262635,0.07217898155,0.0621763552,2021.94338093529,2021.95338356164,1239
11,5,NewYork,Kings,0.01900262635,0.08117898155,0.0621763552,2021.94338093529,2021.96238356164,1239
10,4,NewYork,Suffolk,0.02326304019,0.08317898155,0.05991594136,2021.94112052145,2021.96438356164,1239
4,5,NewYork,NewYork,0.01492439924,0.01492439924,0,2021.50450515405,2021.51942955329,1284
5,1,NewYork,NewYork,0.01799510424,0.03291950348,0.01492439924,2021.51942955329,2021.53742465753,1284
5,2,NewYork,Westchester,0.02299510424,0.03791950348,0.01492439924,2021.51942955329,2021.54242465753,1284
4,3,NewYork,NewYork,0.04891950348,0.04891950348,0,2021.50450515405,2021.55342465753,1284
4,1,Westchester,NewYork,0.002053377389,0.002053377389,0,2021.60574114316,2021.60779452055,1287
4,5,Westchester,Westchester,0.001676101746,0.001676101746,0,2021.60574114316,2021.60741724491,1287
5,2,Westchester,Westchester,0.01437727564,0.016053377386,0.001676101746,2021.60741724491,2021.62179452055,1287
5,3,Westchester,Kings,0.04737727564,0.049053377386,0.001676101746,2021.60741724491,2021.65479452055,1287
7,1,Queens,Queens,0.07929227774,0.07929227774,0,2021.69861183185,2021.77790410959,1303
7,8,Queens,Queens,0.06399231301,0.06399231301,0,2021.69861183185,2021.76260414486,1303
8,2,Queens,Queens,0.01529996473,0.07929227774,0.06399231301,2021.76260414486,2021.77790410959,1303
8,9,Queens,Queens,0.03648728102,0.10047959403,0.06399231301,2021.76260414486,2021.79909142588,1303
9,10,Queens,Westchester,0.06651091757,0.1669905116,0.10047959403,2021.79909142588,2021.86560234345,1303
9,3,Queens,Queens,0.06681268371,0.16729227774,0.10047959403,2021.79909142588,2021.86590410959,1303
10,11,Westchester,Westchester,0.05259469487,0.21958520647,0.1669905116,2021.86560234345,2021.91819703832,1303
11,4,Westchester,Westchester,0.00270707127299999,0.222292277743,0.21958520647,2021.91819703832,2021.92090410959,1303
11,5,Westchester,NewYork,0.02970707127,0.24929227774,0.21958520647,2021.91819703832,2021.94790410959,1303
10,6,Westchester,Westchester,0.09330176614,0.26029227774,0.1669905116,2021.86560234345,2021.95890410959,1303
4,5,Suffolk,Suffolk,0.00286711843200001,0.00286711843200001,0,2021.49531576062,2021.49818287905,1316
5,2,Suffolk,Suffolk,0.03063903876,0.033506157192,0.00286711843200001,2021.49818287905,2021.52882191781,1316
5,1,Suffolk,Suffolk,0.07663903876,0.079506157192,0.00286711843200001,2021.49818287905,2021.57482191781,1316
4,3,Suffolk,Suffolk,0.08550615719,0.08550615719,0,2021.49531576062,2021.58082191781,1316
5,1,Suffolk,Suffolk,0.01572350288,0.01572350288,0,2021.74355046972,2021.7592739726,1322
5,6,Suffolk,Suffolk,0.04848639403,0.04848639403,0,2021.74355046972,2021.79203686375,1322
6,2,Suffolk,Suffolk,0.01323710885,0.06172350288,0.04848639403,2021.79203686375,2021.8052739726,1322
6,7,Suffolk,Suffolk,0.02936516345,0.07785155748,0.04848639403,2021.79203686375,2021.8214020272,1322
7,3,Suffolk,Suffolk,0.00587194540200001,0.083723502882,0.07785155748,2021.8214020272,2021.8272739726,1322
7,4,Suffolk,Kings,0.0388719454,0.11672350288,0.07785155748,2021.8214020272,2021.8602739726,1322
4,1,Bronx,Queens,0.0306667178,0.0306667178,0,2021.81864835069,2021.84931506849,1324
4,5,Bronx,Bronx,0.02746387913,0.02746387913,0,2021.81864835069,2021.84611222982,1324
5,2,Bronx,Bronx,0.003202838665,0.030666717795,0.02746387913,2021.84611222982,2021.84931506848,1324
5,3,Bronx,Bronx,0.003202838665,0.030666717795,0.02746387913,2021.84611222982,2021.84931506848,1324
10,11,NewYork,NewYork,0.009406900931,0.009406900931,0,2021.59819839671,2021.60760529765,1366
11,12,NewYork,NewYork,0.01568228696,0.025089187891,0.009406900931,2021.60760529765,2021.6232875846,1366
10,9,NewYork,Kings,0.03430845263,0.03430845263,0,2021.59819839671,2021.63250684934,1366
12,13,NewYork,NewYork,0.00954705034699999,0.034636238238,0.025089187891,2021.6232875846,2021.63283463495,1366
13,14,NewYork,NewYork,0.00822097137799999,0.042857209616,0.034636238238,2021.63283463495,2021.64105560633,1366
13,2,NewYork,Suffolk,0.01567221439,0.050308452628,0.034636238238,2021.63283463495,2021.64850684934,1366
14,3,NewYork,NewYork,0.02645124301,0.069308452626,0.042857209616,2021.64105560633,2021.66750684934,1366
11,8,NewYork,NewYork,0.0599015517,0.069308452631,0.009406900931,2021.60760529765,2021.66750684934,1366
12,1,NewYork,NewYork,0.06621926474,0.091308452631,0.025089187891,2021.6232875846,2021.68950684934,1366
14,15,NewYork,Nassau,0.05111052158,0.093967731196,0.042857209616,2021.64105560633,2021.69216612791,1366
15,4,Nassau,Nassau,0.02834072143,0.122308452626,0.093967731196,2021.69216612791,2021.72050684934,1366
15,16,Nassau,Nassau,0.05843209031,0.152399821506,0.093967731196,2021.69216612791,2021.75059821822,1366
16,5,Nassau,Nassau,0.04890863112,0.201308452626,0.152399821506,2021.75059821822,2021.79950684934,1366
16,17,Nassau,Nassau,0.0757758033,0.228175624806,0.152399821506,2021.75059821822,2021.82637402152,1366
17,6,Nassau,Nassau,0.01113282782,0.239308452626,0.228175624806,2021.82637402152,2021.83750684934,1366
17,7,Nassau,Nassau,0.1051328278,0.333308452606,0.228175624806,2021.82637402152,2021.93150684932,1366
5,6,Nassau,Nassau,0.004380735984,0.004380735984,0,2021.84216091514,2021.84654165112,1374
6,3,Nassau,Suffolk,0.0249241023,0.029304838284,0.004380735984,2021.84654165112,2021.87146575342,1374
5,4,Nassau,Nassau,0.04830483828,0.04830483828,0,2021.84216091514,2021.89046575342,1374
6,7,Nassau,Nassau,0.05371592232,0.058096658304,0.004380735984,2021.84654165112,2021.90025757344,1374
7,1,Nassau,Queens,0.03420817998,0.092304838284,0.058096658304,2021.90025757344,2021.93446575342,1374
7,2,Nassau,Nassau,0.04220817998,0.100304838284,0.058096658304,2021.90025757344,2021.94246575342,1374
9,1,NewYork,NewYork,0.04942247924,0.04942247924,0,2021.71434464404,2021.76376712328,1380
9,10,NewYork,NewYork,0.007715190072,0.007715190072,0,2021.71434464404,2021.72205983412,1380
10,11,NewYork,NewYork,0.00578101023300001,0.013496200305,0.007715190072,2021.72205983412,2021.72784084435,1380
11,12,NewYork,NewYork,0.00381750301199998,0.017313703317,0.013496200305,2021.72784084435,2021.73165834736,1380
12,14,NewYork,NewYork,0.000837872196700007,0.0181515755137,0.017313703317,2021.73165834736,2021.73249621956,1380
14,5,NewYork,Bronx,0.00427090373,0.0224224792437,0.0181515755137,2021.73249621956,2021.73676712329,1380
14,6,NewYork,NewYork,0.04827090373,0.0664224792437,0.0181515755137,2021.73249621956,2021.78076712329,1380
11,2,NewYork,Queens,0.06092627894,0.074422479245,0.013496200305,2021.72784084435,2021.78876712329,1380
12,13,NewYork,Westchester,0.1253738227,0.142687526017,0.017313703317,2021.73165834736,2021.85703217006,1380
10,15,NewYork,Kings,0.1635768287,0.171292018772,0.007715190072,2021.72205983412,2021.88563666282,1380
15,7,Kings,Richmond,0.0101304605,0.181422479272,0.171292018772,2021.88563666282,2021.89576712332,1380
15,8,Kings,Kings,0.0151304605,0.186422479272,0.171292018772,2021.88563666282,2021.90076712332,1380
13,4,Westchester,Westchester,0.06073495323,0.203422479247,0.142687526017,2021.85703217006,2021.91776712329,1380
13,3,Westchester,Westchester,0.07173495323,0.214422479247,0.142687526017,2021.85703217006,2021.92876712329,1380
4,5,Westchester,Westchester,0.002826509616,0.002826509616,0,2021.58969989536,2021.59252640498,1382
4,3,Westchester,Westchester,0.004820652588,0.004820652588,0,2021.58969989536,2021.59452054795,1382
5,1,Westchester,Westchester,0.001994142972,0.004820652588,0.002826509616,2021.59252640498,2021.59452054795,1382
5,2,Westchester,Westchester,0.001994142972,0.004820652588,0.002826509616,2021.59252640498,2021.59452054795,1382
4,1,Westchester,Westchester,0.03762847531,0.03762847531,0,2021.68831673017,2021.72594520548,1388
4,5,Westchester,Suffolk,0.04488847875,0.04488847875,0,2021.68831673017,2021.73320520892,1388
5,2,Suffolk,Suffolk,0.003739996563,0.048628475313,0.04488847875,2021.73320520892,2021.73694520548,1388
5,3,Suffolk,Suffolk,0.01473999656,0.05962847531,0.04488847875,2021.73320520892,2021.74794520548,1388
5,1,Suffolk,Suffolk,0.03312935789,0.03312935789,0,2021.4956377654,2021.52876712328,140
5,6,Suffolk,Suffolk,0.02433019088,0.02433019088,0,2021.4956377654,2021.51996795627,140
6,7,Suffolk,Suffolk,0.002886577515,0.027216768395,0.02433019088,2021.51996795627,2021.52285453379,140
6,2,Suffolk,Suffolk,0.005799167015,0.030129357895,0.02433019088,2021.51996795627,2021.52576712329,140
7,3,Suffolk,Suffolk,0.0059125895,0.033129357895,0.027216768395,2021.52285453379,2021.52876712329,140
7,4,Suffolk,Nassau,0.0059125895,0.033129357895,0.027216768395,2021.52285453379,2021.52876712329,140
8,9,Queens,Queens,0.09376345069,0.09376345069,0,2021.43638896424,2021.53015241493,1404
8,11,Queens,Queens,0.05136214828,0.05136214828,0,2021.43638896424,2021.48775111252,1404
11,12,Queens,Queens,0.00303702458299998,0.054399172863,0.05136214828,2021.48775111252,2021.4907881371,1404
12,13,Queens,Queens,0.02430594342,0.078705116283,0.054399172863,2021.4907881371,2021.51509408052,1404
11,4,Queens,Queens,0.03037217516,0.08173432344,0.05136214828,2021.48775111252,2021.51812328768,1404
12,5,Queens,Queens,0.04333515057,0.097734323433,0.054399172863,2021.4907881371,2021.53412328767,1404
13,6,Queens,Queens,0.01902920715,0.097734323433,0.078705116283,2021.51509408052,2021.53412328767,1404
13,7,Queens,Queens,0.02702920715,0.105734323433,0.078705116283,2021.51509408052,2021.54212328767,1404
9,1,Queens,Queens,0.03197087274,0.12573432343,0.09376345069,2021.53015241493,2021.56212328767,1404
9,10,Queens,Kings,0.1842001185,0.27796356919,0.09376345069,2021.53015241493,2021.71435253343,1404
10,2,Kings,Kings,0.02777075424,0.30573432343,0.27796356919,2021.71435253343,2021.74212328767,1404
10,3,Kings,Kings,0.05277075424,0.33073432343,0.27796356919,2021.71435253343,2021.76712328767,1404
8,1,Suffolk,Suffolk,0.00906422133099999,0.00906422133099999,0,2021.65671660061,2021.66578082194,1409
8,9,Suffolk,Suffolk,0.1161279673,0.1161279673,0,2021.65671660061,2021.77284456791,1409
9,10,Suffolk,Nassau,0.04477901193,0.16090697923,0.1161279673,2021.77284456791,2021.81762357984,1409
9,2,Suffolk,Suffolk,0.05193625403,0.16806422133,0.1161279673,2021.77284456791,2021.82478082194,1409
10,11,Nassau,Nassau,0.03246854916,0.19337552839,0.16090697923,2021.81762357984,2021.850092129,1409
11,3,Nassau,Nassau,0.01268869294,0.20606422133,0.19337552839,2021.850092129,2021.86278082194,1409
10,12,Nassau,Nassau,0.04595918998,0.20686616921,0.16090697923,2021.81762357984,2021.86358276982,1409
11,4,Nassau,Suffolk,0.03968869294,0.23306422133,0.19337552839,2021.850092129,2021.88978082194,1409
12,13,Nassau,Nassau,0.03766952382,0.24453569303,0.20686616921,2021.86358276982,2021.90125229364,1409
13,6,Nassau,Bronx,0.0465285283,0.29106422133,0.24453569303,2021.90125229364,2021.94778082194,1409
13,7,Nassau,Nassau,0.0575285283,0.30206422133,0.24453569303,2021.90125229364,2021.95878082194,1409
12,5,Nassau,Nassau,0.1281980521,0.33506422131,0.20686616921,2021.86358276982,2021.99178082192,1409
5,1,NewYork,NewYork,0.004432453875,0.004432453875,0,2021.60944425846,2021.61387671233,1416
5,6,NewYork,NewYork,0.002178701246,0.002178701246,0,2021.60944425846,2021.6116229597,1416
6,7,NewYork,NewYork,0.006223172958,0.008401874204,0.002178701246,2021.6116229597,2021.61784613266,1416
6,2,NewYork,NewYork,0.01325375263,0.015432453876,0.002178701246,2021.6116229597,2021.62487671233,1416
7,3,NewYork,NewYork,0.009030579671,0.017432453875,0.008401874204,2021.61784613266,2021.62687671233,1416
7,4,NewYork,NewYork,0.01503057967,0.023432453874,0.008401874204,2021.61784613266,2021.63287671233,1416
6,7,NewYork,NewYork,0.03502277863,0.03502277863,0,2021.48909753329,2021.52412031192,1418
6,9,NewYork,NewYork,0.01124847147,0.01124847147,0,2021.48909753329,2021.50034600476,1418
7,8,NewYork,NewYork,0.00743247596899999,0.042455254599,0.03502277863,2021.52412031192,2021.53155278789,1418
8,2,NewYork,NewYork,0.04163899291,0.084094247509,0.042455254599,2021.53155278789,2021.5731917808,1418
9,4,NewYork,NewYork,0.08084577603,0.0920942475,0.01124847147,2021.50034600476,2021.58119178079,1418
8,3,NewYork,Queens,0.06563899291,0.108094247509,0.042455254599,2021.53155278789,2021.5971917808,1418
9,5,NewYork,Queens,0.110845776,0.12209424747,0.01124847147,2021.50034600476,2021.61119178076,1418
7,1,NewYork,NewYork,0.1580714689,0.19309424753,0.03502277863,2021.52412031192,2021.68219178082,1418
4,5,Queens,Queens,0.006400471799,0.006400471799,0,2021.52865591933,2021.53505639113,1419
5,1,Queens,Queens,0.02702580065,0.033426272449,0.006400471799,2021.53505639113,2021.56208219178,1419
5,2,Queens,Queens,0.02702580065,0.033426272449,0.006400471799,2021.53505639113,2021.56208219178,1419
4,3,Queens,Queens,0.04942627245,0.04942627245,0,2021.52865591933,2021.57808219178,1419
4,1,Suffolk,Suffolk,0.1147470892,0.1147470892,0,2021.48991044506,2021.60465753426,145
4,5,Suffolk,Suffolk,0.08429507273,0.08429507273,0,2021.48991044506,2021.57420551779,145
5,2,Suffolk,Suffolk,0.01745201646,0.10174708919,0.08429507273,2021.57420551779,2021.59165753425,145
5,3,Suffolk,Suffolk,0.05045201646,0.13474708919,0.08429507273,2021.57420551779,2021.62465753425,145
5,1,Suffolk,Suffolk,0.04429277823,0.04429277823,0,2021.58046064643,2021.62475342466,1460
5,6,Suffolk,Nassau,0.0332100524,0.0332100524,0,2021.58046064643,2021.61367069883,1460
6,2,Nassau,Nassau,0.01308272583,0.04629277823,0.0332100524,2021.61367069883,2021.62675342466,1460
6,7,Nassau,Nassau,0.01336022536,0.04657027776,0.0332100524,2021.61367069883,2021.62703092419,1460
7,3,Nassau,Nassau,0.008722500473,0.055292778233,0.04657027776,2021.62703092419,2021.63575342466,1460
7,4,Nassau,Nassau,0.03872250047,0.08529277823,0.04657027776,2021.62703092419,2021.66575342466,1460
4,1,Nassau,Nassau,0.09741235089,0.09741235089,0,2021.82087532034,2021.91828767123,1461
4,5,Nassau,Nassau,0.03306553815,0.03306553815,0,2021.82087532034,2021.85394085849,1461
5,3,Nassau,Nassau,0.02034681274,0.05341235089,0.03306553815,2021.85394085849,2021.87428767123,1461
5,2,Nassau,Nassau,0.06934681274,0.10241235089,0.03306553815,2021.85394085849,2021.92328767123,1461
10,1,Kings,Queens,0.01114794059,0.01114794059,0,2021.58413973065,2021.59528767124,1474
10,11,Kings,Kings,0.00766411808699999,0.00766411808699999,0,2021.58413973065,2021.59180384873,1474
11,2,Kings,Kings,0.00548382249900001,0.013147940586,0.00766411808699999,2021.59180384873,2021.59728767123,1474
11,12,Kings,Kings,0.009898227206,0.017562345293,0.00766411808699999,2021.59180384873,2021.60170207594,1474
12,14,Kings,NewYork,0.02463286669,0.042195211983,0.017562345293,2021.60170207594,2021.62633494263,1474
14,15,NewYork,NewYork,0.007395349976,0.049590561959,0.042195211983,2021.62633494263,2021.63373029261,1474
12,13,Kings,Kings,0.03368378979,0.051246135083,0.017562345293,2021.60170207594,2021.63538586573,1474
15,6,NewYork,NewYork,0.002557378628,0.052147940587,0.049590561959,2021.63373029261,2021.63628767123,1474
15,16,NewYork,NewYork,0.01049372887,0.060084290829,0.049590561959,2021.63373029261,2021.64422402148,1474
16,17,NewYork,NewYork,0.008316315374,0.068400606203,0.060084290829,2021.64422402148,2021.65254033685,1474
17,8,NewYork,Suffolk,0.00774733438400001,0.076147940587,0.068400606203,2021.65254033685,2021.66028767123,1474
17,9,NewYork,Queens,0.01074733438,0.079147940583,0.068400606203,2021.65254033685,2021.66328767123,1474
16,7,NewYork,NewYork,0.01906364976,0.079147940589,0.060084290829,2021.64422402148,2021.66328767124,1474
14,5,NewYork,NewYork,0.0589527286,0.101147940583,0.042195211983,2021.62633494263,2021.68528767123,1474
13,4,Kings,Kings,0.0659018055,0.117147940583,0.051246135083,2021.63538586573,2021.70128767123,1474
13,3,Kings,Kings,0.0879018055,0.139147940583,0.051246135083,2021.63538586573,2021.72328767123,1474
6,1,NewYork,NewYork,0.00583852571,0.00583852571,0,2021.52047654278,2021.52631506849,15
6,7,NewYork,Westchester,0.0756279653,0.0756279653,0,2021.52047654278,2021.59610450808,15
7,8,Westchester,Westchester,0.009287407437,0.084915372737,0.0756279653,2021.59610450808,2021.60539191552,15
8,9,Westchester,Westchester,0.0324983483,0.117413721037,0.084915372737,2021.60539191552,2021.63789026382,15
8,5,Westchester,Westchester,0.04192315297,0.126838525707,0.084915372737,2021.60539191552,2021.64731506849,15
9,3,Westchester,Westchester,0.009424804673,0.12683852571,0.117413721037,2021.63789026382,2021.64731506849,15
9,4,Westchester,Westchester,0.009424804673,0.12683852571,0.117413721037,2021.63789026382,2021.64731506849,15
7,2,Westchester,Westchester,0.05321056041,0.12883852571,0.0756279653,2021.59610450808,2021.64931506849,15
6,7,Suffolk,Suffolk,0.07269435244,0.07269435244,0,2021.72380769453,2021.79650204697,150
6,8,Suffolk,Suffolk,0.06120842382,0.06120842382,0,2021.72380769453,2021.78501611835,150
8,3,Suffolk,Westchester,0.00987429260600001,0.071082716426,0.06120842382,2021.78501611835,2021.79489041096,150
8,9,Suffolk,Suffolk,0.05742974123,0.11863816505,0.06120842382,2021.78501611835,2021.84244585958,150
7,2,Suffolk,Queens,0.05838836399,0.13108271643,0.07269435244,2021.79650204697,2021.85489041096,150
9,4,Suffolk,Suffolk,0.02844455138,0.14708271643,0.11863816505,2021.84244585958,2021.87089041096,150
7,1,Suffolk,Suffolk,0.08238836399,0.15508271643,0.07269435244,2021.79650204697,2021.87889041096,150
9,5,Suffolk,Suffolk,0.05344455138,0.17208271643,0.11863816505,2021.84244585958,2021.89589041096,150
4,1,Queens,Queens,0.1184629105,0.1184629105,0,2021.73633161005,2021.85479452055,1519
4,5,Queens,Queens,0.023265938,0.023265938,0,2021.73633161005,2021.75959754805,1519
5,2,Queens,Queens,0.01819697253,0.04146291053,0.023265938,2021.75959754805,2021.77779452058,1519
5,3,Queens,Queens,0.01819697253,0.04146291053,0.023265938,2021.75959754805,2021.77779452058,1519
4,1,Nassau,Nassau,0.1117773393,0.1117773393,0,2021.83068841412,2021.94246575342,1523
4,5,Nassau,Nassau,0.05855088632,0.05855088632,0,2021.83068841412,2021.88923930044,1523
5,2,Nassau,Nassau,0.00422645298,0.0627773393,0.05855088632,2021.88923930044,2021.89346575342,1523
5,3,Nassau,Nassau,0.02922645298,0.0877773393,0.05855088632,2021.88923930044,2021.91846575342,1523
4,5,Nassau,Nassau,0.01167668949,0.01167668949,0,2021.86254926493,2021.87422595442,1525
5,2,Nassau,Nassau,0.01593842914,0.02761511863,0.01167668949,2021.87422595442,2021.89016438356,1525
4,3,Nassau,Nassau,0.03661511863,0.03661511863,0,2021.86254926493,2021.89916438356,1525
5,1,Nassau,Nassau,0.08193842914,0.09361511863,0.01167668949,2021.87422595442,2021.95616438356,1525
4,1,Nassau,Nassau,0.1292323558,0.1292323558,0,2021.79953476749,2021.92876712329,1531
4,5,Nassau,Nassau,0.05512564914,0.05512564914,0,2021.79953476749,2021.85466041663,1531
5,2,Nassau,Nassau,0.03510670663,0.09023235577,0.05512564914,2021.85466041663,2021.88976712326,1531
5,3,Nassau,Nassau,0.04110670663,0.09623235577,0.05512564914,2021.85466041663,2021.89576712326,1531
4,1,NewYork,NewYork,0.0191194085,0.0191194085,0,2021.58127785176,2021.60039726026,154
4,5,NewYork,NewYork,0.006842914026,0.006842914026,0,2021.58127785176,2021.58812076579,154
5,3,NewYork,NewYork,0.01527649448,0.022119408506,0.006842914026,2021.58812076579,2021.60339726027,154
5,2,NewYork,NewYork,0.03927649448,0.046119408506,0.006842914026,2021.58812076579,2021.62739726027,154
5,1,NewYork,NewYork,0.03340486767,0.03340486767,0,2021.65196499534,2021.68536986301,1564
5,6,NewYork,NewYork,0.01021346011,0.01021346011,0,2021.65196499534,2021.66217845545,1564
6,7,NewYork,Queens,0.01585228642,0.02606574653,0.01021346011,2021.66217845545,2021.67803074187,1564
6,4,NewYork,NewYork,0.03719140756,0.04740486767,0.01021346011,2021.66217845545,2021.69936986301,1564
7,2,Queens,Queens,0.02333912114,0.04940486767,0.02606574653,2021.67803074187,2021.70136986301,1564
7,3,Queens,Queens,0.02333912114,0.04940486767,0.02606574653,2021.67803074187,2021.70136986301,1564
4,1,Nassau,Nassau,0.009857166742,0.009857166742,0,2021.61175927162,2021.62161643836,1571
4,5,Nassau,Nassau,0.005769508562,0.005769508562,0,2021.61175927162,2021.61752878018,1571
5,2,Nassau,Nassau,0.00908765818,0.014857166742,0.005769508562,2021.61752878018,2021.62661643836,1571
5,3,Nassau,Nassau,0.01808765818,0.023857166742,0.005769508562,2021.61752878018,2021.63561643836,1571
4,1,Westchester,Westchester,0.04731499976,0.04731499976,0,2021.95816445229,2022.00547945205,1581
4,5,Westchester,Westchester,0.01101994828,0.01101994828,0,2021.95816445229,2021.96918440057,1581
5,2,Westchester,Westchester,0.006295051484,0.017314999764,0.01101994828,2021.96918440057,2021.97547945205,1581
5,3,Westchester,Westchester,0.009295051485,0.020314999765,0.01101994828,2021.96918440057,2021.97847945205,1581
6,1,Nassau,Queens,0.02094517025,0.02094517025,0,2021.80647948728,2021.82742465753,1586
6,7,Nassau,Nassau,0.02224025473,0.02224025473,0,2021.80647948728,2021.82871974201,1586
7,8,Nassau,Nassau,0.02462574248,0.04686599721,0.02224025473,2021.82871974201,2021.85334548449,1586
8,3,Nassau,Nassau,0.03707917304,0.08394517025,0.04686599721,2021.85334548449,2021.89042465753,1586
7,9,Nassau,Bronx,0.08294597851,0.10518623324,0.02224025473,2021.82871974201,2021.91166572052,1586
9,5,Bronx,Bronx,0.02575893701,0.13094517025,0.10518623324,2021.91166572052,2021.93742465753,1586
8,2,Nassau,Bronx,0.100079173,0.14694517021,0.04686599721,2021.85334548449,2021.95342465749,1586
9,4,Bronx,Bronx,0.04175893701,0.14694517025,0.10518623324,2021.91166572052,2021.95342465753,1586
11,1,Westchester,Westchester,0.006776561424,0.006776561424,0,2021.86382617831,2021.87060273973,1600
11,12,Westchester,Westchester,0.02572657507,0.02572657507,0,2021.86382617831,2021.88955275338,1600
12,14,Westchester,Westchester,0.04387876634,0.06960534141,0.02572657507,2021.88955275338,2021.93343151972,1600
14,15,Westchester,Westchester,0.01114395536,0.08074929677,0.06960534141,2021.93343151972,2021.94457547508,1600
12,13,Westchester,Westchester,0.05721080242,0.08293737749,0.02572657507,2021.88955275338,2021.9467635558,1600
15,16,Westchester,Westchester,0.002434982605,0.083184279375,0.08074929677,2021.94457547508,2021.94701045768,1600
16,18,Westchester,Westchester,0.001481273295,0.08466555267,0.083184279375,2021.94701045768,2021.94849173098,1600
16,17,Westchester,Westchester,0.00809618545600001,0.091280464831,0.083184279375,2021.94701045768,2021.95510664314,1600
14,4,Westchester,Westchester,0.02217122001,0.09177656142,0.06960534141,2021.93343151972,2021.95560273973,1600
15,5,Westchester,Westchester,0.01102726465,0.09177656142,0.08074929677,2021.94457547508,2021.95560273973,1600
13,3,Westchester,Westchester,0.008839183934,0.091776561424,0.08293737749,2021.9467635558,2021.95560273973,1600
18,8,Westchester,Westchester,0.01811100875,0.10277656142,0.08466555267,2021.94849173098,2021.96660273973,1600
18,19,Westchester,Westchester,0.02090227002,0.10556782269,0.08466555267,2021.94849173098,2021.969394001,1600
13,2,Westchester,Westchester,0.02583918393,0.10877656142,0.08293737749,2021.9467635558,2021.97260273973,1600
17,6,Westchester,Westchester,0.01749609659,0.108776561421,0.091280464831,2021.95510664314,2021.97260273973,1600
17,7,Westchester,Westchester,0.01749609659,0.108776561421,0.091280464831,2021.95510664314,2021.97260273973,1600
19,9,Westchester,Westchester,0.003208738734,0.108776561424,0.10556782269,2021.969394001,2021.97260273973,1600
19,10,Westchester,Westchester,0.003208738734,0.108776561424,0.10556782269,2021.969394001,2021.97260273973,1600
4,1,NewYork,NewYork,0.008583512676,0.008583512676,0,2021.76607402158,2021.77465753425,1603
4,5,NewYork,NewYork,0.008791501313,0.008791501313,0,2021.76607402158,2021.77486552289,1603
5,3,NewYork,NewYork,0.01079201136,0.019583512673,0.008791501313,2021.77486552289,2021.78565753425,1603
5,2,NewYork,Westchester,0.04979201136,0.058583512673,0.008791501313,2021.77486552289,2021.82465753425,1603
5,1,Nassau,Nassau,0.04546808747,0.04546808747,0,2021.7163812276,2021.76184931507,1608
5,6,Nassau,Nassau,0.06281555162,0.06281555162,0,2021.7163812276,2021.77919677922,1608
6,2,Nassau,Nassau,0.02065253585,0.08346808747,0.06281555162,2021.77919677922,2021.79984931507,1608
6,7,Nassau,Suffolk,0.05461496391,0.11743051553,0.06281555162,2021.77919677922,2021.83381174313,1608
7,3,Suffolk,Suffolk,0.04803757194,0.16546808747,0.11743051553,2021.83381174313,2021.88184931507,1608
7,4,Suffolk,Suffolk,0.07303757194,0.19046808747,0.11743051553,2021.83381174313,2021.90684931507,1608
4,1,Westchester,Westchester,0.01990698929,0.01990698929,0,2021.91251766824,2021.93242465753,1617
4,5,Westchester,Westchester,0.03128484121,0.03128484121,0,2021.91251766824,2021.94380250945,1617
5,2,Westchester,Westchester,0.007622148085,0.038906989295,0.03128484121,2021.94380250945,2021.95142465753,1617
5,3,Westchester,Westchester,0.009622148084,0.040906989294,0.03128484121,2021.94380250945,2021.95342465753,1617
7,8,NewYork,NewYork,0.000941846432099991,0.000941846432099991,0,2021.5820464832,2021.58298832963,1624
7,9,NewYork,NewYork,0.04538862987,0.04538862987,0,2021.5820464832,2021.62743511307,1624
9,3,NewYork,Kings,0.0304415993,0.07583022917,0.04538862987,2021.62743511307,2021.65787671237,1624
9,10,NewYork,Suffolk,0.05523381933,0.1006224492,0.04538862987,2021.62743511307,2021.6826689324,1624
10,11,Suffolk,Suffolk,0.00181624822599999,0.102438697426,0.1006224492,2021.6826689324,2021.68448518062,1624
10,4,Suffolk,Suffolk,0.00220777997299998,0.102830229173,0.1006224492,2021.6826689324,2021.68487671237,1624
11,5,Suffolk,Suffolk,0.03039153175,0.132830229176,0.102438697426,2021.68448518062,2021.71487671237,1624
11,6,Suffolk,Suffolk,0.03039153175,0.132830229176,0.102438697426,2021.68448518062,2021.71487671237,1624
8,1,NewYork,Suffolk,0.1758883827,0.1768302291321,0.000941846432099991,2021.58298832963,2021.75887671233,1624
8,2,NewYork,NewYork,0.2498883827,0.2508302291321,0.000941846432099991,2021.58298832963,2021.83287671233,1624
4,1,Westchester,Westchester,0.03755166041,0.03755166041,0,2021.56792779164,2021.60547945205,1628
4,5,Westchester,Westchester,0.02146609221,0.02146609221,0,2021.56792779164,2021.58939388385,1628
5,2,Westchester,Westchester,0.003085568203,0.024551660413,0.02146609221,2021.58939388385,2021.59247945205,1628
5,3,Westchester,Westchester,0.003085568203,0.024551660413,0.02146609221,2021.58939388385,2021.59247945205,1628
15,1,Nassau,Kings,0.06110509934,0.06110509934,0,2021.50926476364,2021.57036986298,163
15,16,Nassau,Nassau,0.02036087421,0.02036087421,0,2021.50926476364,2021.52962563785,163
16,18,Nassau,Nassau,0.00106563647500002,0.021426510685,0.02036087421,2021.52962563785,2021.53069127433,163
18,19,Nassau,Nassau,0.000806458661499976,0.0222329693465,0.021426510685,2021.53069127433,2021.53149773299,163
19,21,Nassau,Nassau,0.01628351928,0.0385164886265,0.0222329693465,2021.53149773299,2021.54778125227,163
21,23,Nassau,Nassau,0.00340505584100001,0.0419215444675,0.0385164886265,2021.54778125227,2021.55118630811,163
16,17,Nassau,Nassau,0.03853011079,0.058890985,0.02036087421,2021.52962563785,2021.56815574864,163
23,24,Nassau,Nassau,0.02799052276,0.0699120672275,0.0419215444675,2021.55118630811,2021.57917683087,163
19,20,Nassau,Nassau,0.05129574727,0.0735287166165,0.0222329693465,2021.53149773299,2021.58279348026,163
21,22,Nassau,Kings,0.04016542933,0.0786819179565,0.0385164886265,2021.54778125227,2021.5879466816,163
24,10,Nassau,Nassau,0.01019303211,0.0801050993375,0.0699120672275,2021.57917683087,2021.58936986298,163
24,25,Nassau,Nassau,0.01817778213,0.0880898493575,0.0699120672275,2021.57917683087,2021.597354613,163
25,26,Nassau,Nassau,0.004365630823,0.0924554801805,0.0880898493575,2021.597354613,2021.60172024382,163
25,11,Nassau,Nassau,0.006015249981,0.0941050993385,0.0880898493575,2021.597354613,2021.60336986298,163
26,12,Nassau,Nassau,0.00164961915800001,0.0941050993385,0.0924554801805,2021.60172024382,2021.60336986298,163
26,27,Nassau,Nassau,0.008229850182,0.1006853303625,0.0924554801805,2021.60172024382,2021.60995009401,163
18,4,Nassau,Kings,0.08067858865,0.102105099335,0.021426510685,2021.53069127433,2021.61136986298,163
17,3,Nassau,Kings,0.04321411434,0.10210509934,0.058890985,2021.56815574864,2021.61136986298,163
20,5,Nassau,Bronx,0.03157638272,0.1051050993365,0.0735287166165,2021.58279348026,2021.61436986298,163
17,2,Nassau,Westchester,0.05921411434,0.11810509934,0.058890985,2021.56815574864,2021.62736986298,163
27,14,Nassau,NewYork,0.01741976898,0.1181050993425,0.1006853303625,2021.60995009401,2021.62736986299,163
22,7,Kings,Kings,0.03942318139,0.1181050993465,0.0786819179565,2021.5879466816,2021.62736986299,163
22,8,Kings,Kings,0.03942318139,0.1181050993465,0.0786819179565,2021.5879466816,2021.62736986299,163
20,6,Nassau,Nassau,0.06657638272,0.1401050993365,0.0735287166165,2021.58279348026,2021.64936986298,163
27,13,Nassau,Suffolk,0.09141976898,0.1921050993425,0.1006853303625,2021.60995009401,2021.70136986299,163
23,9,Nassau,Nassau,0.1501835549,0.1921050993675,0.0419215444675,2021.55118630811,2021.70136986301,163
7,8,Nassau,Nassau,0.03459995505,0.03459995505,0,2021.81996056171,2021.85456051676,1635
7,9,Nassau,Nassau,0.03136970237,0.03136970237,0,2021.81996056171,2021.85133026408,1635
9,10,Nassau,Nassau,0.00350619505700001,0.034875897427,0.03136970237,2021.85133026408,2021.85483645914,1635
10,11,Nassau,Nassau,0.00439586397499999,0.039271761402,0.034875897427,2021.85483645914,2021.85923232312,1635
8,1,Nassau,Nassau,0.00498742843900001,0.039587383489,0.03459995505,2021.85456051676,2021.8595479452,1635
8,2,Nassau,Nassau,0.00498742843900001,0.039587383489,0.03459995505,2021.85456051676,2021.8595479452,1635
11,5,Nassau,Nassau,0.003315622091,0.042587383493,0.039271761402,2021.85923232312,2021.86254794521,1635
11,6,Nassau,Nassau,0.03331562209,0.072587383492,0.039271761402,2021.85923232312,2021.89254794521,1635
9,3,Nassau,Nassau,0.05821768112,0.08958738349,0.03136970237,2021.85133026408,2021.9095479452,1635
10,4,Nassau,Nassau,0.06571148607,0.100587383497,0.034875897427,2021.85483645914,2021.92054794521,1635
7,1,Nassau,Nassau,0.00817791123799999,0.00817791123799999,0,2021.82190428056,2021.8300821918,1638
7,8,Nassau,Nassau,0.00595183634900001,0.00595183634900001,0,2021.82190428056,2021.82785611691,1638
8,9,Nassau,Nassau,0.00259629526999999,0.008548131619,0.00595183634900001,2021.82785611691,2021.83045241218,1638
9,10,Nassau,Nassau,0.00237922781,0.010927359429,0.008548131619,2021.83045241218,2021.83283163999,1638
10,11,Nassau,Nassau,0.00901663851599999,0.019943997945,0.010927359429,2021.83283163999,2021.84184827851,1638
11,5,Nassau,Nassau,0.00223391329300002,0.022177911238,0.019943997945,2021.84184827851,2021.8440821918,1638
11,6,Nassau,Nassau,0.01823391329,0.038177911235,0.019943997945,2021.84184827851,2021.8600821918,1638
8,2,Nassau,Nassau,0.06522607489,0.071177911239,0.00595183634900001,2021.82785611691,2021.8930821918,1638
10,4,Nassau,Bronx,0.1042505518,0.115177911229,0.010927359429,2021.83283163999,2021.93708219179,1638
9,3,Nassau,Kings,0.1476297796,0.156177911219,0.008548131619,2021.83045241218,2021.97808219178,1638
6,1,Nassau,Nassau,0.01503027381,0.01503027381,0,2021.87495602756,2021.88998630137,1639
6,7,Nassau,Nassau,0.01309456671,0.01309456671,0,2021.87495602756,2021.88805059427,1639
7,8,Nassau,Nassau,0.005607910236,0.018702476946,0.01309456671,2021.88805059427,2021.89365850451,1639
8,3,Nassau,Nassau,0.002327796861,0.021030273807,0.018702476946,2021.89365850451,2021.89598630137,1639
7,2,Nassau,Nassau,0.0109357071,0.02403027381,0.01309456671,2021.88805059427,2021.89898630137,1639
8,9,Nassau,Nassau,0.008786782792,0.027489259738,0.018702476946,2021.89365850451,2021.9024452873,1639
9,4,Nassau,Kings,0.004541014069,0.032030273807,0.027489259738,2021.9024452873,2021.90698630137,1639
9,5,Nassau,Bronx,0.03454101407,0.062030273808,0.027489259738,2021.9024452873,2021.93698630137,1639
4,1,Nassau,Nassau,0.2040586994,0.2040586994,0,2021.75484541019,2021.95890410959,1644
4,5,Nassau,Nassau,0.1176851174,0.1176851174,0,2021.75484541019,2021.87253052759,1644
5,2,Nassau,Nassau,0.00937358203100001,0.127058699431,0.1176851174,2021.87253052759,2021.88190410962,1644
5,3,Nassau,Nassau,0.05637358203,0.17405869943,0.1176851174,2021.87253052759,2021.92890410962,1644
5,1,Suffolk,Suffolk,0.05210610487,0.05210610487,0,2021.87118156636,2021.92328767123,1648
5,6,Suffolk,Suffolk,0.01564146984,0.01564146984,0,2021.87118156636,2021.8868230362,1648
6,7,Suffolk,Suffolk,0.01361981803,0.02926128787,0.01564146984,2021.8868230362,2021.90044285423,1648
6,2,Suffolk,Suffolk,0.01446463503,0.03010610487,0.01564146984,2021.8868230362,2021.90128767123,1648
7,3,Suffolk,Suffolk,0.003844817003,0.033106104873,0.02926128787,2021.90044285423,2021.90428767123,1648
7,4,Suffolk,Westchester,0.022844817,0.05210610487,0.02926128787,2021.90044285423,2021.92328767123,1648
4,1,Nassau,Nassau,0.008974230781,0.008974230781,0,2021.58016275552,2021.5891369863,1656
4,5,Nassau,Nassau,0.03970104096,0.03970104096,0,2021.58016275552,2021.61986379648,1656
5,3,Nassau,Kings,0.007273189821,0.046974230781,0.03970104096,2021.61986379648,2021.6271369863,1656
5,2,Nassau,Nassau,0.01027318982,0.04997423078,0.03970104096,2021.61986379648,2021.6301369863,1656
4,1,NewYork,Queens,0.1074147226,0.1074147226,0,2021.56331130488,2021.67072602748,1676
4,5,NewYork,Kings,0.06986344812,0.06986344812,0,2021.56331130488,2021.633174753,1676
5,2,Kings,Kings,0.1035512744,0.17341472252,0.06986344812,2021.633174753,2021.7367260274,1676
5,3,Kings,Nassau,0.1065512744,0.17641472252,0.06986344812,2021.633174753,2021.7397260274,1676
8,9,Nassau,Nassau,0.01358487759,0.01358487759,0,2021.75284010563,2021.76642498322,1686
8,10,Nassau,Nassau,0.01097029626,0.01097029626,0,2021.75284010563,2021.76381040189,1686
9,2,Nassau,Nassau,0.04921885239,0.06280372998,0.01358487759,2021.76642498322,2021.81564383561,1686
10,11,Nassau,Nassau,0.1120404261,0.12301072236,0.01097029626,2021.76381040189,2021.87585082799,1686
11,12,Nassau,Nassau,0.02967543744,0.1526861598,0.12301072236,2021.87585082799,2021.90552626543,1686
12,13,Nassau,Nassau,0.01024373949,0.16292989929,0.1526861598,2021.90552626543,2021.91577000492,1686
11,4,Nassau,Nassau,0.04179300762,0.16480372998,0.12301072236,2021.87585082799,2021.91764383561,1686
12,5,Nassau,Nassau,0.01511757018,0.16780372998,0.1526861598,2021.90552626543,2021.92064383561,1686
10,3,Nassau,Nassau,0.1648334337,0.17580372996,0.01097029626,2021.76381040189,2021.92864383559,1686
13,6,Nassau,Nassau,0.01287383069,0.17580372998,0.16292989929,2021.91577000492,2021.92864383561,1686
13,7,Nassau,Bronx,0.02887383069,0.19180372998,0.16292989929,2021.91577000492,2021.94464383561,1686
9,1,Nassau,Nassau,0.1952188524,0.20880372999,0.01358487759,2021.76642498322,2021.96164383562,1686
4,1,Westchester,Westchester,0.01830160189,0.01830160189,0,2021.60857511044,2021.62687671233,169
4,5,Westchester,Westchester,0.00221547056,0.00221547056,0,2021.60857511044,2021.610790581,169
5,3,Westchester,Westchester,0.01608613133,0.01830160189,0.00221547056,2021.610790581,2021.62687671233,169
5,2,Westchester,Westchester,0.02208613133,0.02430160189,0.00221547056,2021.610790581,2021.63287671233,169
6,7,Westchester,Westchester,0.01813049216,0.01813049216,0,2021.61430007377,2021.63243056594,17
6,8,Westchester,Westchester,0.01804255775,0.01804255775,0,2021.61430007377,2021.63234263153,17
8,9,Westchester,Westchester,0.02191246437,0.03995502212,0.01804255775,2021.63234263153,2021.65425509589,17
7,2,Westchester,Westchester,0.02258313269,0.04071362485,0.01813049216,2021.63243056594,2021.65501369862,17
8,3,Westchester,Westchester,0.0306710671,0.04871362485,0.01804255775,2021.63234263153,2021.66301369863,17
7,1,Westchester,Westchester,0.03058313269,0.04871362485,0.01813049216,2021.63243056594,2021.66301369863,17
9,4,Westchester,Westchester,0.008758602735,0.048713624855,0.03995502212,2021.65425509589,2021.66301369863,17
9,5,Westchester,Westchester,0.008758602735,0.048713624855,0.03995502212,2021.65425509589,2021.66301369863,17
6,1,NewYork,Suffolk,0.06089189253,0.06089189253,0,2021.62383413486,2021.68472602739,1714
6,7,NewYork,NewYork,0.04012109095,0.04012109095,0,2021.62383413486,2021.66395522581,1714
7,8,NewYork,NewYork,0.04237918284,0.08250027379,0.04012109095,2021.66395522581,2021.70633440865,1714
8,3,NewYork,NewYork,0.003391618742,0.085891892532,0.08250027379,2021.70633440865,2021.70972602739,1714
7,2,NewYork,Queens,0.04777080158,0.08789189253,0.04012109095,2021.66395522581,2021.71172602739,1714
8,9,NewYork,NewYork,0.009948842327,0.092449116117,0.08250027379,2021.70633440865,2021.71628325098,1714
9,5,NewYork,NewYork,0.02044277642,0.112891892537,0.092449116117,2021.71628325098,2021.7367260274,1714
9,4,NewYork,Queens,0.02344277642,0.115891892537,0.092449116117,2021.71628325098,2021.7397260274,1714
8,9,NewYork,NewYork,0.03377192648,0.03377192648,0,2021.53508396839,2021.56885589487,172
9,12,NewYork,NewYork,0.01433025439,0.04810218087,0.03377192648,2021.56885589487,2021.58318614926,172
9,10,NewYork,NewYork,0.02722924153,0.06100116801,0.03377192648,2021.56885589487,2021.5960851364,172
8,7,NewYork,NewYork,0.06975164805,0.06975164805,0,2021.53508396839,2021.60483561644,172
10,11,NewYork,NewYork,0.01034700856,0.07134817657,0.06100116801,2021.5960851364,2021.60643214496,172
10,1,NewYork,NewYork,0.01475048004,0.07575164805,0.06100116801,2021.5960851364,2021.61083561644,172
11,3,NewYork,Kings,0.00740347147500001,0.078751648045,0.07134817657,2021.60643214496,2021.61383561643,172
11,2,NewYork,NewYork,0.01840347148,0.08975164805,0.07134817657,2021.60643214496,2021.62483561644,172
12,13,NewYork,NewYork,0.04165681933,0.0897590002,0.04810218087,2021.58318614926,2021.62484296859,172
12,4,NewYork,Kings,0.04364946718,0.09175164805,0.04810218087,2021.58318614926,2021.62683561644,172
13,5,NewYork,Kings,0.004992647846,0.094751648046,0.0897590002,2021.62484296859,2021.62983561644,172
13,6,NewYork,NewYork,0.01899264785,0.10875164805,0.0897590002,2021.62484296859,2021.64383561644,172
5,1,Westchester,Westchester,0.009816765193,0.009816765193,0,2021.64237501562,2021.65219178081,1731
5,6,Westchester,Westchester,0.01007592111,0.01007592111,0,2021.64237501562,2021.65245093673,1731
6,2,Westchester,Westchester,0.007740844088,0.017816765198,0.01007592111,2021.65245093673,2021.66019178082,1731
6,7,Westchester,Westchester,0.01506095295,0.02513687406,0.01007592111,2021.65245093673,2021.66751188968,1731
7,3,Westchester,Westchester,0.000679891135499999,0.0258167651955,0.02513687406,2021.66751188968,2021.66819178082,1731
7,4,Westchester,Westchester,0.01467989114,0.0398167652,0.02513687406,2021.66751188968,2021.68219178082,1731
5,1,NewYork,NewYork,0.004842210737,0.004842210737,0,2021.79555504954,2021.80039726027,1743
5,6,NewYork,NewYork,0.000535761981999998,0.000535761981999998,0,2021.79555504954,2021.79609081152,1743
6,7,NewYork,NewYork,0.001127706022,0.001663468004,0.000535761981999998,2021.79609081152,2021.79721851754,1743
7,3,NewYork,Kings,0.01717874273,0.018842210734,0.001663468004,2021.79721851754,2021.81439726027,1743
6,2,NewYork,NewYork,0.01830644876,0.018842210742,0.000535761981999998,2021.79609081152,2021.81439726028,1743
7,4,NewYork,NewYork,0.03017874273,0.031842210734,0.001663468004,2021.79721851754,2021.82739726027,1743
4,1,Queens,Queens,0.01045346552,0.01045346552,0,2021.75998489065,2021.77043835617,176
4,5,Queens,Queens,0.0349911634,0.0349911634,0,2021.75998489065,2021.79497605405,176
5,2,Queens,Queens,0.008462302114,0.043453465514,0.0349911634,2021.79497605405,2021.80343835616,176
5,3,Queens,Richmond,0.02146230211,0.05645346551,0.0349911634,2021.79497605405,2021.81643835616,176
5,1,Westchester,Westchester,0.07360967935,0.07360967935,0,2021.65877388229,2021.73238356164,1762
5,6,Westchester,Westchester,0.05216576605,0.05216576605,0,2021.65877388229,2021.71093964834,1762
6,2,Westchester,Westchester,0.0514439133,0.10360967935,0.05216576605,2021.71093964834,2021.76238356164,1762
6,7,Westchester,Westchester,0.05330820699,0.10547397304,0.05216576605,2021.71093964834,2021.76424785533,1762
7,3,Westchester,Westchester,0.000135706306699998,0.1056096793467,0.10547397304,2021.76424785533,2021.76438356164,1762
7,4,Westchester,Westchester,0.000135706306699998,0.1056096793467,0.10547397304,2021.76424785533,2021.76438356164,1762
4,1,Westchester,Westchester,0.006149775761,0.006149775761,0,2021.69813789547,2021.70428767123,1764
4,5,Westchester,Westchester,0.001477310457,0.001477310457,0,2021.69813789547,2021.69961520593,1764
5,2,Westchester,Westchester,0.007672465304,0.009149775761,0.001477310457,2021.69961520593,2021.70728767123,1764
5,3,Westchester,Westchester,0.0236724653,0.025149775757,0.001477310457,2021.69961520593,2021.72328767123,1764
4,5,Kings,Kings,0.007867059736,0.007867059736,0,2021.52864581058,2021.53651287032,1804
4,3,Kings,Kings,0.02721720312,0.02721720312,0,2021.52864581058,2021.5558630137,1804
5,1,Kings,Kings,0.03335014338,0.041217203116,0.007867059736,2021.53651287032,2021.5698630137,1804
5,2,Kings,Kings,0.03335014338,0.041217203116,0.007867059736,2021.53651287032,2021.5698630137,1804
5,1,Westchester,Westchester,0.1124136754,0.1124136754,0,2021.63223016024,2021.74464383564,1809
5,6,Westchester,Westchester,0.01695704242,0.01695704242,0,2021.63223016024,2021.64918720266,1809
6,7,Westchester,Westchester,0.09046371806,0.10742076048,0.01695704242,2021.64918720266,2021.73965092072,1809
6,2,Westchester,Westchester,0.09545663296,0.11241367538,0.01695704242,2021.64918720266,2021.74464383562,1809
7,4,Westchester,Westchester,0.004992914903,0.112413675383,0.10742076048,2021.73965092072,2021.74464383562,1809
7,3,Westchester,Westchester,0.0219929149,0.12941367538,0.10742076048,2021.73965092072,2021.76164383562,1809
4,1,Queens,Queens,0.007317243116,0.007317243116,0,2021.65280604455,2021.66012328767,1810
4,5,Queens,Queens,0.06737127429,0.06737127429,0,2021.65280604455,2021.72017731884,1810
5,2,Queens,Queens,0.005945968826,0.073317243116,0.06737127429,2021.72017731884,2021.72612328767,1810
5,3,Queens,Nassau,0.04694596883,0.11431724312,0.06737127429,2021.72017731884,2021.76712328767,1810
4,1,Queens,Queens,0.03348298479,0.03348298479,0,2021.8924211248,2021.92590410959,1811
4,5,Queens,Nassau,0.02294874781,0.02294874781,0,2021.8924211248,2021.91536987261,1811
5,2,Nassau,Nassau,0.03253423698,0.05548298479,0.02294874781,2021.91536987261,2021.94790410959,1811
5,3,Nassau,Nassau,0.04353423698,0.06648298479,0.02294874781,2021.91536987261,2021.95890410959,1811
4,1,NewYork,Nassau,0.003145342354,0.003145342354,0,2021.77759438367,2021.78073972603,1825
4,5,NewYork,NewYork,0.009816232319,0.009816232319,0,2021.77759438367,2021.78741061599,1825
5,3,NewYork,NewYork,0.009329110035,0.019145342354,0.009816232319,2021.78741061599,2021.79673972602,1825
5,2,NewYork,NewYork,0.01532911004,0.025145342359,0.009816232319,2021.78741061599,2021.80273972603,1825
4,1,Westchester,Westchester,0.09786160211,0.09786160211,0,2021.77885072666,2021.87671232877,1827
4,5,Westchester,Westchester,0.06497381532,0.06497381532,0,2021.77885072666,2021.84382454198,1827
5,3,Westchester,Westchester,0.002887786791,0.067861602111,0.06497381532,2021.84382454198,2021.84671232877,1827
5,2,Westchester,Westchester,0.01088778679,0.07586160211,0.06497381532,2021.84382454198,2021.85471232877,1827
4,5,Queens,Queens,0.03939307227,0.03939307227,0,2021.57458151657,2021.61397458884,1830
5,2,Queens,Queens,0.007902123485,0.047295195755,0.03939307227,2021.61397458884,2021.62187671233,1830
4,3,Queens,Queens,0.05029519576,0.05029519576,0,2021.57458151657,2021.62487671233,1830
5,1,Queens,Queens,0.01890212349,0.05829519576,0.03939307227,2021.61397458884,2021.63287671233,1830
5,1,Nassau,Nassau,0.001581302795,0.001581302795,0,2021.36059677939,2021.36217808218,184
5,6,Nassau,Nassau,0.03393490709,0.03393490709,0,2021.36059677939,2021.39453168648,184
6,7,Nassau,Nassau,0.004982300616,0.038917207706,0.03393490709,2021.39453168648,2021.3995139871,184
7,3,Nassau,Queens,0.003664095089,0.042581302795,0.038917207706,2021.3995139871,2021.40317808218,184
7,4,Nassau,Suffolk,0.003664095089,0.042581302795,0.038917207706,2021.3995139871,2021.40317808218,184
6,2,Nassau,Nassau,0.02464639571,0.0585813028,0.03393490709,2021.39453168648,2021.41917808219,184
5,6,NewYork,Kings,0.06925790619,0.06925790619,0,2021.40841327239,2021.47767117858,185
5,7,NewYork,NewYork,0.02649395985,0.02649395985,0,2021.40841327239,2021.43490723224,185
7,3,NewYork,NewYork,0.02765441159,0.05414837144,0.02649395985,2021.43490723224,2021.46256164383,185
6,1,Kings,Kings,0.000890465248800001,0.0701483714388,0.06925790619,2021.47767117858,2021.47856164383,185
6,2,Kings,Kings,0.03689046525,0.10614837144,0.06925790619,2021.47767117858,2021.51456164383,185
7,4,NewYork,Nassau,0.1486544116,0.17514837145,0.02649395985,2021.43490723224,2021.58356164384,185
6,1,Bronx,Bronx,0.006192492444,0.006192492444,0,2021.67876641167,2021.68495890411,1866
6,7,Bronx,Bronx,0.02874079588,0.02874079588,0,2021.67876641167,2021.70750720755,1866
7,8,Bronx,Bronx,0.0270550666,0.05579586248,0.02874079588,2021.70750720755,2021.73456227415,1866
8,2,Bronx,Queens,0.002396629964,0.058192492444,0.05579586248,2021.73456227415,2021.73695890411,1866
7,5,Bronx,Kings,0.05645169656,0.08519249244,0.02874079588,2021.70750720755,2021.76395890411,1866
8,9,Bronx,Bronx,0.06161908786,0.11741495034,0.05579586248,2021.73456227415,2021.79618136201,1866
9,3,Bronx,Bronx,0.0147775421,0.13219249244,0.11741495034,2021.79618136201,2021.81095890411,1866
9,4,Bronx,Bronx,0.0147775421,0.13219249244,0.11741495034,2021.79618136201,2021.81095890411,1866
4,1,Westchester,Westchester,0.002498719147,0.002498719147,0,2021.64495333564,2021.64745205479,1867
4,5,Westchester,Westchester,0.01086324301,0.01086324301,0,2021.64495333564,2021.65581657865,1867
5,3,Westchester,Westchester,0.002635476137,0.013498719147,0.01086324301,2021.65581657865,2021.65845205479,1867
5,2,Westchester,Westchester,0.02363547614,0.03449871915,0.01086324301,2021.65581657865,2021.67945205479,1867
6,7,Nassau,Nassau,0.03100593144,0.03100593144,0,2021.85689536247,2021.88790129391,1870
6,9,Nassau,Nassau,0.02189195662,0.02189195662,0,2021.85689536247,2021.87878731909,1870
7,1,Nassau,Nassau,0.00178363760500001,0.032789569045,0.03100593144,2021.88790129391,2021.88968493152,1870
9,5,Nassau,Nassau,0.01389761242,0.03578956904,0.02189195662,2021.87878731909,2021.89268493151,1870
7,8,Nassau,Suffolk,0.01438533621,0.04539126765,0.03100593144,2021.88790129391,2021.90228663012,1870
8,2,Suffolk,Suffolk,0.01539830139,0.06078956904,0.04539126765,2021.90228663012,2021.91768493151,1870
8,3,Suffolk,Suffolk,0.01539830139,0.06078956904,0.04539126765,2021.90228663012,2021.91768493151,1870
9,4,Nassau,Queens,0.07189761242,0.09378956904,0.02189195662,2021.87878731909,2021.95068493151,1870
4,1,Kings,Westchester,0.1223354652,0.1223354652,0,2021.63318508274,2021.75552054794,1875
4,5,Kings,Kings,0.01037184811,0.01037184811,0,2021.63318508274,2021.64355693085,1875
5,2,Kings,Kings,0.0519636171,0.06233546521,0.01037184811,2021.64355693085,2021.69552054795,1875
5,3,Kings,Kings,0.1509636171,0.16133546521,0.01037184811,2021.64355693085,2021.79452054795,1875
5,6,Queens,Queens,0.1248263785,0.1248263785,0,2021.68965508761,2021.81448146611,1895
5,7,Queens,Queens,0.009750252529,0.009750252529,0,2021.68965508761,2021.69940534014,1895
7,3,Queens,Queens,0.02369055027,0.033440802799,0.009750252529,2021.69940534014,2021.72309589041,1895
7,4,Queens,Queens,0.05369055027,0.063440802799,0.009750252529,2021.69940534014,2021.75309589041,1895
6,1,Queens,Queens,0.0106144243,0.1354408028,0.1248263785,2021.81448146611,2021.82509589041,1895
6,2,Queens,Queens,0.0266144243,0.1514408028,0.1248263785,2021.81448146611,2021.84109589041,1895
4,1,Kings,Kings,0.09019394387,0.09019394387,0,2021.77008002873,2021.8602739726,1898
4,5,Kings,Kings,0.02365481042,0.02365481042,0,2021.77008002873,2021.79373483915,1898
5,2,Kings,Kings,0.01753913345,0.04119394387,0.02365481042,2021.79373483915,2021.8112739726,1898
5,3,Kings,Queens,0.03353913345,0.05719394387,0.02365481042,2021.79373483915,2021.8272739726,1898
4,1,NewYork,Suffolk,0.00537193932299999,0.00537193932299999,0,2021.85431299219,2021.85968493151,1917
4,5,NewYork,NewYork,0.05407689755,0.05407689755,0,2021.85431299219,2021.90838988974,1917
5,2,NewYork,NewYork,0.001295041773,0.055371939323,0.05407689755,2021.90838988974,2021.90968493151,1917
5,3,NewYork,Nassau,0.04229504177,0.09637193932,0.05407689755,2021.90838988974,2021.95068493151,1917
5,1,Suffolk,Suffolk,0.04766156366,0.04766156366,0,2021.47810555963,2021.52576712329,1919
5,6,Suffolk,Suffolk,0.02232472547,0.02232472547,0,2021.47810555963,2021.5004302851,1919
6,7,Suffolk,Suffolk,0.0187676315,0.04109235697,0.02232472547,2021.5004302851,2021.5191979166,1919
7,2,Suffolk,Suffolk,0.006569206687,0.047661563657,0.04109235697,2021.5191979166,2021.52576712329,1919
7,3,Suffolk,Suffolk,0.006569206687,0.047661563657,0.04109235697,2021.5191979166,2021.52576712329,1919
6,4,Suffolk,Suffolk,0.02833683819,0.05066156366,0.02232472547,2021.5004302851,2021.52876712329,1919
4,5,NewYork,NewYork,0.00367353105,0.00367353105,0,2021.74313262841,2021.74680615946,1925
4,3,NewYork,Nassau,0.01551120721,0.01551120721,0,2021.74313262841,2021.75864383562,1925
5,1,NewYork,NewYork,0.01483767616,0.01851120721,0.00367353105,2021.74680615946,2021.76164383562,1925
5,2,NewYork,NewYork,0.01483767616,0.01851120721,0.00367353105,2021.74680615946,2021.76164383562,1925
4,1,NewYork,Queens,0.07448243007,0.07448243007,0,2021.66581893981,2021.74030136988,1939
4,5,NewYork,NewYork,0.01895002145,0.01895002145,0,2021.66581893981,2021.68476896126,1939
5,3,NewYork,Nassau,0.05753240862,0.07648243007,0.01895002145,2021.68476896126,2021.74230136988,1939
5,2,NewYork,NewYork,0.1015324086,0.12048243005,0.01895002145,2021.68476896126,2021.78630136986,1939
7,8,NewYork,NewYork,0.05948039461,0.05948039461,0,2021.49708169679,2021.5565620914,194
8,9,NewYork,NewYork,0.0162196427,0.07570003731,0.05948039461,2021.5565620914,2021.5727817341,194
9,2,NewYork,NewYork,0.000410046718800003,0.0761100840288,0.07570003731,2021.5727817341,2021.57319178082,194
7,6,NewYork,Queens,0.08111008403,0.08111008403,0,2021.49708169679,2021.57819178082,194
9,10,NewYork,Queens,0.007350010871,0.083050048181,0.07570003731,2021.5727817341,2021.58013174497,194
10,3,Queens,Queens,0.00406003584800001,0.087110084029,0.083050048181,2021.58013174497,2021.58419178082,194
10,11,Queens,Queens,0.0149817201,0.098031768281,0.083050048181,2021.58013174497,2021.59511346507,194
11,4,Queens,Queens,0.00207831574800001,0.100110084029,0.098031768281,2021.59511346507,2021.59719178082,194
8,1,NewYork,Kings,0.1226296894,0.18211008401,0.05948039461,2021.5565620914,2021.6791917808,194
11,5,Queens,Queens,0.08707831575,0.185110084031,0.098031768281,2021.59511346507,2021.68219178082,194
4,1,NewYork,NewYork,0.0262747192,0.0262747192,0,2021.56224582875,2021.58852054795,196
4,5,NewYork,NewYork,0.01251282667,0.01251282667,0,2021.56224582875,2021.57475865542,196
5,2,NewYork,Kings,0.01976189253,0.0322747192,0.01251282667,2021.57475865542,2021.59452054795,196
5,3,NewYork,NewYork,0.01976189253,0.0322747192,0.01251282667,2021.57475865542,2021.59452054795,196
4,1,Kings,Kings,0.09978165963,0.09978165963,0,2021.83994436777,2021.9397260274,1978
4,5,Kings,Westchester,0.00511640505200001,0.00511640505200001,0,2021.83994436777,2021.84506077282,1978
5,2,Westchester,Westchester,0.03366525458,0.038781659632,0.00511640505200001,2021.84506077282,2021.8787260274,1978
5,3,Westchester,Westchester,0.03366525458,0.038781659632,0.00511640505200001,2021.84506077282,2021.8787260274,1978
5,1,Nassau,Nassau,0.02303671173,0.02303671173,0,2021.502566028,2021.52560273973,1980
5,6,Nassau,Kings,0.2192097404,0.2192097404,0,2021.502566028,2021.7217757684,1980
6,2,Kings,Kings,0.01182697133,0.23103671173,0.2192097404,2021.7217757684,2021.73360273973,1980
6,7,Kings,Kings,0.02275545147,0.24196519187,0.2192097404,2021.7217757684,2021.74453121987,1980
7,4,Kings,Kings,0.01107151986,0.25303671173,0.24196519187,2021.74453121987,2021.75560273973,1980
7,3,Kings,Kings,0.02807151986,0.27003671173,0.24196519187,2021.74453121987,2021.77260273973,1980
4,1,NewYork,Queens,0.003384133102,0.003384133102,0,2021.612204908,2021.6155890411,1981
4,5,NewYork,NewYork,0.01639249713,0.01639249713,0,2021.612204908,2021.62859740513,1981
5,3,NewYork,NewYork,0.000991635972399998,0.0173841331024,0.01639249713,2021.62859740513,2021.6295890411,1981
5,2,NewYork,Nassau,0.08099163597,0.0973841331,0.01639249713,2021.62859740513,2021.7095890411,1981
4,1,Kings,Kings,0.06127675693,0.06127675693,0,2021.56586022937,2021.6271369863,1997
4,5,Kings,Kings,0.04677286728,0.04677286728,0,2021.56586022937,2021.61263309665,1997
5,3,Kings,Kings,0.003503889652,0.050276756932,0.04677286728,2021.61263309665,2021.6161369863,1997
5,2,Kings,Westchester,0.01750388965,0.06427675693,0.04677286728,2021.61263309665,2021.6301369863,1997
4,1,Nassau,Westchester,0.006140218,0.006140218,0,2021.54472279574,2021.55086301374,1999
4,5,Nassau,Nassau,0.06100738996,0.06100738996,0,2021.54472279574,2021.6057301857,1999
5,2,Nassau,Nassau,0.00213282804000001,0.063140218,0.06100738996,2021.6057301857,2021.60786301374,1999
5,3,Nassau,Suffolk,0.164132828,0.22514021796,0.06100738996,2021.6057301857,2021.7698630137,1999
4,1,Queens,Queens,0.002745037445,0.002745037445,0,2021.58147414064,2021.58421917808,2006
4,5,Queens,Queens,0.01470048878,0.01470048878,0,2021.58147414064,2021.59617462942,2006
5,3,Queens,Queens,0.007044548665,0.021745037445,0.01470048878,2021.59617462942,2021.60321917808,2006
5,2,Queens,Queens,0.01204454866,0.02674503744,0.01470048878,2021.59617462942,2021.60821917808,2006
5,6,Bronx,Bronx,0.006196438139,0.006196438139,0,2021.76661824967,2021.77281468781,2013
6,7,Bronx,Bronx,0.0007330551268,0.0069294932658,0.006196438139,2021.77281468781,2021.77354774294,2013
7,3,Bronx,Bronx,0.001534448844,0.0084639421098,0.0069294932658,2021.77354774294,2021.77508219178,2013
5,4,Bronx,Bronx,0.00846394211,0.00846394211,0,2021.76661824967,2021.77508219178,2013
6,1,Bronx,Bronx,0.002267503971,0.00846394211,0.006196438139,2021.77281468781,2021.77508219178,2013
7,2,Bronx,Bronx,0.004534448844,0.0114639421098,0.0069294932658,2021.77354774294,2021.77808219178,2013
8,1,Kings,Kings,0.00780537960800001,0.00780537960800001,0,2021.80305763407,2021.81086301368,2016
8,9,Kings,Kings,0.00810141726700001,0.00810141726700001,0,2021.80305763407,2021.81115905134,2016
9,11,Kings,Kings,0.02942293375,0.037524351017,0.00810141726700001,2021.81115905134,2021.84058198509,2016
11,12,Kings,NewYork,0.02785434801,0.065378699027,0.037524351017,2021.84058198509,2021.8684363331,2016
9,10,Kings,Nassau,0.06078816387,0.068889581137,0.00810141726700001,2021.81115905134,2021.87194721521,2016
12,13,NewYork,NewYork,0.00471887478499999,0.070097573812,0.065378699027,2021.8684363331,2021.87315520789,2016
13,6,NewYork,NewYork,0.000707805795699998,0.0708053796077,0.070097573812,2021.87315520789,2021.87386301368,2016
10,2,Nassau,Nassau,0.00991579847,0.078805379607,0.068889581137,2021.87194721521,2021.88186301368,2016
11,4,Kings,Kings,0.08028102859,0.117805379607,0.037524351017,2021.84058198509,2021.92086301368,2016
10,3,Nassau,Nassau,0.05991579847,0.128805379607,0.068889581137,2021.87194721521,2021.93186301368,2016
13,7,NewYork,NewYork,0.0717078058,0.141805379612,0.070097573812,2021.87315520789,2021.94486301368,2016
12,5,NewYork,Kings,0.1014266806,0.166805379627,0.065378699027,2021.8684363331,2021.9698630137,2016
5,1,Westchester,Westchester,0.01821009904,0.01821009904,0,2021.59806387356,2021.6162739726,2018
5,6,Westchester,Westchester,0.02875711243,0.02875711243,0,2021.59806387356,2021.62682098599,2018
6,7,Westchester,Westchester,0.00588032456900001,0.034637436999,0.02875711243,2021.62682098599,2021.63270131056,2018
6,2,Westchester,Bronx,0.02245298661,0.05121009904,0.02875711243,2021.62682098599,2021.6492739726,2018
7,3,Westchester,Westchester,0.01957266204,0.054210099039,0.034637436999,2021.63270131056,2021.6522739726,2018
7,4,Westchester,Westchester,0.02757266204,0.062210099039,0.034637436999,2021.63270131056,2021.6602739726,2018
4,1,NewYork,NewYork,0.02977346351,0.02977346351,0,2021.60573338586,2021.63550684937,2022
4,5,NewYork,NewYork,0.01052359386,0.01052359386,0,2021.60573338586,2021.61625697972,2022
5,3,NewYork,NewYork,0.09324986965,0.10377346351,0.01052359386,2021.61625697972,2021.70950684937,2022
5,2,NewYork,NewYork,0.1152498696,0.12577346346,0.01052359386,2021.61625697972,2021.73150684932,2022
6,7,NewYork,NewYork,0.00681674232900001,0.00681674232900001,0,2021.64877127196,2021.65558801428,2024
6,8,NewYork,NewYork,0.00331688643399999,0.00331688643399999,0,2021.64877127196,2021.65208815839,2024
7,1,NewYork,NewYork,0.00397362955399999,0.010790371883,0.00681674232900001,2021.65558801428,2021.65956164384,2024
7,2,NewYork,NewYork,0.00397362955399999,0.010790371883,0.00681674232900001,2021.65558801428,2021.65956164384,2024
8,3,NewYork,NewYork,0.01047348545,0.013790371884,0.00331688643399999,2021.65208815839,2021.66256164384,2024
8,9,NewYork,NewYork,0.02330803825,0.026624924684,0.00331688643399999,2021.65208815839,2021.67539619664,2024
9,5,NewYork,Bronx,0.00916544719899999,0.035790371883,0.026624924684,2021.67539619664,2021.68456164384,2024
9,4,NewYork,NewYork,0.1081654472,0.134790371884,0.026624924684,2021.67539619664,2021.78356164384,2024
4,1,Nassau,Richmond,0.05507526761,0.05507526761,0,2021.54784254061,2021.60291780822,2027
4,5,Nassau,Nassau,0.2243509679,0.2243509679,0,2021.54784254061,2021.77219350851,2027
5,2,Nassau,Westchester,0.01672429971,0.24107526761,0.2243509679,2021.77219350851,2021.78891780822,2027
5,3,Nassau,Nassau,0.04972429971,0.27407526761,0.2243509679,2021.77219350851,2021.82191780822,2027
6,1,Westchester,Westchester,0.08263723968,0.08263723968,0,2021.82695180142,2021.9095890411,204
6,7,Westchester,Westchester,0.00895698829700001,0.00895698829700001,0,2021.82695180142,2021.83590878972,204
7,8,Westchester,Westchester,0.00344964134699999,0.012406629644,0.00895698829700001,2021.83590878972,2021.83935843106,204
7,2,Westchester,Westchester,0.00468025138799999,0.013637239685,0.00895698829700001,2021.83590878972,2021.8405890411,204
8,3,Westchester,Westchester,0.001230610041,0.013637239685,0.012406629644,2021.83935843106,2021.8405890411,204
8,9,Westchester,Westchester,0.005834502874,0.018241132518,0.012406629644,2021.83935843106,2021.84519293394,204
9,4,Westchester,Westchester,0.006396107167,0.024637239685,0.018241132518,2021.84519293394,2021.8515890411,204
9,5,Westchester,Westchester,0.01239610717,0.030637239688,0.018241132518,2021.84519293394,2021.85758904111,204
6,7,NewYork,NewYork,0.0668489872,0.0668489872,0,2021.51082264883,2021.57767163603,2040
6,8,NewYork,NewYork,0.009883360984,0.009883360984,0,2021.51082264883,2021.52070600981,2040
8,9,NewYork,NewYork,0.005849195483,0.015732556467,0.009883360984,2021.52070600981,2021.5265552053,2040
9,4,NewYork,NewYork,0.06528041114,0.081012967607,0.015732556467,2021.5265552053,2021.59183561644,2040
8,3,NewYork,Kings,0.07112960663,0.081012967614,0.009883360984,2021.52070600981,2021.59183561644,2040
9,5,NewYork,Westchester,0.1092804111,0.125012967567,0.015732556467,2021.5265552053,2021.6358356164,2040
7,1,NewYork,NewYork,0.06316398041,0.13001296761,0.0668489872,2021.57767163603,2021.64083561644,2040
7,2,NewYork,Suffolk,0.06616398041,0.13301296761,0.0668489872,2021.57767163603,2021.64383561644,2040
4,1,NewYork,NewYork,0.01548228713,0.01548228713,0,2021.53742182246,2021.55290410959,2051
4,5,NewYork,NewYork,0.01615674182,0.01615674182,0,2021.53742182246,2021.55357856428,2051
5,2,NewYork,NewYork,0.00232554531,0.01848228713,0.01615674182,2021.55357856428,2021.55590410959,2051
5,3,NewYork,NewYork,0.00532554531,0.02148228713,0.01615674182,2021.55357856428,2021.55890410959,2051
6,7,NewYork,NewYork,0.00871141833,0.00871141833,0,2021.50783098644,2021.51654240477,2053
6,8,NewYork,NewYork,0.02200598988,0.02200598988,0,2021.50783098644,2021.52983697632,2053
8,9,NewYork,NewYork,0.01287192673,0.03487791661,0.02200598988,2021.52983697632,2021.54270890305,2053
9,4,NewYork,NewYork,0.01320890517,0.04808682178,0.03487791661,2021.54270890305,2021.55591780822,2053
9,5,NewYork,NewYork,0.02420890517,0.05908682178,0.03487791661,2021.54270890305,2021.56691780822,2053
7,1,NewYork,Suffolk,0.05637540345,0.06508682178,0.00871141833,2021.51654240477,2021.57291780822,2053
7,2,NewYork,Kings,0.1023754034,0.11108682173,0.00871141833,2021.51654240477,2021.61891780817,2053
8,3,NewYork,Nassau,0.0920808319,0.11408682178,0.02200598988,2021.52983697632,2021.62191780822,2053
5,1,Westchester,Westchester,0.1031504119,0.1031504119,0,2021.85301397166,2021.95616438356,2060
5,6,Westchester,Westchester,0.00143110576200001,0.00143110576200001,0,2021.85301397166,2021.85444507742,2060
6,7,Westchester,Westchester,0.05521913156,0.056650237322,0.00143110576200001,2021.85444507742,2021.90966420898,2060
6,2,Westchester,Westchester,0.06371930618,0.065150411942,0.00143110576200001,2021.85444507742,2021.9181643836,2060
7,4,Westchester,Westchester,0.01950017462,0.076150411942,0.056650237322,2021.90966420898,2021.9291643836,2060
7,3,Westchester,Westchester,0.02450017462,0.081150411942,0.056650237322,2021.90966420898,2021.9341643836,2060
4,1,Suffolk,Suffolk,0.05411977993,0.05411977993,0,2021.80341446665,2021.85753424658,2062
4,5,Suffolk,Westchester,0.009540802094,0.009540802094,0,2021.80341446665,2021.81295526874,2062
5,2,Westchester,Westchester,0.005578977832,0.015119779926,0.009540802094,2021.81295526874,2021.81853424658,2062
5,3,Westchester,Westchester,0.02457897783,0.034119779924,0.009540802094,2021.81295526874,2021.83753424657,2062
4,1,Bronx,Bronx,0.06234690265,0.06234690265,0,2021.58422843982,2021.64657534247,2065
4,5,Bronx,Bronx,0.04620965043,0.04620965043,0,2021.58422843982,2021.63043809025,2065
5,2,Bronx,Bronx,0.01613725222,0.06234690265,0.04620965043,2021.63043809025,2021.64657534247,2065
5,3,Bronx,Bronx,0.01613725222,0.06234690265,0.04620965043,2021.63043809025,2021.64657534247,2065
6,1,Kings,NewYork,0.1870913163,0.1870913163,0,2021.69027854669,2021.87736986299,2107
6,7,Kings,Kings,0.1880905113,0.1880905113,0,2021.69027854669,2021.87836905799,2107
7,8,Kings,Westchester,0.008006273673,0.196096784973,0.1880905113,2021.87836905799,2021.88637533167,2107
7,2,Kings,Kings,0.01000080502,0.19809131632,0.1880905113,2021.87836905799,2021.88836986301,2107
8,3,Westchester,Westchester,0.00699453134399999,0.203091316317,0.196096784973,2021.88637533167,2021.89336986301,2107
8,9,Westchester,Westchester,0.009083304312,0.205180089285,0.196096784973,2021.88637533167,2021.89545863598,2107
9,4,Westchester,Westchester,0.005911227032,0.211091316317,0.205180089285,2021.89545863598,2021.90136986301,2107
9,5,Westchester,Westchester,0.005911227032,0.211091316317,0.205180089285,2021.89545863598,2021.90136986301,2107
4,1,NewYork,NewYork,0.02745407754,0.02745407754,0,2021.59912126493,2021.62657534247,2127
4,5,NewYork,NewYork,0.02543322119,0.02543322119,0,2021.59912126493,2021.62455448612,2127
5,3,NewYork,NewYork,0.002020856349,0.027454077539,0.02543322119,2021.62455448612,2021.62657534247,2127
5,2,NewYork,NewYork,0.02202085635,0.04745407754,0.02543322119,2021.62455448612,2021.64657534247,2127
4,1,NewYork,NewYork,0.002189859522,0.002189859522,0,2021.74567315418,2021.7478630137,2176
4,5,NewYork,NewYork,0.009510788509,0.009510788509,0,2021.74567315418,2021.75518394269,2176
5,3,NewYork,NewYork,0.0006790710131,0.0101898595221,0.009510788509,2021.75518394269,2021.7558630137,2176
5,2,NewYork,Nassau,0.01467907101,0.024189859519,0.009510788509,2021.75518394269,2021.7698630137,2176
4,1,Westchester,Westchester,0.01694340037,0.01694340037,0,2021.62411139415,2021.64105479452,2227
4,5,Westchester,Westchester,0.01550439896,0.01550439896,0,2021.62411139415,2021.63961579311,2227
5,3,Westchester,Westchester,0.001439001407,0.016943400367,0.01550439896,2021.63961579311,2021.64105479452,2227
5,2,Westchester,Westchester,0.01243900141,0.02794340037,0.01550439896,2021.63961579311,2021.65205479452,2227
4,5,Westchester,Westchester,0.02242088773,0.02242088773,0,2021.90982831169,2021.93224919942,2232
4,3,Westchester,Westchester,0.03263744173,0.03263744173,0,2021.90982831169,2021.94246575342,2232
5,1,Westchester,Westchester,0.010216554,0.03263744173,0.02242088773,2021.93224919942,2021.94246575342,2232
5,2,Westchester,Westchester,0.010216554,0.03263744173,0.02242088773,2021.93224919942,2021.94246575342,2232
4,1,Nassau,Queens,0.09824306106,0.09824306106,0,2021.87435967867,2021.97260273973,2235
4,5,Nassau,Nassau,0.04776362037,0.04776362037,0,2021.87435967867,2021.92212329904,2235
5,2,Nassau,Nassau,0.01147944069,0.05924306106,0.04776362037,2021.92212329904,2021.93360273973,2235
5,3,Nassau,Nassau,0.01147944069,0.05924306106,0.04776362037,2021.92212329904,2021.93360273973,2235
7,1,Kings,Kings,0.05389622226,0.05389622226,0,2021.52091199692,2021.57480821918,2249
7,8,Kings,Kings,0.01621880138,0.01621880138,0,2021.52091199692,2021.5371307983,2249
8,9,Kings,Westchester,0.03906718128,0.05528598266,0.01621880138,2021.5371307983,2021.57619797958,2249
8,6,Kings,Kings,0.04667742088,0.06289622226,0.01621880138,2021.5371307983,2021.58380821918,2249
9,2,Westchester,Westchester,0.0186102396,0.07389622226,0.05528598266,2021.57619797958,2021.59480821918,2249
9,10,Westchester,Westchester,0.1033692151,0.15865519776,0.05528598266,2021.57619797958,2021.67956719468,2249
10,3,Westchester,Queens,0.09524102448,0.25389622224,0.15865519776,2021.67956719468,2021.77480821916,2249
10,11,Westchester,Westchester,0.2156985833,0.37435378106,0.15865519776,2021.67956719468,2021.89526577798,2249
11,4,Westchester,Westchester,0.0145424412,0.38889622226,0.37435378106,2021.89526577798,2021.90980821918,2249
11,5,Westchester,Westchester,0.0225424412,0.39689622226,0.37435378106,2021.89526577798,2021.91780821918,2249
14,15,Nassau,Nassau,0.00160209763499999,0.00160209763499999,0,2021.83688851195,2021.83849060959,2256
15,21,Nassau,Nassau,0.0166187696,0.018220867235,0.00160209763499999,2021.83849060959,2021.85510937919,2256
15,16,Nassau,Nassau,0.02946995081,0.031072048445,0.00160209763499999,2021.83849060959,2021.8679605604,2256
21,22,Nassau,Nassau,0.01504551421,0.033266381445,0.018220867235,2021.85510937919,2021.8701548934,2256
21,7,Nassau,Kings,0.0299317167,0.048152583935,0.018220867235,2021.85510937919,2021.88504109589,2256
22,8,Nassau,Kings,0.01488620249,0.048152583935,0.033266381445,2021.8701548934,2021.88504109589,2256
16,17,Nassau,Nassau,0.02925563857,0.060327687015,0.031072048445,2021.8679605604,2021.89721619897,2256
22,23,Nassau,Nassau,0.02899466859,0.062261050035,0.033266381445,2021.8701548934,2021.89914956199,2256
17,18,Nassau,Nassau,0.00533409199700001,0.065661779012,0.060327687015,2021.89721619897,2021.90255029097,2256
23,9,Nassau,Nassau,0.00789153389699999,0.070152583932,0.062261050035,2021.89914956199,2021.90704109589,2256
14,13,Nassau,Nassau,0.07015258394,0.07015258394,0,2021.83688851195,2021.90704109589,2256
18,20,Nassau,Richmond,0.0173392043,0.083000983312,0.065661779012,2021.90255029097,2021.91988949527,2256
23,24,Nassau,Nassau,0.02128054482,0.083541594855,0.062261050035,2021.89914956199,2021.92043010681,2256
24,10,Nassau,Richmond,0.01161098908,0.095152583935,0.083541594855,2021.92043010681,2021.93204109589,2256
18,19,Nassau,Westchester,0.03159123271,0.097253011722,0.065661779012,2021.90255029097,2021.93414152368,2256
20,4,Richmond,Richmond,0.01715160062,0.100152583932,0.083000983312,2021.91988949527,2021.93704109589,2256
19,3,Westchester,Westchester,0.002899572214,0.100152583936,0.097253011722,2021.93414152368,2021.93704109589,2256
20,5,Richmond,Richmond,0.02015160062,0.103152583932,0.083000983312,2021.91988949527,2021.94004109589,2256
24,25,Nassau,Nassau,0.0198456197,0.103387214555,0.083541594855,2021.92043010681,2021.94027572651,2256
25,12,Nassau,Nassau,0.00176536938000001,0.105152583935,0.103387214555,2021.94027572651,2021.94204109589,2256
19,2,Westchester,Westchester,0.00789957221400001,0.105152583936,0.097253011722,2021.93414152368,2021.94204109589,2256
17,6,Nassau,Nassau,0.05382489692,0.114152583935,0.060327687015,2021.89721619897,2021.95104109589,2256
16,1,Nassau,Suffolk,0.1180805355,0.149152583945,0.031072048445,2021.8679605604,2021.9860410959,2256
25,11,Nassau,NewYork,0.04876536938,0.152152583935,0.103387214555,2021.94027572651,2021.98904109589,2256
6,7,Kings,Kings,0.03738705186,0.03738705186,0,2021.80654595704,2021.8439330089,2259
7,1,Kings,Kings,0.00283411438699999,0.040221166247,0.03738705186,2021.8439330089,2021.84676712329,2259
7,8,Kings,Kings,0.00703605334299999,0.044423105203,0.03738705186,2021.8439330089,2021.85096906224,2259
8,2,Kings,Kings,0.000798061043799994,0.0452211662468,0.044423105203,2021.85096906224,2021.85176712329,2259
8,3,Kings,Kings,0.000798061043799994,0.0452211662468,0.044423105203,2021.85096906224,2021.85176712329,2259
6,9,Kings,Kings,0.1036078419,0.1036078419,0,2021.80654595704,2021.91015379894,2259
9,4,Kings,Kings,0.01561332435,0.11922116625,0.1036078419,2021.91015379894,2021.92576712329,2259
9,5,Kings,Kings,0.01861332435,0.12222116625,0.1036078419,2021.91015379894,2021.92876712329,2259
4,1,NewYork,Nassau,0.02452090204,0.02452090204,0,2021.60880786508,2021.63332876712,226
4,5,NewYork,Queens,0.04537985124,0.04537985124,0,2021.60880786508,2021.65418771632,226
5,3,Queens,Queens,0.0311410508,0.07652090204,0.04537985124,2021.65418771632,2021.68532876712,226
5,2,Queens,Nassau,0.0581410508,0.10352090204,0.04537985124,2021.65418771632,2021.71232876712,226
4,1,Nassau,Nassau,0.01266431241,0.01266431241,0,2021.85493842732,2021.86760273973,2263
4,5,Nassau,Nassau,0.05207730899,0.05207730899,0,2021.85493842732,2021.90701573631,2263
5,3,Nassau,Suffolk,0.004587003416,0.056664312406,0.05207730899,2021.90701573631,2021.91160273973,2263
5,2,Nassau,Queens,0.06558700342,0.11766431241,0.05207730899,2021.90701573631,2021.97260273973,2263
12,13,Queens,Queens,0.07249607058,0.07249607058,0,2021.82234746681,2021.89484353739,2287
12,14,Queens,Nassau,0.0178370883,0.0178370883,0,2021.82234746681,2021.84018455511,2287
14,15,Nassau,Nassau,0.00310950625699999,0.020946594557,0.0178370883,2021.84018455511,2021.84329406137,2287
15,16,Nassau,Queens,0.00572021815500001,0.026666812712,0.020946594557,2021.84329406137,2021.84901427952,2287
16,20,Queens,Queens,0.002823576552,0.029490389264,0.026666812712,2021.84901427952,2021.85183785608,2287
20,21,Queens,Queens,0.009173427555,0.038663816819,0.029490389264,2021.85183785608,2021.86101128363,2287
20,9,Queens,Queens,0.01155940416,0.041049793424,0.029490389264,2021.85183785608,2021.86339726024,2287
16,17,Queens,Queens,0.02108698623,0.047753798942,0.026666812712,2021.84901427952,2021.87010126576,2287
14,3,Nassau,Kings,0.06421270513,0.08204979343,0.0178370883,2021.84018455511,2021.90439726024,2287
21,10,Queens,Queens,0.04938597661,0.088049793429,0.038663816819,2021.86101128363,2021.91039726024,2287
21,11,Queens,Nassau,0.04938597661,0.088049793429,0.038663816819,2021.86101128363,2021.91039726024,2287
17,18,Queens,Queens,0.05587701131,0.103630810252,0.047753798942,2021.87010126576,2021.92597827707,2287
18,19,Queens,Queens,0.001626103212,0.105256913464,0.103630810252,2021.92597827707,2021.92760438028,2287
17,5,Queens,Queens,0.05929599448,0.107049793422,0.047753798942,2021.87010126576,2021.92939726023,2287
13,1,Queens,Queens,0.03455372285,0.10704979343,0.07249607058,2021.89484353739,2021.92939726024,2287
18,6,Queens,Queens,0.00841898317500001,0.112049793427,0.103630810252,2021.92597827707,2021.93439726024,2287
19,8,Queens,Queens,0.01279287996,0.118049793424,0.105256913464,2021.92760438028,2021.94039726024,2287
13,2,Queens,Queens,0.05355372285,0.12604979343,0.07249607058,2021.89484353739,2021.94839726024,2287
19,7,Queens,NewYork,0.09179287996,0.197049793424,0.105256913464,2021.92760438028,2022.01939726024,2287
15,4,Nassau,Suffolk,0.1841031989,0.205049793457,0.020946594557,2021.84329406137,2022.02739726027,2287
4,5,Westchester,Westchester,0.06038021643,0.06038021643,0,2021.58930038577,2021.6496806022,2290
4,3,Westchester,Westchester,0.07419276491,0.07419276491,0,2021.58930038577,2021.66349315068,2290
5,1,Westchester,Westchester,0.01681254848,0.07719276491,0.06038021643,2021.6496806022,2021.66649315068,2290
5,2,Westchester,Westchester,0.01881254848,0.07919276491,0.06038021643,2021.6496806022,2021.66849315068,2290
5,1,Queens,Queens,0.008976172286,0.008976172286,0,2021.54228410168,2021.55126027397,2329
5,6,Queens,Queens,0.007837603278,0.007837603278,0,2021.54228410168,2021.55012170496,2329
6,7,Queens,Queens,0.0000999345423000064,0.0079375378203,0.007837603278,2021.55012170496,2021.5502216395,2329
6,2,Queens,Queens,0.03413856901,0.041976172288,0.007837603278,2021.55012170496,2021.58426027397,2329
7,3,Queens,Queens,0.04203863447,0.0499761722903,0.0079375378203,2021.5502216395,2021.59226027397,2329
7,4,Queens,Queens,0.04703863447,0.0549761722903,0.0079375378203,2021.5502216395,2021.59726027397,2329
4,1,Suffolk,Suffolk,0.09418968666,0.09418968666,0,2021.68115277909,2021.77534246575,2342
4,5,Suffolk,Suffolk,0.03449808478,0.03449808478,0,2021.68115277909,2021.71565086387,2342
5,2,Suffolk,Suffolk,0.01069160188,0.04518968666,0.03449808478,2021.71565086387,2021.72634246575,2342
5,3,Suffolk,Suffolk,0.05469160188,0.08918968666,0.03449808478,2021.71565086387,2021.77034246575,2342
4,5,NewYork,NewYork,0.00360843677799999,0.00360843677799999,0,2021.53164953861,2021.53525797539,235
5,1,NewYork,Bronx,0.05697490137,0.060583338148,0.00360843677799999,2021.53525797539,2021.59223287676,235
5,2,NewYork,NewYork,0.08397490137,0.087583338148,0.00360843677799999,2021.53525797539,2021.61923287676,235
4,3,NewYork,Westchester,0.1395833381,0.1395833381,0,2021.53164953861,2021.67123287671,235
4,5,Kings,Kings,0.001902230516,0.001902230516,0,2021.78198093401,2021.78388316453,2371
4,3,Kings,Kings,0.009799887909,0.009799887909,0,2021.78198093401,2021.79178082192,2371
5,1,Kings,Kings,0.007897657393,0.009799887909,0.001902230516,2021.78388316453,2021.79178082192,2371
5,2,Kings,Kings,0.007897657393,0.009799887909,0.001902230516,2021.78388316453,2021.79178082192,2371
5,1,NewYork,NewYork,0.06234193164,0.06234193164,0,2021.55402793137,2021.61636986301,2384
5,6,NewYork,NewYork,0.01899347016,0.01899347016,0,2021.55402793137,2021.57302140153,2384
6,7,NewYork,NewYork,0.03396253761,0.05295600777,0.01899347016,2021.57302140153,2021.60698393914,2384
7,2,NewYork,NewYork,0.007385923871,0.060341931641,0.05295600777,2021.60698393914,2021.61436986301,2384
6,4,NewYork,NewYork,0.06534846148,0.08434193164,0.01899347016,2021.57302140153,2021.63836986301,2384
7,3,NewYork,NewYork,0.09438592387,0.14734193164,0.05295600777,2021.60698393914,2021.70136986301,2384
5,1,Queens,Queens,0.2056549521,0.2056549521,0,2021.47927655475,2021.68493150685,2386
5,6,Queens,Queens,0.1083980046,0.1083980046,0,2021.47927655475,2021.58767455935,2386
6,7,Queens,Queens,0.0102298226,0.1186278272,0.1083980046,2021.58767455935,2021.59790438195,2386
6,2,Queens,Queens,0.01225694753,0.12065495213,0.1083980046,2021.58767455935,2021.59993150688,2386
7,3,Queens,Queens,0.00202712493399999,0.120654952134,0.1186278272,2021.59790438195,2021.59993150688,2386
7,4,Queens,Queens,0.00202712493399999,0.120654952134,0.1186278272,2021.59790438195,2021.59993150688,2386
7,8,Kings,Kings,0.01036643402,0.01036643402,0,2021.64635085559,2021.65671728961,2390
8,9,Kings,Kings,0.000603792774400008,0.0109702267944,0.01036643402,2021.65671728961,2021.65732108238,2390
8,1,Kings,Kings,0.02862517614,0.03899161016,0.01036643402,2021.65671728961,2021.68534246575,2390
7,6,Kings,Kings,0.06099161016,0.06099161016,0,2021.64635085559,2021.70734246575,2390
9,2,Kings,Kings,0.05302138337,0.0639916101644,0.0109702267944,2021.65732108238,2021.71034246575,2390
9,10,Kings,Kings,0.0552389997,0.0662092264944,0.0109702267944,2021.65732108238,2021.71256008208,2390
10,11,Kings,Kings,0.002540089452,0.0687493159464,0.0662092264944,2021.71256008208,2021.71510017153,2390
11,4,Kings,Kings,0.01924229422,0.0879916101664,0.0687493159464,2021.71510017153,2021.73434246575,2390
11,5,Kings,Queens,0.05224229422,0.1209916101664,0.0687493159464,2021.71510017153,2021.76734246575,2390
10,3,Kings,Queens,0.06278238367,0.1289916101644,0.0662092264944,2021.71256008208,2021.77534246575,2390
4,1,Queens,Westchester,0.1018590722,0.1018590722,0,2021.72279846205,2021.82465753425,2393
4,5,Queens,Queens,0.01672809007,0.01672809007,0,2021.72279846205,2021.73952655212,2393
5,2,Queens,Queens,0.000130982112500011,0.0168590721825,0.01672809007,2021.73952655212,2021.73965753423,2393
5,3,Queens,Westchester,0.01613098211,0.03285907218,0.01672809007,2021.73952655212,2021.75565753423,2393
4,1,Kings,Kings,0.04599753606,0.04599753606,0,2021.73171479268,2021.77771232874,2395
4,5,Kings,Kings,0.02664694079,0.02664694079,0,2021.73171479268,2021.75836173347,2395
5,2,Kings,Kings,0.1123505953,0.13899753609,0.02664694079,2021.75836173347,2021.87071232877,2395
5,3,Kings,Kings,0.1183505953,0.14499753609,0.02664694079,2021.75836173347,2021.87671232877,2395
4,1,Queens,Queens,0.01802180979,0.01802180979,0,2021.63677271075,2021.65479452055,2397
4,5,Queens,Queens,0.01449373335,0.01449373335,0,2021.63677271075,2021.6512664441,2397
5,2,Queens,Queens,0.003528076445,0.018021809795,0.01449373335,2021.6512664441,2021.65479452055,2397
5,3,Queens,Queens,0.003528076445,0.018021809795,0.01449373335,2021.6512664441,2021.65479452055,2397
5,1,NewYork,Nassau,0.07537129032,0.07537129032,0,2021.85905336721,2021.93442465753,2408
5,6,NewYork,NewYork,0.01558350569,0.01558350569,0,2021.85905336721,2021.8746368729,2408
6,7,NewYork,NewYork,0.02198651426,0.03757001995,0.01558350569,2021.8746368729,2021.89662338716,2408
6,4,NewYork,Westchester,0.03578778463,0.05137129032,0.01558350569,2021.8746368729,2021.91042465753,2408
7,3,NewYork,NewYork,0.02480127037,0.06237129032,0.03757001995,2021.89662338716,2021.92142465753,2408
7,2,NewYork,Kings,0.05680127037,0.09437129032,0.03757001995,2021.89662338716,2021.95342465753,2408
6,1,Westchester,Westchester,0.0954522817,0.0954522817,0,2021.75626004707,2021.85171232877,2417
6,7,Westchester,Westchester,0.03719932326,0.03719932326,0,2021.75626004707,2021.79345937033,2417
7,8,Westchester,Westchester,0.002502581253,0.039701904513,0.03719932326,2021.79345937033,2021.79596195158,2417
8,9,Westchester,Westchester,0.001058841179,0.040760745692,0.039701904513,2021.79596195158,2021.79702079276,2417
9,5,Westchester,Westchester,0.02969153601,0.070452281702,0.040760745692,2021.79702079276,2021.82671232877,2417
9,4,Westchester,Westchester,0.05469153601,0.095452281702,0.040760745692,2021.79702079276,2021.85171232877,2417
7,2,Westchester,Westchester,0.06125295844,0.0984522817,0.03719932326,2021.79345937033,2021.85471232877,2417
8,3,Westchester,Kings,0.08075037719,0.120452281703,0.039701904513,2021.79596195158,2021.87671232877,2417
6,7,Nassau,Nassau,0.006346009007,0.006346009007,0,2021.80375656007,2021.81010256907,2419
7,8,Nassau,Nassau,0.00268168891600001,0.00902769792300001,0.006346009007,2021.81010256907,2021.81278425799,2419
7,1,Nassau,Nassau,0.02758236244,0.033928371447,0.006346009007,2021.81010256907,2021.83768493151,2419
8,4,Nassau,Queens,0.05490067352,0.063928371443,0.00902769792300001,2021.81278425799,2021.86768493151,2419
6,5,Nassau,Kings,0.08592837145,0.08592837145,0,2021.80375656007,2021.88968493152,2419
8,9,Nassau,Nassau,0.0916995103,0.100727208223,0.00902769792300001,2021.81278425799,2021.90448376829,2419
9,2,Nassau,Bronx,0.04620116322,0.146928371443,0.100727208223,2021.90448376829,2021.95068493151,2419
9,3,Nassau,Kings,0.04620116322,0.146928371443,0.100727208223,2021.90448376829,2021.95068493151,2419
4,1,NewYork,Kings,0.1229638335,0.1229638335,0,2021.81128274184,2021.93424657534,2422
4,5,NewYork,NewYork,0.01180165067,0.01180165067,0,2021.81128274184,2021.82308439251,2422
5,3,NewYork,NewYork,0.01816218288,0.02996383355,0.01180165067,2021.82308439251,2021.84124657539,2422
5,2,NewYork,Nassau,0.02616218288,0.03796383355,0.01180165067,2021.82308439251,2021.84924657539,2422
5,6,Queens,Queens,0.000691196891900003,0.000691196891900003,0,2021.83443472246,2021.83512591935,2435
6,7,Queens,Queens,0.04415411207,0.0448453089619,0.000691196891900003,2021.83512591935,2021.87928003142,2435
5,4,Queens,Queens,0.05534609943,0.05534609943,0,2021.83443472246,2021.88978082189,2435
7,3,Queens,Queens,0.04150079047,0.0863460994319,0.0448453089619,2021.87928003142,2021.92078082189,2435
6,1,Queens,Queens,0.09365490254,0.0943460994319,0.000691196891900003,2021.83512591935,2021.92878082189,2435
7,2,Queens,Nassau,0.1125007905,0.1573460994619,0.0448453089619,2021.87928003142,2021.99178082192,2435
7,8,NewYork,NewYork,0.04494689738,0.04494689738,0,2021.44530833734,2021.49025523472,244
8,1,NewYork,Suffolk,0.04418312143,0.08913001881,0.04494689738,2021.49025523472,2021.53443835615,244
7,10,NewYork,NewYork,0.09077761795,0.09077761795,0,2021.44530833734,2021.53608595529,244
10,4,NewYork,Nassau,0.006352400859,0.097130018809,0.09077761795,2021.53608595529,2021.54243835615,244
10,11,NewYork,NewYork,0.06429476904,0.15507238699,0.09077761795,2021.53608595529,2021.60038072433,244
11,6,NewYork,NewYork,0.00305763181499999,0.158130018805,0.15507238699,2021.60038072433,2021.60343835615,244
8,9,NewYork,NewYork,0.1144916075,0.15943850488,0.04494689738,2021.49025523472,2021.60474684222,244
11,5,NewYork,NewYork,0.01605763181,0.1711300188,0.15507238699,2021.60038072433,2021.61643835614,244
9,2,NewYork,NewYork,0.01169151394,0.17113001882,0.15943850488,2021.60474684222,2021.61643835616,244
9,3,NewYork,NewYork,0.01169151394,0.17113001882,0.15943850488,2021.60474684222,2021.61643835616,244
4,1,NewYork,Kings,0.07373639501,0.07373639501,0,2021.93174305704,2022.00547945205,2443
4,5,NewYork,NewYork,0.0165447191,0.0165447191,0,2021.93174305704,2021.94828777614,2443
5,2,NewYork,NewYork,0.003191675908,0.019736395008,0.0165447191,2021.94828777614,2021.95147945205,2443
5,3,NewYork,NewYork,0.003191675908,0.019736395008,0.0165447191,2021.94828777614,2021.95147945205,2443
5,1,Westchester,Westchester,0.03270882468,0.03270882468,0,2021.89941446299,2021.93212328767,2447
5,6,Westchester,Westchester,0.04783336243,0.04783336243,0,2021.89941446299,2021.94724782542,2447
6,7,Westchester,Westchester,0.005636893435,0.053470255865,0.04783336243,2021.94724782542,2021.95288471885,2447
7,3,Westchester,Westchester,0.006238568813,0.059708824678,0.053470255865,2021.95288471885,2021.95912328767,2447
7,4,Westchester,Westchester,0.006238568813,0.059708824678,0.053470255865,2021.95288471885,2021.95912328767,2447
6,2,Westchester,Westchester,0.01987546225,0.06770882468,0.04783336243,2021.94724782542,2021.96712328767,2447
4,1,NewYork,Nassau,0.1086455547,0.1086455547,0,2021.68587499325,2021.79452054795,2463
4,5,NewYork,NewYork,0.06809258366,0.06809258366,0,2021.68587499325,2021.75396757691,2463
5,3,NewYork,NewYork,0.01555297099,0.08364555465,0.06809258366,2021.75396757691,2021.7695205479,2463
5,2,NewYork,Kings,0.03155297099,0.09964555465,0.06809258366,2021.75396757691,2021.7855205479,2463
4,1,NewYork,Bronx,0.02279911849,0.02279911849,0,2021.71688581302,2021.73968493151,2467
4,5,NewYork,NewYork,0.008165600603,0.008165600603,0,2021.71688581302,2021.72505141362,2467
5,2,NewYork,NewYork,0.01963351789,0.027799118493,0.008165600603,2021.72505141362,2021.74468493151,2467
5,3,NewYork,NewYork,0.02563351789,0.033799118493,0.008165600603,2021.72505141362,2021.75068493151,2467
4,1,NewYork,Kings,0.06937274285,0.06937274285,0,2021.54624369551,2021.61561643836,2468
4,5,NewYork,NewYork,0.01874813513,0.01874813513,0,2021.54624369551,2021.56499183064,2468
5,3,NewYork,NewYork,0.06462460772,0.08337274285,0.01874813513,2021.56499183064,2021.62961643836,2468
5,2,NewYork,NewYork,0.07062460772,0.08937274285,0.01874813513,2021.56499183064,2021.63561643836,2468
5,1,Kings,Kings,0.00394220871,0.00394220871,0,2021.73613998307,2021.74008219178,2480
5,6,Kings,Kings,0.009686077093,0.009686077093,0,2021.73613998307,2021.74582606016,2480
6,7,Kings,Kings,0.01463541403,0.024321491123,0.009686077093,2021.74582606016,2021.76046147419,2480
6,2,Kings,Kings,0.02125613162,0.030942208713,0.009686077093,2021.74582606016,2021.76708219178,2480
7,4,Kings,Kings,0.009620717587,0.03394220871,0.024321491123,2021.76046147419,2021.77008219178,2480
7,3,Kings,Kings,0.01762071759,0.041942208713,0.024321491123,2021.76046147419,2021.77808219178,2480
6,1,NewYork,NewYork,0.01589292008,0.01589292008,0,2021.59194269637,2021.60783561645,2487
6,7,NewYork,NewYork,0.01857793302,0.01857793302,0,2021.59194269637,2021.61052062939,2487
7,2,NewYork,NewYork,0.000314987055900003,0.0188929200759,0.01857793302,2021.61052062939,2021.61083561644,2487
7,8,NewYork,NewYork,0.001495953944,0.020073886964,0.01857793302,2021.61052062939,2021.61201658333,2487
8,9,NewYork,NewYork,0.01372498434,0.033798871304,0.020073886964,2021.61201658333,2021.62574156767,2487
8,3,NewYork,NewYork,0.02081903311,0.040892920074,0.020073886964,2021.61201658333,2021.63283561644,2487
9,4,NewYork,Queens,0.01209404877,0.045892920074,0.033798871304,2021.62574156767,2021.63783561644,2487
9,5,NewYork,Kings,0.01809404877,0.051892920074,0.033798871304,2021.62574156767,2021.64383561644,2487
6,1,NewYork,NewYork,0.0357809774,0.0357809774,0,2021.62994505001,2021.66572602741,2554
6,7,NewYork,NewYork,0.0137249092,0.0137249092,0,2021.62994505001,2021.64366995921,2554
7,8,NewYork,NewYork,0.00533306218200001,0.019057971382,0.0137249092,2021.64366995921,2021.64900302139,2554
8,3,NewYork,NewYork,0.04672300601,0.065780977392,0.019057971382,2021.64900302139,2021.6957260274,2554
8,9,NewYork,NewYork,0.07084629303,0.089904264412,0.019057971382,2021.64900302139,2021.71984931442,2554
7,2,NewYork,NewYork,0.07905606819,0.09278097739,0.0137249092,2021.64366995921,2021.7227260274,2554
9,5,NewYork,NewYork,0.002876712979,0.092780977391,0.089904264412,2021.71984931442,2021.7227260274,2554
9,4,NewYork,Bronx,0.01987671298,0.109780977392,0.089904264412,2021.71984931442,2021.7397260274,2554
4,1,Westchester,Westchester,0.04071635452,0.04071635452,0,2021.78942063178,2021.8301369863,2562
4,5,Westchester,Westchester,0.02402449259,0.02402449259,0,2021.78942063178,2021.81344512437,2562
5,2,Westchester,Westchester,0.01669186193,0.04071635452,0.02402449259,2021.81344512437,2021.8301369863,2562
5,3,Westchester,Westchester,0.01669186193,0.04071635452,0.02402449259,2021.81344512437,2021.8301369863,2562
4,1,Kings,Westchester,0.06486099258,0.06486099258,0,2021.87486503482,2021.9397260274,2564
4,5,Kings,Kings,0.007768585123,0.007768585123,0,2021.87486503482,2021.88263361994,2564
5,3,Kings,Kings,0.01309240746,0.020860992583,0.007768585123,2021.88263361994,2021.8957260274,2564
5,2,Kings,Westchester,0.05409240746,0.061860992583,0.007768585123,2021.88263361994,2021.9367260274,2564
4,5,Kings,NewYork,0.01812327498,0.01812327498,0,2021.42154545394,2021.43966872892,2572
5,2,NewYork,NewYork,0.04789291497,0.06601618995,0.01812327498,2021.43966872892,2021.48756164389,2572
5,1,NewYork,Nassau,0.08289291497,0.10101618995,0.01812327498,2021.43966872892,2021.52256164389,2572
4,3,Kings,Bronx,0.1620161899,0.1620161899,0,2021.42154545394,2021.58356164384,2572
5,6,NewYork,NewYork,0.01616667611,0.01616667611,0,2021.62915386595,2021.64532054206,2588
5,7,NewYork,NewYork,0.01643547726,0.01643547726,0,2021.62915386595,2021.64558934321,2588
6,1,NewYork,NewYork,0.001912334649,0.018079010759,0.01616667611,2021.64532054206,2021.64723287671,2588
7,4,NewYork,NewYork,0.001643533499,0.018079010759,0.01643547726,2021.64558934321,2021.64723287671,2588
6,2,NewYork,NewYork,0.006912334649,0.023079010759,0.01616667611,2021.64532054206,2021.65223287671,2588
7,3,NewYork,Bronx,0.0256435335,0.04207901076,0.01643547726,2021.64558934321,2021.67123287671,2588
4,1,Bronx,Bronx,0.01357856396,0.01357856396,0,2021.58094198399,2021.59452054795,2607
4,5,Bronx,Bronx,0.008585065313,0.008585065313,0,2021.58094198399,2021.5895270493,2607
5,2,Bronx,Bronx,0.001993498644,0.010578563957,0.008585065313,2021.5895270493,2021.59152054795,2607
5,3,Bronx,Bronx,0.001993498644,0.010578563957,0.008585065313,2021.5895270493,2021.59152054795,2607
4,1,Nassau,Nassau,0.01109794651,0.01109794651,0,2021.75862808089,2021.7697260274,2608
4,5,Nassau,Suffolk,0.1579143622,0.1579143622,0,2021.75862808089,2021.91654244309,2608
5,2,Suffolk,Suffolk,0.02318358431,0.18109794651,0.1579143622,2021.91654244309,2021.9397260274,2608
5,3,Suffolk,Westchester,0.02318358431,0.18109794651,0.1579143622,2021.91654244309,2021.9397260274,2608
4,1,NewYork,NewYork,0.01009466057,0.01009466057,0,2021.56743958601,2021.57753424658,262
4,5,NewYork,Kings,0.0761381205,0.0761381205,0,2021.56743958601,2021.64357770651,262
5,2,Kings,Kings,0.01395654007,0.09009466057,0.0761381205,2021.64357770651,2021.65753424658,262
5,3,Kings,Kings,0.01395654007,0.09009466057,0.0761381205,2021.64357770651,2021.65753424658,262
4,1,Bronx,Bronx,0.05407127035,0.05407127035,0,2021.64729859266,2021.70136986301,2640
4,5,Bronx,Bronx,0.01727551016,0.01727551016,0,2021.64729859266,2021.66457410282,2640
5,3,Bronx,NewYork,0.03479576019,0.05207127035,0.01727551016,2021.66457410282,2021.69936986301,2640
5,2,Bronx,Bronx,0.03679576019,0.05407127035,0.01727551016,2021.66457410282,2021.70136986301,2640
17,1,NewYork,NewYork,0.07421679789,0.07421679789,0,2021.51008457194,2021.58430136983,265
17,18,NewYork,NewYork,0.006185612846,0.006185612846,0,2021.51008457194,2021.51627018479,265
18,20,NewYork,NewYork,0.01430689675,0.020492509596,0.006185612846,2021.51627018479,2021.53057708154,265
20,21,NewYork,NewYork,0.004615156841,0.025107666437,0.020492509596,2021.53057708154,2021.53519223838,265
20,4,NewYork,Suffolk,0.00672428829599997,0.027216797892,0.020492509596,2021.53057708154,2021.53730136983,265
18,19,NewYork,NewYork,0.023746681,0.029932293846,0.006185612846,2021.51627018479,2021.54001686579,265
21,26,NewYork,Queens,0.00734814686399998,0.032455813301,0.025107666437,2021.53519223838,2021.54254038524,265
26,10,Queens,Nassau,0.00276098459099999,0.035216797892,0.032455813301,2021.54254038524,2021.54530136983,265
26,27,Queens,Queens,0.00398769685900002,0.03644351016,0.032455813301,2021.54254038524,2021.5465280821,265
27,11,Queens,Queens,0.00177328773199997,0.038216797892,0.03644351016,2021.5465280821,2021.54830136983,265
27,28,Queens,Kings,0.00691069055799998,0.043354200718,0.03644351016,2021.5465280821,2021.55343877266,265
28,12,Kings,Kings,0.01086259717,0.054216797888,0.043354200718,2021.55343877266,2021.56430136983,265
28,29,Kings,Kings,0.01745512926,0.060809329978,0.043354200718,2021.55343877266,2021.57089390192,265
21,22,NewYork,NewYork,0.03696874153,0.062076407967,0.025107666437,2021.53519223838,2021.57216097991,265
29,13,Kings,NewYork,0.01340746791,0.074216797888,0.060809329978,2021.57089390192,2021.58430136983,265
29,30,Kings,Kings,0.02062292318,0.081432253158,0.060809329978,2021.57089390192,2021.5915168251,265
19,2,NewYork,Queens,0.05228450404,0.082216797886,0.029932293846,2021.54001686579,2021.59230136983,265
19,3,NewYork,NewYork,0.05228450404,0.082216797886,0.029932293846,2021.54001686579,2021.59230136983,265
30,31,Kings,Kings,0.03183327048,0.113265523638,0.081432253158,2021.5915168251,2021.62335009558,265
30,14,Kings,Kings,0.03578454473,0.117216797888,0.081432253158,2021.5915168251,2021.62730136983,265
31,15,Kings,Queens,0.00995127425499998,0.123216797893,0.113265523638,2021.62335009558,2021.63330136984,265
31,16,Kings,Kings,0.01795127425,0.131216797888,0.113265523638,2021.62335009558,2021.64130136983,265
22,5,NewYork,Kings,0.1021403899,0.164216797867,0.062076407967,2021.57216097991,2021.67430136981,265
22,23,NewYork,NewYork,0.1920895805,0.254165988467,0.062076407967,2021.57216097991,2021.76425056041,265
23,6,NewYork,Kings,0.05005080942,0.304216797887,0.254165988467,2021.76425056041,2021.81430136983,265
23,24,NewYork,Nassau,0.140867796,0.395033784467,0.254165988467,2021.76425056041,2021.90511835641,265
24,7,Nassau,Nassau,0.01018301345,0.405216797917,0.395033784467,2021.90511835641,2021.91530136986,265
24,25,Nassau,Bronx,0.03244398555,0.427477770017,0.395033784467,2021.90511835641,2021.93756234196,265
25,8,Bronx,Bronx,0.0137390279,0.441216797917,0.427477770017,2021.93756234196,2021.95130136986,265
25,9,Bronx,Bronx,0.0487390279,0.476216797917,0.427477770017,2021.93756234196,2021.98630136986,265
4,1,Westchester,Westchester,0.008492149926,0.008492149926,0,2021.64913798702,2021.65763013695,2661
4,5,Westchester,Westchester,0.1774230866,0.1774230866,0,2021.64913798702,2021.82656107362,2661
5,3,Westchester,Westchester,0.03106906337,0.20849214997,0.1774230866,2021.82656107362,2021.85763013699,2661
5,2,Westchester,Westchester,0.07206906337,0.24949214997,0.1774230866,2021.82656107362,2021.89863013699,2661
4,1,Westchester,Westchester,0.03212112048,0.03212112048,0,2021.84733093431,2021.87945205479,2699
4,5,Westchester,Westchester,0.02118693413,0.02118693413,0,2021.84733093431,2021.86851786844,2699
5,2,Westchester,Westchester,0.008934186355,0.030121120485,0.02118693413,2021.86851786844,2021.87745205479,2699
5,3,Westchester,Westchester,0.008934186355,0.030121120485,0.02118693413,2021.86851786844,2021.87745205479,2699
8,9,Queens,Nassau,0.02084118459,0.02084118459,0,2021.51237889337,2021.53322007796,2701
8,12,Queens,Queens,0.02074226904,0.02074226904,0,2021.51237889337,2021.53312116241,2701
9,10,Nassau,Nassau,0.000113180720499984,0.0209543653105,0.02084118459,2021.53322007796,2021.53333325868,2701
12,13,Queens,Queens,0.01697119957,0.03771346861,0.02074226904,2021.53312116241,2021.55009236198,2701
10,11,Nassau,Nassau,0.03910810916,0.0600624744705,0.0209543653105,2021.53333325868,2021.57244136784,2701
11,3,Nassau,Nassau,0.01205178282,0.0721142572905,0.0600624744705,2021.57244136784,2021.58449315066,2701
11,4,Nassau,Queens,0.01405178282,0.0741142572905,0.0600624744705,2021.57244136784,2021.58649315066,2701
9,1,Nassau,Suffolk,0.0562730727,0.07711425729,0.02084118459,2021.53322007796,2021.58949315066,2701
13,7,Queens,Queens,0.05340078868,0.09111425729,0.03771346861,2021.55009236198,2021.60349315066,2701
10,2,Nassau,Bronx,0.09415989198,0.1151142572905,0.0209543653105,2021.53333325868,2021.62749315066,2701
12,5,Queens,Queens,0.1223719882,0.14311425724,0.02074226904,2021.53312116241,2021.65549315061,2701
13,6,Queens,Nassau,0.1184007887,0.15611425731,0.03771346861,2021.55009236198,2021.66849315068,2701
4,5,NewYork,Kings,0.04878213327,0.04878213327,0,2021.5952168182,2021.64399895147,2717
4,3,NewYork,NewYork,0.00749551057300001,0.00749551057300001,0,2021.5952168182,2021.60271232877,2717
5,2,Kings,Kings,0.0237133773,0.07249551057,0.04878213327,2021.64399895147,2021.66771232877,2717
5,1,Kings,NewYork,0.0327133773,0.08149551057,0.04878213327,2021.64399895147,2021.67671232877,2717
6,1,NewYork,NewYork,0.03201197992,0.03201197992,0,2021.63578254065,2021.66779452057,2718
6,7,NewYork,NewYork,0.02581009162,0.02581009162,0,2021.63578254065,2021.66159263227,2718
7,2,NewYork,NewYork,0.00120188830199999,0.027011979922,0.02581009162,2021.66159263227,2021.66279452057,2718
7,8,NewYork,NewYork,0.0637160676,0.08952615922,0.02581009162,2021.66159263227,2021.72530869987,2718
8,3,NewYork,NewYork,0.000485820701899981,0.0900119799219,0.08952615922,2021.72530869987,2021.72579452057,2718
8,9,NewYork,NewYork,0.01879861518,0.1083247744,0.08952615922,2021.72530869987,2021.74410731505,2718
9,4,NewYork,NewYork,0.03668720552,0.14501197992,0.1083247744,2021.74410731505,2021.78079452057,2718
9,5,NewYork,Westchester,0.1106872055,0.2190119799,0.1083247744,2021.74410731505,2021.85479452055,2718
5,1,Westchester,Westchester,0.01684239954,0.01684239954,0,2021.63044527168,2021.64728767122,272
5,6,Westchester,Westchester,0.01081288823,0.01081288823,0,2021.63044527168,2021.64125815991,272
6,7,Westchester,Westchester,0.009327066907,0.020139955137,0.01081288823,2021.64125815991,2021.65058522682,272
6,2,Westchester,Westchester,0.01102951131,0.02184239954,0.01081288823,2021.64125815991,2021.65228767122,272
7,4,Westchester,Westchester,0.001702444407,0.021842399544,0.020139955137,2021.65058522682,2021.65228767123,272
7,3,Westchester,Westchester,0.07270244441,0.092842399547,0.020139955137,2021.65058522682,2021.72328767123,272
17,18,Kings,Kings,0.005052213419,0.005052213419,0,2021.47570987516,2021.48076208858,2734
18,19,Kings,NewYork,0.009524116705,0.014576330124,0.005052213419,2021.48076208858,2021.49028620529,2734
19,20,NewYork,NewYork,0.03471846107,0.049294791194,0.014576330124,2021.49028620529,2021.52500466636,2734
20,21,NewYork,NewYork,0.01277189527,0.062066686464,0.049294791194,2021.52500466636,2021.53777656163,2734
21,22,NewYork,NewYork,0.0160648948,0.078131581264,0.062066686464,2021.53777656163,2021.55384145643,2734
22,23,NewYork,NewYork,0.02359234091,0.101723922174,0.078131581264,2021.55384145643,2021.57743379734,2734
23,24,NewYork,NewYork,0.003810364182,0.105534286356,0.101723922174,2021.57743379734,2021.58124416152,2734
24,25,NewYork,NewYork,0.00101945729400001,0.10655374365,0.105534286356,2021.58124416152,2021.58226361881,2734
21,3,NewYork,Kings,0.05097686302,0.113043549484,0.062066686464,2021.53777656163,2021.58875342465,2734
18,15,Kings,Kings,0.1079913361,0.113043549519,0.005052213419,2021.48076208858,2021.58875342468,2734
25,26,NewYork,NewYork,0.00712941774500001,0.113683161395,0.10655374365,2021.58226361881,2021.58939303656,2734
26,27,NewYork,NewYork,0.00134699304700001,0.115030154442,0.113683161395,2021.58939303656,2021.59074002961,2734
27,28,NewYork,Westchester,0.002302692121,0.117332846563,0.115030154442,2021.59074002961,2021.59304272173,2734
28,29,Westchester,Westchester,0.00142505696299999,0.118757903526,0.117332846563,2021.59304272173,2021.59446777869,2734
27,9,NewYork,NewYork,0.00401339504999999,0.119043549492,0.115030154442,2021.59074002961,2021.59475342466,2734
17,16,Kings,Queens,0.1240435495,0.1240435495,0,2021.47570987516,2021.59975342466,2734
29,30,Westchester,Westchester,0.00677470612100001,0.125532609647,0.118757903526,2021.59446777869,2021.60124248481,2734
30,31,Westchester,Westchester,0.000349181652999991,0.1258817913,0.125532609647,2021.60124248481,2021.60159166646,2734
28,10,Westchester,Westchester,0.009710702929,0.127043549492,0.117332846563,2021.59304272173,2021.60275342466,2734
29,11,Westchester,Westchester,0.00828564596600001,0.127043549492,0.118757903526,2021.59446777869,2021.60275342466,2734
30,12,Westchester,Westchester,0.00951093984500001,0.135043549492,0.125532609647,2021.60124248481,2021.61075342466,2734
22,4,NewYork,Westchester,0.05691196823,0.135043549494,0.078131581264,2021.55384145643,2021.61075342466,2734
23,5,NewYork,NewYork,0.04131962732,0.143043549494,0.101723922174,2021.57743379734,2021.61875342466,2734
20,2,NewYork,Queens,0.09974875829,0.149043549484,0.049294791194,2021.52500466636,2021.62475342465,2734
24,6,NewYork,NewYork,0.04350926314,0.149043549496,0.105534286356,2021.58124416152,2021.62475342466,2734
31,13,Westchester,NewYork,0.02516175819,0.15104354949,0.1258817913,2021.60159166646,2021.62675342465,2734
31,14,Westchester,NewYork,0.02516175819,0.15104354949,0.1258817913,2021.60159166646,2021.62675342465,2734
25,7,NewYork,Westchester,0.07548980584,0.18204354949,0.10655374365,2021.58226361881,2021.65775342465,2734
19,1,NewYork,Westchester,0.1694672194,0.184043549524,0.014576330124,2021.49028620529,2021.65975342469,2734
26,8,NewYork,NewYork,0.0763603881,0.190043549495,0.113683161395,2021.58939303656,2021.66575342466,2734
5,6,Westchester,Westchester,0.01260603357,0.01260603357,0,2021.74290174411,2021.75550777768,2735
6,1,Westchester,Westchester,0.000971674369699999,0.0135777079397,0.01260603357,2021.75550777768,2021.75647945205,2735
6,2,Westchester,Westchester,0.000971674369699999,0.0135777079397,0.01260603357,2021.75550777768,2021.75647945205,2735
5,7,Westchester,Westchester,0.02432705892,0.02432705892,0,2021.74290174411,2021.76722880303,2735
7,3,Westchester,Westchester,0.02825064902,0.05257770794,0.02432705892,2021.76722880303,2021.79547945205,2735
7,4,Westchester,Westchester,0.03825064902,0.06257770794,0.02432705892,2021.76722880303,2021.80547945205,2735
4,1,Kings,Kings,0.04303121787,0.04303121787,0,2021.72383179583,2021.7668630137,2744
4,5,Kings,Kings,0.000787412398699998,0.000787412398699998,0,2021.72383179583,2021.72461920823,2744
5,2,Kings,Kings,0.04224380547,0.0430312178687,0.000787412398699998,2021.72461920823,2021.7668630137,2744
5,3,Kings,Kings,0.04524380547,0.0460312178687,0.000787412398699998,2021.72461920823,2021.7698630137,2744
4,1,Queens,Queens,0.01670574761,0.01670574761,0,2021.66858192361,2021.68528767122,2748
4,5,Queens,Queens,0.03257266435,0.03257266435,0,2021.66858192361,2021.70115458796,2748
5,2,Queens,Queens,0.01113308327,0.04370574762,0.03257266435,2021.70115458796,2021.71228767123,2748
5,3,Queens,Nassau,0.02213308327,0.05470574762,0.03257266435,2021.70115458796,2021.72328767123,2748
4,1,NewYork,NewYork,0.008045131324,0.008045131324,0,2021.61357130704,2021.62161643836,2763
4,5,NewYork,NewYork,0.01078629357,0.01078629357,0,2021.61357130704,2021.62435760061,2763
5,2,NewYork,Queens,0.002258837754,0.013045131324,0.01078629357,2021.62435760061,2021.62661643836,2763
5,3,NewYork,NewYork,0.01125883775,0.02204513132,0.01078629357,2021.62435760061,2021.63561643836,2763
4,1,Westchester,Westchester,0.03718785849,0.03718785849,0,2021.8255792648,2021.86276712329,2765
4,5,Westchester,Westchester,0.06939222324,0.06939222324,0,2021.8255792648,2021.89497148804,2765
5,3,Westchester,NewYork,0.01679563525,0.08618785849,0.06939222324,2021.89497148804,2021.91176712329,2765
5,2,Westchester,Westchester,0.03379563525,0.10318785849,0.06939222324,2021.89497148804,2021.92876712329,2765
4,5,Nassau,Nassau,0.02467663627,0.02467663627,0,2021.56906672194,2021.59374335821,2770
4,3,Nassau,Nassau,0.000590812314099999,0.000590812314099999,0,2021.56906672194,2021.56965753425,2770
5,1,Nassau,Nassau,0.01391417604,0.03859081231,0.02467663627,2021.59374335821,2021.60765753425,2770
5,2,Nassau,Queens,0.03091417604,0.05559081231,0.02467663627,2021.59374335821,2021.62465753425,2770
8,1,Kings,NewYork,0.1323545097,0.1323545097,0,2021.70326192866,2021.83561643836,2773
8,9,Kings,Kings,0.01548502227,0.01548502227,0,2021.70326192866,2021.71874695093,2773
9,10,Kings,Kings,0.001575976879,0.017060999149,0.01548502227,2021.71874695093,2021.72032292781,2773
10,11,Kings,Kings,0.03905958317,0.056120582319,0.017060999149,2021.72032292781,2021.75938251098,2773
11,12,Kings,Kings,0.000998920354100014,0.0571195026731,0.056120582319,2021.75938251098,2021.76038143133,2773
10,2,Kings,Kings,0.04929351059,0.066354509739,0.017060999149,2021.72032292781,2021.7696164384,2773
12,13,Kings,NewYork,0.01174036108,0.0688598637531,0.0571195026731,2021.76038143133,2021.77212179241,2773
11,3,Kings,Kings,0.01523392742,0.071354509739,0.056120582319,2021.75938251098,2021.7746164384,2773
12,4,Kings,Kings,0.01423500707,0.0713545097431,0.0571195026731,2021.76038143133,2021.7746164384,2773
13,5,NewYork,NewYork,0.008494645988,0.0773545097411,0.0688598637531,2021.77212179241,2021.7806164384,2773
13,6,NewYork,NewYork,0.01149464599,0.0803545097431,0.0688598637531,2021.77212179241,2021.7836164384,2773
9,7,Kings,Queens,0.06986948747,0.08535450974,0.01548502227,2021.71874695093,2021.7886164384,2773
4,1,Nassau,Kings,0.1447021619,0.1447021619,0,2021.545708797,2021.6904109589,279
4,5,Nassau,Nassau,0.02520300725,0.02520300725,0,2021.545708797,2021.57091180425,279
5,2,Nassau,Nassau,0.00249915465600001,0.027702161906,0.02520300725,2021.57091180425,2021.57341095891,279
5,3,Nassau,Nassau,0.00249915465600001,0.027702161906,0.02520300725,2021.57091180425,2021.57341095891,279
17,18,Westchester,Westchester,0.000151359325899991,0.000151359325899991,0,2021.83145932706,2021.83161068639,2795
18,20,Westchester,Westchester,0.00195020958300002,0.00210156890890001,0.000151359325899991,2021.83161068639,2021.83356089597,2795
18,19,Westchester,Westchester,0.00748730898200001,0.0076386683079,0.000151359325899991,2021.83161068639,2021.83909799537,2795
19,1,Westchester,Westchester,0.00150474435600001,0.00914341266390001,0.0076386683079,2021.83909799537,2021.84060273973,2795
19,2,Westchester,Westchester,0.00150474435600001,0.00914341266390001,0.0076386683079,2021.83909799537,2021.84060273973,2795
17,22,Westchester,Westchester,0.01255606644,0.01255606644,0,2021.83145932706,2021.8440153935,2795
22,23,Westchester,Westchester,0.00211019566199999,0.014666262102,0.01255606644,2021.8440153935,2021.84612558916,2795
20,21,Westchester,Westchester,0.01634193471,0.0184435036189,0.00210156890890001,2021.83356089597,2021.84990283068,2795
23,25,Westchester,Westchester,0.004038710078,0.01870497218,0.014666262102,2021.84612558916,2021.85016429924,2795
21,4,Westchester,Westchester,0.00169990904499999,0.0201434126639,0.0184435036189,2021.84990283068,2021.85160273973,2795
20,3,Westchester,Westchester,0.01804184376,0.0201434126689,0.00210156890890001,2021.83356089597,2021.85160273973,2795
21,5,Westchester,Westchester,0.009699909045,0.0281434126639,0.0184435036189,2021.84990283068,2021.85960273973,2795
22,29,Westchester,Westchester,0.02178652801,0.03434259445,0.01255606644,2021.8440153935,2021.86580192151,2795
23,24,Westchester,Westchester,0.02648340012,0.041149662222,0.014666262102,2021.84612558916,2021.87260898928,2795
29,13,Westchester,Westchester,0.01080081821,0.04514341266,0.03434259445,2021.86580192151,2021.87660273972,2795
29,30,Westchester,Westchester,0.0142143039,0.04855689835,0.03434259445,2021.86580192151,2021.88001622541,2795
30,14,Westchester,Westchester,0.009586514314,0.058143412664,0.04855689835,2021.88001622541,2021.88960273973,2795
25,26,Westchester,Westchester,0.03963292439,0.05833789657,0.01870497218,2021.85016429924,2021.88979722363,2795
25,12,Westchester,Westchester,0.04243844048,0.06114341266,0.01870497218,2021.85016429924,2021.89260273972,2795
30,31,Westchester,Westchester,0.01614160444,0.06469850279,0.04855689835,2021.88001622541,2021.89615782985,2795
26,8,Westchester,Westchester,0.01080551609,0.06914341266,0.05833789657,2021.88979722363,2021.90060273972,2795
26,27,Westchester,Westchester,0.01285147281,0.07118936938,0.05833789657,2021.88979722363,2021.90264869644,2795
31,15,Westchester,Westchester,0.01344490987,0.07814341266,0.06469850279,2021.89615782985,2021.90960273972,2795
31,16,Westchester,Westchester,0.01344490987,0.07814341266,0.06469850279,2021.89615782985,2021.90960273972,2795
24,7,Westchester,Westchester,0.03699375044,0.078143412662,0.041149662222,2021.87260898928,2021.90960273972,2795
27,28,Westchester,Westchester,0.00953587204799999,0.080725241428,0.07118936938,2021.90264869644,2021.91218456849,2795
27,9,Westchester,Westchester,0.01495404328,0.08614341266,0.07118936938,2021.90264869644,2021.91760273972,2795
24,6,Westchester,Westchester,0.07799375044,0.119143412662,0.041149662222,2021.87260898928,2021.95060273972,2795
28,10,Westchester,Westchester,0.04341817124,0.124143412668,0.080725241428,2021.91218456849,2021.95560273973,2795
28,11,Westchester,Westchester,0.06041817124,0.141143412668,0.080725241428,2021.91218456849,2021.97260273973,2795
6,1,Westchester,Westchester,0.009664487515,0.009664487515,0,2021.71349989604,2021.72316438356,2801
6,7,Westchester,Westchester,0.006957070712,0.006957070712,0,2021.71349989604,2021.72045696675,2801
7,8,Westchester,Westchester,0.000700182248999995,0.007657252961,0.006957070712,2021.72045696675,2021.721157149,2801
7,2,Westchester,Westchester,0.005707416803,0.012664487515,0.006957070712,2021.72045696675,2021.72616438356,2801
8,3,Westchester,Westchester,0.008007234554,0.015664487515,0.007657252961,2021.721157149,2021.72916438356,2801
8,9,Westchester,Westchester,0.02772799352,0.035385246481,0.007657252961,2021.721157149,2021.74888514252,2801
9,4,Westchester,Westchester,0.007279241037,0.042664487518,0.035385246481,2021.74888514252,2021.75616438356,2801
9,5,Westchester,Westchester,0.007279241037,0.042664487518,0.035385246481,2021.74888514252,2021.75616438356,2801
5,6,Westchester,Westchester,0.05490599609,0.05490599609,0,2021.89625899841,2021.9511649945,2803
5,7,Westchester,Westchester,0.05511694095,0.05511694095,0,2021.89625899841,2021.95137593936,2803
6,1,Westchester,Westchester,0.004437745235,0.059343741325,0.05490599609,2021.9511649945,2021.95560273974,2803
6,2,Westchester,Westchester,0.004437745235,0.059343741325,0.05490599609,2021.9511649945,2021.95560273974,2803
7,3,Westchester,Westchester,0.01522680038,0.07034374133,0.05511694095,2021.95137593936,2021.96660273974,2803
7,4,Westchester,Westchester,0.02122680037,0.07634374132,0.05511694095,2021.95137593936,2021.97260273973,2803
14,1,NewYork,Queens,0.02340727947,0.02340727947,0,2021.5734420356,2021.59684931507,281
14,15,NewYork,NewYork,0.00595998089800001,0.00595998089800001,0,2021.5734420356,2021.5794020165,281
15,16,NewYork,NewYork,0.00761272969199998,0.01357271059,0.00595998089800001,2021.5794020165,2021.58701474619,281
16,17,NewYork,NewYork,0.006962420811,0.020535131401,0.01357271059,2021.58701474619,2021.59397716701,281
16,3,NewYork,NewYork,0.01283456888,0.02640727947,0.01357271059,2021.58701474619,2021.59984931507,281
17,21,NewYork,NewYork,0.005935671096,0.026470802497,0.020535131401,2021.59397716701,2021.5999128381,281
21,8,NewYork,Queens,0.01093647697,0.037407279467,0.026470802497,2021.5999128381,2021.61084931507,281
21,22,NewYork,NewYork,0.0140810222,0.040551824697,0.026470802497,2021.5999128381,2021.6139938603,281
22,9,NewYork,Queens,0.01585545477,0.056407279467,0.040551824697,2021.6139938603,2021.62984931507,281
22,23,NewYork,NewYork,0.0194392616,0.059991086297,0.040551824697,2021.6139938603,2021.6334331219,281
23,24,NewYork,NewYork,0.00260764903499999,0.062598735332,0.059991086297,2021.6334331219,2021.63604077094,281
23,25,NewYork,NewYork,0.00269217015199999,0.062683256449,0.059991086297,2021.6334331219,2021.63612529205,281
25,12,NewYork,NewYork,0.004724023014,0.067407279463,0.062683256449,2021.63612529205,2021.64084931507,281
24,11,NewYork,Kings,0.007808544131,0.070407279463,0.062598735332,2021.63604077094,2021.64384931507,281
24,10,NewYork,Suffolk,0.01080854413,0.073407279462,0.062598735332,2021.63604077094,2021.64684931507,281
17,18,NewYork,Westchester,0.05450384894,0.075038980341,0.020535131401,2021.59397716701,2021.64848101594,281
25,13,NewYork,NewYork,0.01272402301,0.075407279459,0.062683256449,2021.63612529205,2021.64884931506,281
15,2,NewYork,Queens,0.09144729857,0.097407279468,0.00595998089800001,2021.5794020165,2021.67084931507,281
18,19,Westchester,Westchester,0.03731509454,0.112354074881,0.075038980341,2021.64848101594,2021.68579611048,281
19,20,Westchester,Westchester,0.01637723827,0.128731313151,0.112354074881,2021.68579611048,2021.70217334875,281
18,4,Westchester,Westchester,0.05836829912,0.133407279461,0.075038980341,2021.64848101594,2021.70684931507,281
19,7,Westchester,Westchester,0.02105320458,0.133407279461,0.112354074881,2021.68579611048,2021.70684931507,281
20,5,Westchester,Westchester,0.004675966315,0.133407279466,0.128731313151,2021.70217334875,2021.70684931507,281
20,6,Westchester,Westchester,0.004675966315,0.133407279466,0.128731313151,2021.70217334875,2021.70684931507,281
5,1,Kings,Kings,0.06940124848,0.06940124848,0,2021.79884532686,2021.86824657534,2834
5,6,Kings,Kings,0.05421298218,0.05421298218,0,2021.79884532686,2021.85305830904,2834
6,7,Kings,Kings,0.00990259454199999,0.064115576722,0.05421298218,2021.85305830904,2021.86296090358,2834
7,3,Kings,Kings,0.03028567176,0.094401248482,0.064115576722,2021.86296090358,2021.89324657534,2834
7,2,Kings,Kings,0.06928567176,0.133401248482,0.064115576722,2021.86296090358,2021.93224657534,2834
6,4,Kings,Kings,0.0811882663,0.13540124848,0.05421298218,2021.85305830904,2021.93424657534,2834
5,6,Bronx,Bronx,0.07082829185,0.07082829185,0,2021.7876370877,2021.85846537955,2855
5,7,Bronx,Bronx,0.01801395854,0.01801395854,0,2021.7876370877,2021.80565104624,2855
7,3,Bronx,Bronx,0.04307498116,0.0610889397,0.01801395854,2021.80565104624,2021.8487260274,2855
7,4,Bronx,Bronx,0.05207498116,0.0700889397,0.01801395854,2021.80565104624,2021.8577260274,2855
6,1,Bronx,Bronx,0.07826064785,0.1490889397,0.07082829185,2021.85846537955,2021.9367260274,2855
6,2,Bronx,Bronx,0.08126064785,0.1520889397,0.07082829185,2021.85846537955,2021.9397260274,2855
4,1,NewYork,NewYork,0.03788826583,0.03788826583,0,2021.51827611773,2021.55616438356,2871
4,5,NewYork,NewYork,0.01048292347,0.01048292347,0,2021.51827611773,2021.5287590412,2871
5,3,NewYork,NewYork,0.02240534236,0.03288826583,0.01048292347,2021.5287590412,2021.55116438356,2871
5,2,NewYork,NewYork,0.02740534236,0.03788826583,0.01048292347,2021.5287590412,2021.55616438356,2871
13,14,Nassau,Nassau,0.03718802986,0.03718802986,0,2021.47918791984,2021.5163759497,2872
13,23,Nassau,Nassau,0.04879330607,0.04879330607,0,2021.47918791984,2021.52798122591,2872
14,15,Nassau,Nassau,0.01419155867,0.05137958853,0.03718802986,2021.5163759497,2021.53056750837,2872
15,16,Nassau,Nassau,0.00407993216400002,0.055459520694,0.05137958853,2021.53056750837,2021.53464744053,2872
16,17,Nassau,Nassau,0.02310751566,0.078567036354,0.055459520694,2021.53464744053,2021.55775495619,2872
17,18,Nassau,Nassau,0.01287134143,0.091438377784,0.078567036354,2021.55775495619,2021.57062629762,2872
17,3,Nassau,Nassau,0.01547792055,0.094044956904,0.078567036354,2021.55775495619,2021.57323287674,2872
23,11,Nassau,Nassau,0.04725165084,0.09604495691,0.04879330607,2021.52798122591,2021.57523287675,2872
18,19,Nassau,Nassau,0.007090387192,0.098528764976,0.091438377784,2021.57062629762,2021.57771668482,2872
14,21,Nassau,Nassau,0.0618481931,0.09903622296,0.03718802986,2021.5163759497,2021.5782241428,2872
18,4,Nassau,Suffolk,0.01060657912,0.102044956904,0.091438377784,2021.57062629762,2021.58123287674,2872
19,5,Nassau,Nassau,0.006516191932,0.105044956908,0.098528764976,2021.57771668482,2021.58423287675,2872
21,8,Nassau,Nassau,0.006008733948,0.105044956908,0.09903622296,2021.5782241428,2021.58423287675,2872
21,22,Nassau,Nassau,0.007108717549,0.106144940509,0.09903622296,2021.5782241428,2021.58533286035,2872
19,20,Nassau,Nassau,0.008745843147,0.107274608123,0.098528764976,2021.57771668482,2021.58646252796,2872
20,7,Nassau,Nassau,0.002770348785,0.110044956908,0.107274608123,2021.58646252796,2021.58923287675,2872
20,6,Nassau,Nassau,0.00877034878500001,0.116044956908,0.107274608123,2021.58646252796,2021.59523287675,2872
15,1,Nassau,Nassau,0.06666536838,0.11804495691,0.05137958853,2021.53056750837,2021.59723287675,2872
22,10,Nassau,Nassau,0.0229000164,0.129044956909,0.106144940509,2021.58533286035,2021.60823287675,2872
16,2,Nassau,Nassau,0.08158543621,0.137044956904,0.055459520694,2021.53464744053,2021.61623287674,2872
22,9,Nassau,Nassau,0.0509000164,0.157044956909,0.106144940509,2021.58533286035,2021.63623287675,2872
23,12,Nassau,Nassau,0.1432516508,0.19204495687,0.04879330607,2021.52798122591,2021.67123287671,2872
4,1,NewYork,Queens,0.02535495803,0.02535495803,0,2021.63727517896,2021.66263013699,2878
4,5,NewYork,NewYork,0.04195903314,0.04195903314,0,2021.63727517896,2021.6792342121,2878
5,3,NewYork,NewYork,0.005395924887,0.047354958027,0.04195903314,2021.6792342121,2021.68463013699,2878
5,2,NewYork,NewYork,0.01939592489,0.06135495803,0.04195903314,2021.6792342121,2021.69863013699,2878
4,1,Suffolk,Suffolk,0.06010783398,0.06010783398,0,2021.54482367287,2021.60493150685,2897
4,5,Suffolk,Nassau,0.1077262209,0.1077262209,0,2021.54482367287,2021.65254989377,2897
5,2,Nassau,Nassau,0.03238161308,0.14010783398,0.1077262209,2021.65254989377,2021.68493150685,2897
5,3,Nassau,Nassau,0.03238161308,0.14010783398,0.1077262209,2021.65254989377,2021.68493150685,2897
4,1,Nassau,Nassau,0.003179237159,0.003179237159,0,2021.66275226969,2021.66593150685,2900
4,5,Nassau,Nassau,0.01572239221,0.01572239221,0,2021.66275226969,2021.6784746619,2900
5,2,Nassau,Nassau,0.003456844949,0.019179237159,0.01572239221,2021.6784746619,2021.68193150685,2900
5,3,Nassau,Suffolk,0.006456844949,0.022179237159,0.01572239221,2021.6784746619,2021.68493150685,2900
5,1,NewYork,NewYork,0.02672544006,0.02672544006,0,2021.64090469693,2021.66763013699,2902
5,6,NewYork,NewYork,0.01750538317,0.01750538317,0,2021.64090469693,2021.6584100801,2902
6,7,NewYork,NewYork,0.007649021269,0.025154404439,0.01750538317,2021.6584100801,2021.66605910137,2902
7,3,NewYork,NewYork,0.00757103562,0.032725440059,0.025154404439,2021.66605910137,2021.67363013699,2902
6,2,NewYork,NewYork,0.01522005689,0.03272544006,0.01750538317,2021.6584100801,2021.67363013699,2902
7,4,NewYork,Kings,0.03257103562,0.057725440059,0.025154404439,2021.66605910137,2021.69863013699,2902
7,8,NewYork,Queens,0.009096391634,0.009096391634,0,2021.62505417607,2021.6341505677,2912
7,9,NewYork,NewYork,0.000172580808599998,0.000172580808599998,0,2021.62505417607,2021.62522675688,2912
9,10,NewYork,NewYork,0.008502578154,0.0086751589626,0.000172580808599998,2021.62522675688,2021.63372933503,2912
8,1,Queens,Queens,0.03421929531,0.043315686944,0.009096391634,2021.6341505677,2021.66836986301,2912
8,2,Queens,Queens,0.03421929531,0.043315686944,0.009096391634,2021.6341505677,2021.66836986301,2912
10,4,NewYork,NewYork,0.03764052798,0.0463156869426,0.0086751589626,2021.63372933503,2021.67136986301,2912
9,3,NewYork,NewYork,0.05214310613,0.0523156869386,0.000172580808599998,2021.62522675688,2021.67736986301,2912
10,11,NewYork,NewYork,0.04535602209,0.0540311810526,0.0086751589626,2021.63372933503,2021.67908535712,2912
11,5,NewYork,Queens,0.003284505889,0.0573156869416,0.0540311810526,2021.67908535712,2021.68236986301,2912
11,6,NewYork,NewYork,0.02228450589,0.0763156869426,0.0540311810526,2021.67908535712,2021.70136986301,2912
24,25,Nassau,Nassau,0.2361098509,0.2361098509,0,2021.61620861283,2021.85231846373,2924
24,34,Nassau,Nassau,0.02882842441,0.02882842441,0,2021.61620861283,2021.64503703724,2924
34,35,Nassau,Nassau,0.005336969084,0.034165393494,0.02882842441,2021.64503703724,2021.65037400632,2924
34,11,Nassau,Nassau,0.04000405863,0.06883248304,0.02882842441,2021.64503703724,2021.68504109587,2924
35,36,Nassau,Nassau,0.04945664975,0.083622043244,0.034165393494,2021.65037400632,2021.69983065607,2924
36,37,Nassau,Nassau,0.00784420881399994,0.091466252058,0.083622043244,2021.69983065607,2021.70767486489,2924
37,38,Nassau,Nassau,0.00887970825600004,0.100345960314,0.091466252058,2021.70767486489,2021.71655457314,2924
37,22,Nassau,Suffolk,0.01336623098,0.104832483038,0.091466252058,2021.70767486489,2021.72104109587,2924
36,23,Nassau,Westchester,0.0562104398,0.139832483044,0.083622043244,2021.69983065607,2021.75604109587,2924
38,39,Nassau,Nassau,0.04078529104,0.141131251354,0.100345960314,2021.71655457314,2021.75733986418,2924
35,12,Nassau,Nassau,0.1196670895,0.153832482994,0.034165393494,2021.65037400632,2021.77004109582,2924
39,40,Nassau,Nassau,0.02200196633,0.163133217684,0.141131251354,2021.75733986418,2021.77934183051,2924
40,15,Nassau,Nassau,0.004699265358,0.167832483042,0.163133217684,2021.77934183051,2021.78404109587,2924
40,41,Nassau,Nassau,0.07020608473,0.233339302414,0.163133217684,2021.77934183051,2021.84954791524,2924
25,26,Nassau,Nassau,0.000772804610999989,0.236882655511,0.2361098509,2021.85231846373,2021.85309126834,2924
25,1,Nassau,Nassau,0.01572263214,0.25183248304,0.2361098509,2021.85231846373,2021.86804109587,2924
41,43,Nassau,Nassau,0.02352917692,0.256868479334,0.233339302414,2021.84954791524,2021.87307709216,2924
38,13,Nassau,Nassau,0.1574865227,0.257832483014,0.100345960314,2021.71655457314,2021.87404109584,2924
26,33,Nassau,Nassau,0.02340971155,0.260292367061,0.236882655511,2021.85309126834,2021.87650097989,2924
43,44,Nassau,Nassau,0.00585344492500001,0.262721924259,0.256868479334,2021.87307709216,2021.87893053709,2924
26,27,Nassau,Nassau,0.03719539732,0.274078052831,0.236882655511,2021.85309126834,2021.89028666566,2924
44,45,Nassau,Nassau,0.01236145595,0.275083380209,0.262721924259,2021.87893053709,2021.89129199304,2924
43,18,Nassau,Suffolk,0.0199640037,0.276832483034,0.256868479334,2021.87307709216,2021.89304109586,2924
33,9,Nassau,Nassau,0.02454011598,0.284832483041,0.260292367061,2021.87650097989,2021.90104109587,2924
41,42,Nassau,Nassau,0.05515403766,0.288493340074,0.233339302414,2021.84954791524,2021.9047019529,2924
27,28,Nassau,Nassau,0.01685448121,0.290932534041,0.274078052831,2021.89028666566,2021.90714114687,2924
28,29,Nassau,Nassau,0.000539500228800005,0.2914720342698,0.290932534041,2021.90714114687,2021.9076806471,2924
28,30,Nassau,Nassau,0.00262333100599998,0.293555865047,0.290932534041,2021.90714114687,2021.90976447788,2924
27,2,Nassau,Nassau,0.01975443021,0.293832483041,0.274078052831,2021.89028666566,2021.91004109587,2924
29,3,Nassau,Nassau,0.00236044877199998,0.2938324830418,0.2914720342698,2021.9076806471,2021.91004109587,2924
29,4,Nassau,Westchester,0.00236044877199998,0.2938324830418,0.2914720342698,2021.9076806471,2021.91004109587,2924
30,31,Nassau,Nassau,0.000285689542300016,0.2938415545893,0.293555865047,2021.90976447788,2021.91005016742,2924
33,10,Nassau,Nassau,0.03554011598,0.295832483041,0.260292367061,2021.87650097989,2021.91204109587,2924
31,32,Nassau,Nassau,0.00199253196999999,0.2958340865593,0.2938415545893,2021.91005016742,2021.91204269939,2924
30,5,Nassau,Westchester,0.00527661799500001,0.298832483042,0.293555865047,2021.90976447788,2021.91504109587,2924
45,21,Nassau,Nassau,0.03474910282,0.309832483029,0.275083380209,2021.89129199304,2021.92604109586,2924
31,6,Nassau,Nassau,0.01599092845,0.3098324830393,0.2938415545893,2021.91005016742,2021.92604109587,2924
32,7,Nassau,Nassau,0.01399839648,0.3098324830393,0.2958340865593,2021.91204269939,2021.92604109587,2924
45,20,Nassau,Nassau,0.04074910282,0.315832483029,0.275083380209,2021.89129199304,2021.93204109586,2924
32,8,Nassau,Nassau,0.02199839648,0.3178324830393,0.2958340865593,2021.91204269939,2021.93404109587,2924
39,14,Nassau,Suffolk,0.1767012317,0.317832483054,0.141131251354,2021.75733986418,2021.93404109588,2924
42,16,Nassau,Nassau,0.03533914297,0.323832483044,0.288493340074,2021.9047019529,2021.94004109587,2924
42,17,Nassau,Nassau,0.05133914297,0.339832483044,0.288493340074,2021.9047019529,2021.95604109587,2924
44,19,Nassau,Queens,0.1101105588,0.372832483059,0.262721924259,2021.87893053709,2021.98904109589,2924
5,1,Suffolk,Suffolk,0.00670186793200001,0.00670186793200001,0,2021.73562689919,2021.74232876712,2925
5,6,Suffolk,Suffolk,0.06984944736,0.06984944736,0,2021.73562689919,2021.80547634655,2925
6,2,Suffolk,Suffolk,0.01985242057,0.08970186793,0.06984944736,2021.80547634655,2021.82532876712,2925
6,7,Suffolk,Suffolk,0.03700390814,0.1068533555,0.06984944736,2021.80547634655,2021.84248025469,2925
7,3,Suffolk,Suffolk,0.00684851243200001,0.113701867932,0.1068533555,2021.84248025469,2021.84932876712,2925
7,4,Suffolk,Nassau,0.06984851243,0.17670186793,0.1068533555,2021.84248025469,2021.91232876712,2925
15,1,NewYork,Queens,0.03865295487,0.03865295487,0,2021.643278552,2021.68193150687,2930
15,16,NewYork,NewYork,0.0200889618,0.0200889618,0,2021.643278552,2021.6633675138,2930
16,17,NewYork,NewYork,0.002536537965,0.022625499765,0.0200889618,2021.6633675138,2021.66590405176,2930
17,18,NewYork,NewYork,0.000440423423600012,0.0230659231886,0.022625499765,2021.66590405176,2021.66634447519,2930
18,19,NewYork,NewYork,0.02254624191,0.0456121650986,0.0230659231886,2021.66634447519,2021.6888907171,2930
19,20,NewYork,NewYork,0.009083910109,0.0546960752076,0.0456121650986,2021.6888907171,2021.69797462721,2930
20,21,NewYork,NewYork,0.004982527584,0.0596786027916,0.0546960752076,2021.69797462721,2021.70295715479,2930
16,2,NewYork,Kings,0.04656399307,0.06665295487,0.0200889618,2021.6633675138,2021.70993150687,2930
21,7,NewYork,NewYork,0.01497435208,0.0746529548716,0.0596786027916,2021.70295715479,2021.71793150687,2930
21,22,NewYork,NewYork,0.02468389401,0.0843624968016,0.0596786027916,2021.70295715479,2021.7276410488,2930
22,24,NewYork,NewYork,0.00315285973000001,0.0875153565316,0.0843624968016,2021.7276410488,2021.73079390853,2930
24,10,NewYork,NewYork,0.00913759833900002,0.0966529548706,0.0875153565316,2021.73079390853,2021.73993150687,2930
18,4,NewYork,NewYork,0.08458703168,0.1076529548686,0.0230659231886,2021.66634447519,2021.75093150687,2930
19,5,NewYork,NewYork,0.07004078977,0.1156529548686,0.0456121650986,2021.6888907171,2021.75893150687,2930
24,25,NewYork,NewYork,0.03007727143,0.1175926279616,0.0875153565316,2021.73079390853,2021.76087117996,2930
25,11,NewYork,Queens,0.001060326909,0.1186529548706,0.1175926279616,2021.76087117996,2021.76193150687,2930
20,6,NewYork,Queens,0.06595687966,0.1206529548676,0.0546960752076,2021.69797462721,2021.76393150687,2930
25,26,NewYork,NewYork,0.01322500027,0.1308176282316,0.1175926279616,2021.76087117996,2021.77409618023,2930
22,23,NewYork,NewYork,0.04775098605,0.1321134828516,0.0843624968016,2021.7276410488,2021.77539203485,2930
26,12,NewYork,NewYork,0.00383532663700001,0.1346529548686,0.1308176282316,2021.77409618023,2021.77793150687,2930
26,27,NewYork,Queens,0.01833236457,0.1491499928016,0.1308176282316,2021.77409618023,2021.7924285448,2930
27,14,Queens,Queens,0.00750296207000001,0.1566529548716,0.1491499928016,2021.7924285448,2021.79993150687,2930
27,13,Queens,Queens,0.01250296207,0.1616529548716,0.1491499928016,2021.7924285448,2021.80493150687,2930
23,8,NewYork,Bronx,0.07953947202,0.2116529548716,0.1321134828516,2021.77539203485,2021.85493150687,2930
17,3,NewYork,Nassau,0.2110274551,0.233652954865,0.022625499765,2021.66590405176,2021.87693150686,2930
23,9,NewYork,Kings,0.109539472,0.2416529548516,0.1321134828516,2021.77539203485,2021.88493150685,2930
6,7,Westchester,Westchester,0.0281868559,0.0281868559,0,2021.53613623712,2021.56432309302,2938
7,1,Westchester,Westchester,0.003005674136,0.031192530036,0.0281868559,2021.56432309302,2021.56732876716,2938
6,8,Westchester,Westchester,0.03496790756,0.03496790756,0,2021.53613623712,2021.57110414468,2938
7,2,Westchester,Westchester,0.00900567413600001,0.037192530036,0.0281868559,2021.56432309302,2021.57332876716,2938
8,3,Westchester,Westchester,0.01322462248,0.04819253004,0.03496790756,2021.57110414468,2021.58432876716,2938
8,9,Westchester,Westchester,0.05609270224,0.0910606098,0.03496790756,2021.57110414468,2021.62719684692,2938
9,4,Westchester,NewYork,0.2031319202,0.29419253,0.0910606098,2021.62719684692,2021.83032876712,2938
9,5,Westchester,Suffolk,0.2851319202,0.37619253,0.0910606098,2021.62719684692,2021.91232876712,2938
4,1,NewYork,NewYork,0.04869571303,0.04869571303,0,2021.54034538286,2021.58904109589,294
4,5,NewYork,NewYork,0.01335007449,0.01335007449,0,2021.54034538286,2021.55369545735,294
5,3,NewYork,NewYork,0.02434563854,0.03769571303,0.01335007449,2021.55369545735,2021.57804109589,294
5,2,NewYork,NewYork,0.03534563854,0.04869571303,0.01335007449,2021.55369545735,2021.58904109589,294
10,1,Kings,NewYork,0.1893584153,0.1893584153,0,2021.49895665313,2021.68831506843,2951
10,11,Kings,NewYork,0.01720923319,0.01720923319,0,2021.49895665313,2021.51616588632,2951
11,12,NewYork,NewYork,0.02346164539,0.04067087858,0.01720923319,2021.51616588632,2021.53962753171,2951
12,13,NewYork,NewYork,0.00237244787599999,0.043043326456,0.04067087858,2021.53962753171,2021.54199997959,2951
13,14,NewYork,NewYork,0.00868917587699997,0.051732502333,0.043043326456,2021.54199997959,2021.55068915547,2951
14,15,NewYork,NewYork,0.00337448978600002,0.055106992119,0.051732502333,2021.55068915547,2021.55406364525,2951
15,16,NewYork,NewYork,0.01292155973,0.068028551849,0.055106992119,2021.55406364525,2021.56698520498,2951
16,17,NewYork,NewYork,0.000242963782899952,0.0682715156319,0.068028551849,2021.56698520498,2021.56722816877,2951
15,6,NewYork,NewYork,0.01625142319,0.071358415309,0.055106992119,2021.55406364525,2021.57031506844,2951
16,7,NewYork,NewYork,0.008329863459,0.076358415308,0.068028551849,2021.56698520498,2021.57531506844,2951
14,5,NewYork,Queens,0.0246259129800001,0.076358415313,0.051732502333,2021.55068915547,2021.57531506845,2951
17,8,NewYork,NewYork,0.01708689968,0.0853584153119,0.0682715156319,2021.56722816877,2021.58431506845,2951
11,2,NewYork,Queens,0.07314918211,0.0903584153,0.01720923319,2021.51616588632,2021.58931506843,2951
17,9,NewYork,NewYork,0.02208689968,0.0903584153119,0.0682715156319,2021.56722816877,2021.58931506845,2951
12,3,NewYork,Bronx,0.1076875367,0.14835841528,0.04067087858,2021.53962753171,2021.64731506841,2951
13,4,NewYork,Queens,0.3073150889,0.350358415356,0.043043326456,2021.54199997959,2021.84931506849,2951
6,7,Nassau,Nassau,0.05157833808,0.05157833808,0,2021.71578123957,2021.76735957765,2966
6,8,Nassau,Nassau,0.03471985525,0.03471985525,0,2021.71578123957,2021.75050109482,2966
7,1,Nassau,Nassau,0.01399658673,0.06557492481,0.05157833808,2021.76735957765,2021.78135616438,2966
8,9,Nassau,Nassau,0.04456460399,0.07928445924,0.03471985525,2021.75050109482,2021.79506569881,2966
7,2,Nassau,Nassau,0.02799658673,0.07957492481,0.05157833808,2021.76735957765,2021.79535616438,2966
9,4,Nassau,Nassau,0.00829046557099999,0.087574924811,0.07928445924,2021.79506569881,2021.80335616438,2966
9,5,Nassau,Queens,0.02129046557,0.10057492481,0.07928445924,2021.79506569881,2021.81635616438,2966
8,3,Nassau,Nassau,0.08785506956,0.12257492481,0.03471985525,2021.75050109482,2021.83835616438,2966
4,1,Westchester,Westchester,0.007426296361,0.007426296361,0,2021.75965589542,2021.76708219178,2973
4,5,Westchester,Westchester,0.001016851333,0.001016851333,0,2021.75965589542,2021.76067274675,2973
5,2,Westchester,Westchester,0.006409445028,0.007426296361,0.001016851333,2021.76067274675,2021.76708219178,2973
5,3,Westchester,Westchester,0.01740944503,0.018426296363,0.001016851333,2021.76067274675,2021.77808219178,2973
7,1,NewYork,Kings,0.02238221535,0.02238221535,0,2021.78234381202,2021.80472602737,2976
7,8,NewYork,NewYork,0.0167502505,0.0167502505,0,2021.78234381202,2021.79909406252,2976
8,9,NewYork,NewYork,0.00333718664799998,0.020087437148,0.0167502505,2021.79909406252,2021.80243124917,2976
9,10,NewYork,Nassau,0.03070657469,0.050794011838,0.020087437148,2021.80243124917,2021.83313782386,2976
10,11,Nassau,Nassau,0.00404003963999999,0.054834051478,0.050794011838,2021.83313782386,2021.8371778635,2976
11,6,Nassau,Kings,0.00354816387500001,0.058382215353,0.054834051478,2021.8371778635,2021.84072602738,2976
10,4,Nassau,Nassau,0.05958820351,0.110382215348,0.050794011838,2021.83313782386,2021.89272602737,2976
9,3,NewYork,Nassau,0.0982947782,0.118382215348,0.020087437148,2021.80243124917,2021.90072602737,2976
8,2,NewYork,NewYork,0.1076319649,0.1243822154,0.0167502505,2021.79909406252,2021.90672602742,2976
11,5,Nassau,Nassau,0.1025481639,0.157382215378,0.054834051478,2021.8371778635,2021.9397260274,2976
4,1,NewYork,NewYork,0.01028854997,0.01028854997,0,2021.57888953222,2021.58917808219,2983
4,5,NewYork,NewYork,0.004913952083,0.004913952083,0,2021.57888953222,2021.5838034843,2983
5,2,NewYork,NewYork,0.00537459789,0.010288549973,0.004913952083,2021.5838034843,2021.58917808219,2983
5,3,NewYork,Bronx,0.03537459789,0.040288549973,0.004913952083,2021.5838034843,2021.61917808219,2983
5,1,Westchester,Westchester,0.01792091235,0.01792091235,0,2021.85353114243,2021.87145205478,2990
5,6,Westchester,Westchester,0.004361224761,0.004361224761,0,2021.85353114243,2021.8578923672,2990
6,7,Westchester,Westchester,0.01409760174,0.018458826501,0.004361224761,2021.8578923672,2021.87198996894,2990
6,2,Westchester,Westchester,0.02155968759,0.025920912351,0.004361224761,2021.8578923672,2021.87945205479,2990
7,3,Westchester,Westchester,0.007462085854,0.025920912355,0.018458826501,2021.87198996894,2021.87945205479,2990
7,4,Westchester,Westchester,0.007462085854,0.025920912355,0.018458826501,2021.87198996894,2021.87945205479,2990
4,5,Westchester,Westchester,0.01113992082,0.01113992082,0,2021.84440516009,2021.85554508091,2997
5,2,Westchester,Westchester,0.002865877995,0.014005798815,0.01113992082,2021.85554508091,2021.85841095891,2997
5,1,Westchester,Westchester,0.01886587799,0.03000579881,0.01113992082,2021.85554508091,2021.8744109589,2997
4,3,Westchester,Westchester,0.04600579881,0.04600579881,0,2021.84440516009,2021.8904109589,2997
4,1,Westchester,Westchester,0.00975473158200001,0.00975473158200001,0,2021.76508088486,2021.77483561644,2998
4,5,Westchester,Westchester,0.05274628916,0.05274628916,0,2021.76508088486,2021.81782717402,2998
5,2,Westchester,Westchester,0.02000844242,0.07275473158,0.05274628916,2021.81782717402,2021.83783561644,2998
5,3,Westchester,NewYork,0.02600844242,0.07875473158,0.05274628916,2021.81782717402,2021.84383561644,2998
4,1,Nassau,Nassau,0.004734966911,0.004734966911,0,2021.71052530706,2021.71526027397,2999
4,5,Nassau,Nassau,0.04686038389,0.04686038389,0,2021.71052530706,2021.75738569095,2999
5,3,Nassau,Nassau,0.004874583021,0.051734966911,0.04686038389,2021.75738569095,2021.76226027397,2999
5,2,Nassau,Nassau,0.03987458302,0.08673496691,0.04686038389,2021.75738569095,2021.79726027397,2999
4,1,Kings,Westchester,0.02605615775,0.02605615775,0,2021.49477945869,2021.52083561644,3008
4,5,Kings,Kings,0.05133709664,0.05133709664,0,2021.49477945869,2021.54611655533,3008
5,2,Kings,Kings,0.04271906111,0.09405615775,0.05133709664,2021.54611655533,2021.58883561644,3008
5,3,Kings,Kings,0.09771906111,0.14905615775,0.05133709664,2021.54611655533,2021.64383561644,3008
4,5,Westchester,Queens,0.06448552268,0.06448552268,0,2021.72562904267,2021.79011456535,3009
5,1,Queens,Queens,0.001871735988,0.066357258668,0.06448552268,2021.79011456535,2021.79198630134,3009
5,2,Queens,Queens,0.001871735988,0.066357258668,0.06448552268,2021.79011456535,2021.79198630134,3009
4,3,Westchester,Westchester,0.2113572587,0.2113572587,0,2021.72562904267,2021.93698630137,3009
4,5,NewYork,NewYork,0.05316422766,0.05316422766,0,2021.53856750859,2021.59173173625,3017
5,2,NewYork,NewYork,0.01144634594,0.0646105736,0.05316422766,2021.59173173625,2021.60317808219,3017
5,1,NewYork,NewYork,0.02444634594,0.0776105736,0.05316422766,2021.59173173625,2021.61617808219,3017
4,3,NewYork,NewYork,0.0806105736,0.0806105736,0,2021.53856750859,2021.61917808219,3017
5,1,NewYork,Suffolk,0.1433326374,0.1433326374,0,2021.54159886945,2021.68493150685,3026
5,6,NewYork,NewYork,0.01314828934,0.01314828934,0,2021.54159886945,2021.55474715879,3026
6,2,NewYork,Kings,0.02618434806,0.0393326374,0.01314828934,2021.55474715879,2021.58093150685,3026
6,7,NewYork,NewYork,0.04057449048,0.05372277982,0.01314828934,2021.55474715879,2021.59532164927,3026
7,3,NewYork,NewYork,0.01260985757,0.06633263739,0.05372277982,2021.59532164927,2021.60793150684,3026
7,4,NewYork,Westchester,0.05160985757,0.10533263739,0.05372277982,2021.59532164927,2021.64693150684,3026
4,1,NewYork,Queens,0.004254447477,0.004254447477,0,2021.58001952512,2021.5842739726,3029
4,5,NewYork,NewYork,0.0632549927,0.0632549927,0,2021.58001952512,2021.64327451782,3029
5,2,NewYork,NewYork,0.01699945478,0.08025444748,0.0632549927,2021.64327451782,2021.6602739726,3029
5,3,NewYork,NewYork,0.01699945478,0.08025444748,0.0632549927,2021.64327451782,2021.6602739726,3029
4,1,Richmond,Richmond,0.06205217845,0.06205217845,0,2021.58152316402,2021.64357534247,303
4,5,Richmond,Richmond,0.04622134495,0.04622134495,0,2021.58152316402,2021.62774450897,303
5,2,Richmond,Richmond,0.0158308335,0.06205217845,0.04622134495,2021.62774450897,2021.64357534247,303
5,3,Richmond,Richmond,0.0188308335,0.06505217845,0.04622134495,2021.62774450897,2021.64657534247,303
5,1,NewYork,Nassau,0.09533078881,0.09533078881,0,2021.51584729338,2021.61117808219,305
5,6,NewYork,NewYork,0.01363008153,0.01363008153,0,2021.51584729338,2021.52947737491,305
6,7,NewYork,NewYork,0.02569271123,0.03932279276,0.01363008153,2021.52947737491,2021.55517008614,305
6,2,NewYork,NewYork,0.03470070728,0.04833078881,0.01363008153,2021.52947737491,2021.56417808219,305
7,3,NewYork,NewYork,0.01800799605,0.05733078881,0.03932279276,2021.55517008614,2021.57317808219,305
7,4,NewYork,NewYork,0.06400799605,0.10333078881,0.03932279276,2021.55517008614,2021.61917808219,305
6,7,Kings,Kings,0.00239419458200001,0.00239419458200001,0,2021.60891423444,2021.61130842902,3051
7,8,Kings,Kings,0.01561017745,0.018004372032,0.00239419458200001,2021.61130842902,2021.62691860647,3051
7,1,Kings,Queens,0.02214362577,0.024537820352,0.00239419458200001,2021.61130842902,2021.63345205479,3051
8,2,Kings,Westchester,0.01453344832,0.032537820352,0.018004372032,2021.62691860647,2021.64145205479,3051
8,9,Kings,Kings,0.01483119944,0.032835571472,0.018004372032,2021.62691860647,2021.64174980591,3051
9,3,Kings,Kings,0.002702248883,0.035537820355,0.032835571472,2021.64174980591,2021.6444520548,3051
9,4,Kings,NewYork,0.01370224888,0.046537820352,0.032835571472,2021.64174980591,2021.65545205479,3051
6,5,Kings,NewYork,0.07053782035,0.07053782035,0,2021.60891423444,2021.67945205479,3051
7,8,Suffolk,Suffolk,0.00928464885700001,0.00928464885700001,0,2021.46337041672,2021.47265506557,306
8,9,Suffolk,Suffolk,0.008364457077,0.017649105934,0.00928464885700001,2021.47265506557,2021.48101952265,306
7,10,Suffolk,Suffolk,0.03887516198,0.03887516198,0,2021.46337041672,2021.5022455787,306
10,11,Suffolk,Suffolk,0.01473151749,0.05360667947,0.03887516198,2021.5022455787,2021.51697709619,306
9,3,Suffolk,Suffolk,0.04170650475,0.059355610684,0.017649105934,2021.48101952265,2021.5227260274,306
8,1,Suffolk,Suffolk,0.05007096183,0.059355610687,0.00928464885700001,2021.47265506557,2021.5227260274,306
10,4,Suffolk,Suffolk,0.02048044871,0.05935561069,0.03887516198,2021.5022455787,2021.52272602741,306
11,5,Suffolk,Suffolk,0.008748931217,0.062355610687,0.05360667947,2021.51697709619,2021.5257260274,306
11,6,Suffolk,Suffolk,0.008748931217,0.062355610687,0.05360667947,2021.51697709619,2021.5257260274,306
9,2,Suffolk,Suffolk,0.05870650475,0.076355610684,0.017649105934,2021.48101952265,2021.5397260274,306
5,1,NewYork,Suffolk,0.07274004847,0.07274004847,0,2021.6170544721,2021.68979452057,3064
5,6,NewYork,NewYork,0.02081253256,0.02081253256,0,2021.6170544721,2021.63786700466,3064
6,2,NewYork,Queens,0.01092751591,0.03174004847,0.02081253256,2021.63786700466,2021.64879452057,3064
6,7,NewYork,NewYork,0.02584816099,0.04666069355,0.02081253256,2021.63786700466,2021.66371516565,3064
7,4,NewYork,NewYork,0.002079354921,0.048740048471,0.04666069355,2021.66371516565,2021.66579452057,3064
7,3,NewYork,Nassau,0.1910793549,0.23774004845,0.04666069355,2021.66371516565,2021.85479452055,3064
5,1,Westchester,Westchester,0.02364705287,0.02364705287,0,2021.90881870055,2021.93246575342,3069
5,6,Westchester,Westchester,0.01813602916,0.01813602916,0,2021.90881870055,2021.92695472971,3069
6,7,Westchester,Westchester,0.01329774432,0.03143377348,0.01813602916,2021.92695472971,2021.94025247403,3069
7,3,Westchester,Westchester,0.0002132793937,0.0316470528737,0.03143377348,2021.94025247403,2021.94046575342,3069
7,4,Westchester,Westchester,0.0002132793937,0.0316470528737,0.03143377348,2021.94025247403,2021.94046575342,3069
6,2,Westchester,Westchester,0.01551102371,0.03364705287,0.01813602916,2021.92695472971,2021.94246575342,3069
5,6,NewYork,NewYork,0.01003615511,0.01003615511,0,2021.61426981269,2021.6243059678,3079
6,7,NewYork,NewYork,0.00247528623,0.01251144134,0.01003615511,2021.6243059678,2021.62678125403,3079
6,3,NewYork,NewYork,0.002831018496,0.012867173606,0.01003615511,2021.6243059678,2021.6271369863,3079
5,4,NewYork,NewYork,0.01286717361,0.01286717361,0,2021.61426981269,2021.6271369863,3079
7,1,NewYork,NewYork,0.003355732266,0.015867173606,0.01251144134,2021.62678125403,2021.6301369863,3079
7,2,NewYork,NewYork,0.003355732266,0.015867173606,0.01251144134,2021.62678125403,2021.6301369863,3079
5,1,Queens,Queens,0.01302917884,0.01302917884,0,2021.83860095815,2021.85163013699,3091
5,6,Queens,Nassau,0.04715689052,0.04715689052,0,2021.83860095815,2021.88575784867,3091
6,7,Nassau,Nassau,0.009235987225,0.056392877745,0.04715689052,2021.88575784867,2021.8949938359,3091
7,2,Nassau,Nassau,0.0006363010925,0.0570291788375,0.056392877745,2021.8949938359,2021.89563013699,3091
7,3,Nassau,Nassau,0.0006363010925,0.0570291788375,0.056392877745,2021.8949938359,2021.89563013699,3091
6,4,Nassau,Nassau,0.01287228832,0.06002917884,0.04715689052,2021.88575784867,2021.89863013699,3091
8,9,Kings,Kings,0.02215612358,0.02215612358,0,2021.53949821312,2021.5616543367,3104
8,13,Kings,Kings,0.01606078319,0.01606078319,0,2021.53949821312,2021.55555899631,3104
13,6,Kings,Westchester,0.01729031876,0.03335110195,0.01606078319,2021.55555899631,2021.57284931507,3104
9,1,Kings,Kings,0.02719497837,0.04935110195,0.02215612358,2021.5616543367,2021.58884931507,3104
9,10,Kings,Kings,0.02958305484,0.05173917842,0.02215612358,2021.5616543367,2021.59123739154,3104
10,2,Kings,Kings,0.000611923528700001,0.0523511019487,0.05173917842,2021.59123739154,2021.59184931507,3104
10,11,Kings,Kings,0.01452956255,0.06626874097,0.05173917842,2021.59123739154,2021.60576695409,3104
11,3,Kings,Kings,0.002082360979,0.068351101949,0.06626874097,2021.60576695409,2021.60784931507,3104
13,7,Kings,Kings,0.05229031876,0.06835110195,0.01606078319,2021.55555899631,2021.60784931507,3104
11,12,Kings,Queens,0.05454088428,0.12080962525,0.06626874097,2021.60576695409,2021.66030783837,3104
12,5,Queens,Kings,0.0295414767,0.15035110195,0.12080962525,2021.66030783837,2021.68984931507,3104
12,4,Queens,Queens,0.0465414767,0.16735110195,0.12080962525,2021.66030783837,2021.70684931507,3104
4,1,Queens,Queens,0.06397745023,0.06397745023,0,2021.52506364566,2021.58904109589,311
4,5,Queens,Kings,0.0114935702,0.0114935702,0,2021.52506364566,2021.53655721586,311
5,3,Kings,Kings,0.02548388003,0.03697745023,0.0114935702,2021.53655721586,2021.56204109589,311
5,2,Kings,NewYork,0.05248388003,0.06397745023,0.0114935702,2021.53655721586,2021.58904109589,311
5,1,Nassau,Nassau,0.09975126817,0.09975126817,0,2021.60442681402,2021.70417808219,3114
5,6,Nassau,Nassau,0.1538342382,0.1538342382,0,2021.60442681402,2021.75826105222,3114
6,7,Nassau,Westchester,0.0218881025,0.1757223407,0.1538342382,2021.75826105222,2021.78014915472,3114
7,3,Westchester,Westchester,0.01502892747,0.19075126817,0.1757223407,2021.78014915472,2021.79517808219,3114
6,2,Nassau,Richmond,0.03891702997,0.19275126817,0.1538342382,2021.75826105222,2021.79717808219,3114
7,4,Westchester,Westchester,0.03902892747,0.21475126817,0.1757223407,2021.78014915472,2021.81917808219,3114
4,1,Westchester,Westchester,0.1141289475,0.1141289475,0,2021.46077516209,2021.57490410959,3119
4,5,Westchester,Westchester,0.1299897894,0.1299897894,0,2021.46077516209,2021.59076495149,3119
5,2,Westchester,Westchester,0.03913915812,0.16912894752,0.1299897894,2021.59076495149,2021.62990410961,3119
5,3,Westchester,NewYork,0.1681391581,0.2981289475,0.1299897894,2021.59076495149,2021.75890410959,3119
11,12,NewYork,NewYork,0.1230106953,0.1230106953,0,2021.57627275575,2021.69928345105,3120
12,1,NewYork,Suffolk,0.0154699736,0.1384806689,0.1230106953,2021.69928345105,2021.71475342465,3120
12,2,NewYork,Nassau,0.0404699736,0.1634806689,0.1230106953,2021.69928345105,2021.73975342465,3120
11,13,NewYork,NewYork,0.1950465192,0.1950465192,0,2021.57627275575,2021.77131927495,3120
13,14,NewYork,NewYork,0.00813224164599999,0.203178760846,0.1950465192,2021.77131927495,2021.7794515166,3120
14,15,NewYork,Queens,0.03245154512,0.235630305966,0.203178760846,2021.7794515166,2021.81190306172,3120
15,4,Queens,Queens,0.00185036293800001,0.237480668904,0.235630305966,2021.81190306172,2021.81375342466,3120
15,5,Queens,Queens,0.00685036293800001,0.242480668904,0.235630305966,2021.81190306172,2021.81875342466,3120
14,16,NewYork,NewYork,0.05114532105,0.254324081896,0.203178760846,2021.7794515166,2021.83059683765,3120
16,17,NewYork,NewYork,0.01328730525,0.267611387146,0.254324081896,2021.83059683765,2021.8438841429,3120
17,18,NewYork,NewYork,0.00563555422299999,0.273246941369,0.267611387146,2021.8438841429,2021.84951969712,3120
16,19,NewYork,NewYork,0.0210599363,0.275384018196,0.254324081896,2021.83059683765,2021.85165677395,3120
13,3,NewYork,Suffolk,0.0804341497,0.2754806689,0.1950465192,2021.77131927495,2021.85175342465,3120
17,6,NewYork,NewYork,0.007869281758,0.275480668904,0.267611387146,2021.8438841429,2021.85175342466,3120
18,7,NewYork,NewYork,0.00223372753500001,0.275480668904,0.273246941369,2021.84951969712,2021.85175342466,3120
18,8,NewYork,NewYork,0.00223372753500001,0.275480668904,0.273246941369,2021.84951969712,2021.85175342466,3120
19,9,NewYork,NewYork,0.01409665071,0.289480668906,0.275384018196,2021.85165677395,2021.86575342466,3120
19,10,NewYork,NewYork,0.01409665071,0.289480668906,0.275384018196,2021.85165677395,2021.86575342466,3120
4,1,Kings,Westchester,0.02326528312,0.02326528312,0,2021.91346074428,2021.9367260274,3128
4,5,Kings,Kings,0.000692083047000001,0.000692083047000001,0,2021.91346074428,2021.91415282733,3128
5,2,Kings,Kings,0.000573200069999998,0.001265283117,0.000692083047000001,2021.91415282733,2021.9147260274,3128
5,3,Kings,Queens,0.02557320007,0.026265283117,0.000692083047000001,2021.91415282733,2021.9397260274,3128
4,1,Westchester,Westchester,0.0203191119,0.0203191119,0,2021.83800965522,2021.85832876712,3131
4,5,Westchester,Westchester,0.05300561891,0.05300561891,0,2021.83800965522,2021.89101527413,3131
5,2,Westchester,Westchester,0.01931349299,0.0723191119,0.05300561891,2021.89101527413,2021.91032876712,3131
5,3,Westchester,Westchester,0.02131349299,0.0743191119,0.05300561891,2021.89101527413,2021.91232876712,3131
9,1,Westchester,Westchester,0.000795461623999988,0.000795461623999988,0,2021.73919083974,2021.73998630136,3132
9,10,Westchester,Westchester,0.08520714616,0.08520714616,0,2021.73919083974,2021.8243979859,3132
10,13,Westchester,Westchester,0.02411450859,0.10932165475,0.08520714616,2021.8243979859,2021.84851249449,3132
10,11,Westchester,Westchester,0.02663430538,0.11184145154,0.08520714616,2021.8243979859,2021.85103229128,3132
11,12,Westchester,Westchester,0.004397990785,0.116239442325,0.11184145154,2021.85103229128,2021.85543028207,3132
13,14,Westchester,Westchester,0.008704104398,0.118025759148,0.10932165475,2021.84851249449,2021.85721659889,3132
11,2,Westchester,Westchester,0.01195401008,0.12379546162,0.11184145154,2021.85103229128,2021.86298630136,3132
12,3,Westchester,Westchester,0.007556019299,0.123795461624,0.116239442325,2021.85543028207,2021.86298630136,3132
12,4,Westchester,Westchester,0.007556019299,0.123795461624,0.116239442325,2021.85543028207,2021.86298630136,3132
14,6,Westchester,Westchester,0.01676970248,0.134795461628,0.118025759148,2021.85721659889,2021.87398630137,3132
14,15,Westchester,Westchester,0.02472143185,0.142747190998,0.118025759148,2021.85721659889,2021.88193803074,3132
15,8,Westchester,Westchester,0.0000482706300800051,0.14279546162808,0.142747190998,2021.88193803074,2021.88198630137,3132
15,7,Westchester,Nassau,0.03604827063,0.178795461628,0.142747190998,2021.88193803074,2021.91798630137,3132
13,5,Westchester,Westchester,0.08847380688,0.19779546163,0.10932165475,2021.84851249449,2021.93698630137,3132
4,1,Westchester,Westchester,0.01576636684,0.01576636684,0,2021.65482267426,2021.6705890411,3136
4,5,Westchester,Westchester,0.02360307073,0.02360307073,0,2021.65482267426,2021.67842574499,3136
5,2,Westchester,Westchester,0.003163296112,0.026766366842,0.02360307073,2021.67842574499,2021.6815890411,3136
5,3,Westchester,Suffolk,0.03116329611,0.05476636684,0.02360307073,2021.67842574499,2021.7095890411,3136
4,1,NewYork,NewYork,0.03153296206,0.03153296206,0,2021.73894648999,2021.77047945205,3139
4,5,NewYork,NewYork,0.01284863273,0.01284863273,0,2021.73894648999,2021.75179512272,3139
5,2,NewYork,Nassau,0.02368432933,0.03653296206,0.01284863273,2021.75179512272,2021.77547945205,3139
5,3,NewYork,NewYork,0.05368432933,0.06653296206,0.01284863273,2021.75179512272,2021.80547945205,3139
4,1,Westchester,Westchester,0.007704194326,0.007704194326,0,2021.67163827142,2021.67934246575,3143
4,5,Westchester,Bronx,0.06165850704,0.06165850704,0,2021.67163827142,2021.73329677846,3143
5,3,Bronx,Bronx,0.00904568728600001,0.070704194326,0.06165850704,2021.73329677846,2021.74234246575,3143
5,2,Bronx,Bronx,0.04204568729,0.10370419433,0.06165850704,2021.73329677846,2021.77534246575,3143
4,1,Bronx,Bronx,0.008581843491,0.008581843491,0,2021.60785651267,2021.61643835616,3148
4,5,Bronx,Bronx,0.006133750441,0.006133750441,0,2021.60785651267,2021.61399026311,3148
5,2,Bronx,Bronx,0.0004480930497,0.0065818434907,0.006133750441,2021.61399026311,2021.61443835616,3148
5,3,Bronx,Queens,0.0004480930497,0.0065818434907,0.006133750441,2021.61399026311,2021.61443835616,3148
6,1,Westchester,Westchester,0.01074238881,0.01074238881,0,2021.63075076187,2021.64149315068,3150
6,7,Westchester,Westchester,0.00860795828,0.00860795828,0,2021.63075076187,2021.63935872015,3150
7,8,Westchester,Westchester,0.009361018742,0.017968977022,0.00860795828,2021.63935872015,2021.64871973889,3150
7,9,Westchester,Westchester,0.00944896692,0.0180569252,0.00860795828,2021.63935872015,2021.64880768707,3150
8,3,Westchester,Westchester,0.0007734117855,0.0187423888075,0.017968977022,2021.64871973889,2021.64949315068,3150
9,4,Westchester,Westchester,0.000685463607499999,0.0187423888075,0.0180569252,2021.64880768707,2021.64949315068,3150
8,2,Westchester,Westchester,0.01477341179,0.032742388812,0.017968977022,2021.64871973889,2021.66349315068,3150
9,5,Westchester,Westchester,0.01968546361,0.03774238881,0.0180569252,2021.64880768707,2021.66849315068,3150
5,1,Nassau,Nassau,0.002384294514,0.002384294514,0,2021.60593077397,2021.60831506849,3159
5,6,Nassau,Nassau,0.009760382708,0.009760382708,0,2021.60593077397,2021.61569115668,3159
6,2,Nassau,Suffolk,0.006623911806,0.016384294514,0.009760382708,2021.61569115668,2021.62231506849,3159
6,7,Nassau,Nassau,0.01059224532,0.020352628028,0.009760382708,2021.61569115668,2021.626283402,3159
7,3,Nassau,Nassau,0.001031666486,0.021384294514,0.020352628028,2021.626283402,2021.62731506849,3159
7,4,Nassau,Bronx,0.02303166649,0.043384294518,0.020352628028,2021.626283402,2021.64931506849,3159
4,1,Bronx,Bronx,0.0566520482,0.0566520482,0,2021.64433425317,2021.70098630137,3163
4,5,Bronx,Bronx,0.001073974741,0.001073974741,0,2021.64433425317,2021.64540822791,3163
5,3,Bronx,Bronx,0.03957807346,0.040652048201,0.001073974741,2021.64540822791,2021.68498630137,3163
5,2,Bronx,NewYork,0.09157807346,0.092652048201,0.001073974741,2021.64540822791,2021.73698630137,3163
4,1,NewYork,NewYork,0.04810247576,0.04810247576,0,2021.61513040095,2021.66323287671,3174
4,5,NewYork,NewYork,0.02553412133,0.02553412133,0,2021.61513040095,2021.64066452228,3174
5,3,NewYork,NewYork,0.02556835443,0.05110247576,0.02553412133,2021.64066452228,2021.66623287671,3174
5,2,NewYork,NewYork,0.03056835443,0.05610247576,0.02553412133,2021.64066452228,2021.67123287671,3174
5,6,Kings,Kings,0.04999756755,0.04999756755,0,2021.78107998474,2021.83107755229,3177
5,7,Kings,Westchester,0.04566059181,0.04566059181,0,2021.78107998474,2021.82674057655,3177
7,4,Westchester,Westchester,0.01467038235,0.06033097416,0.04566059181,2021.82674057655,2021.8414109589,3177
6,1,Kings,Kings,0.02433340661,0.07433097416,0.04999756755,2021.83107755229,2021.8554109589,3177
6,2,Kings,NewYork,0.04633340661,0.09633097416,0.04999756755,2021.83107755229,2021.8774109589,3177
7,3,Westchester,Westchester,0.06367038235,0.10933097416,0.04566059181,2021.82674057655,2021.8904109589,3177
4,1,Suffolk,Suffolk,0.03432216556,0.03432216556,0,2021.54323947828,2021.57756164384,32
4,5,Suffolk,Suffolk,0.0392668657,0.0392668657,0,2021.54323947828,2021.58250634398,32
5,2,Suffolk,Suffolk,0.001055299863,0.040322165563,0.0392668657,2021.58250634398,2021.58356164384,32
5,3,Suffolk,Suffolk,0.001055299863,0.040322165563,0.0392668657,2021.58250634398,2021.58356164384,32
4,1,Nassau,Nassau,0.006487343959,0.006487343959,0,2021.70329347796,2021.70978082192,3208
4,5,Nassau,Nassau,0.02830357356,0.02830357356,0,2021.70329347796,2021.73159705152,3208
5,2,Nassau,Nassau,0.0461837704,0.07448734396,0.02830357356,2021.73159705152,2021.77778082192,3208
5,3,Nassau,Nassau,0.0601837704,0.08848734396,0.02830357356,2021.73159705152,2021.79178082192,3208
10,11,NewYork,Kings,0.01477914675,0.01477914675,0,2021.60750134283,2021.62228048958,3213
10,12,NewYork,NewYork,0.01526638527,0.01526638527,0,2021.60750134283,2021.6227677281,3213
11,1,Kings,Kings,0.00808937342299998,0.022868520173,0.01477914675,2021.62228048958,2021.630369863,3213
11,2,Kings,Westchester,0.00808937342299998,0.022868520173,0.01477914675,2021.62228048958,2021.630369863,3213
12,3,NewYork,NewYork,0.00760213490299999,0.022868520173,0.01526638527,2021.6227677281,2021.630369863,3213
12,13,NewYork,NewYork,0.01101697901,0.02628336428,0.01526638527,2021.6227677281,2021.63378470711,3213
13,14,NewYork,NewYork,0.00192365763300001,0.028207021913,0.02628336428,2021.63378470711,2021.63570836474,3213
14,4,NewYork,Westchester,0.00866149826000001,0.036868520173,0.028207021913,2021.63570836474,2021.644369863,3213
14,5,NewYork,Nassau,0.02466149826,0.052868520173,0.028207021913,2021.63570836474,2021.660369863,3213
13,15,NewYork,Nassau,0.1486159103,0.17489927458,0.02628336428,2021.63378470711,2021.78240061741,3213
15,16,Nassau,Nassau,0.02669893269,0.20159820727,0.17489927458,2021.78240061741,2021.8090995501,3213
16,7,Nassau,Nassau,0.00727031291300001,0.208868520183,0.20159820727,2021.8090995501,2021.81636986301,3213
16,17,Nassau,Nassau,0.01132678482,0.21292499209,0.20159820727,2021.8090995501,2021.82042633492,3213
17,8,Nassau,Nassau,0.001943528093,0.214868520183,0.21292499209,2021.82042633492,2021.82236986301,3213
15,6,Nassau,Nassau,0.0539692456,0.22886852018,0.17489927458,2021.78240061741,2021.83636986301,3213
17,9,Nassau,Kings,0.08094352809,0.29386852018,0.21292499209,2021.82042633492,2021.90136986301,3213
6,1,Nassau,Nassau,0.0662448723,0.0662448723,0,2021.69735786743,2021.76360273973,3215
6,7,Nassau,Nassau,0.1663287256,0.1663287256,0,2021.69735786743,2021.86368659303,3215
7,8,Nassau,Nassau,0.01104278664,0.17737151224,0.1663287256,2021.86368659303,2021.87472937967,3215
7,2,Nassau,Nassau,0.0289161467,0.1952448723,0.1663287256,2021.86368659303,2021.89260273973,3215
8,9,Nassau,Nassau,0.01959217407,0.19696368631,0.17737151224,2021.87472937967,2021.89432155374,3215
9,5,Nassau,Nassau,0.00628118598800001,0.203244872298,0.19696368631,2021.89432155374,2021.90060273973,3215
9,4,Nassau,Nassau,0.01528118599,0.2122448723,0.19696368631,2021.89432155374,2021.90960273973,3215
8,3,Nassau,Suffolk,0.09787336006,0.2752448723,0.17737151224,2021.87472937967,2021.97260273973,3215
4,1,Queens,Queens,0.0171062855,0.0171062855,0,2021.84292111176,2021.86002739726,3220
4,5,Queens,Nassau,0.06262025543,0.06262025543,0,2021.84292111176,2021.90554136719,3220
5,3,Nassau,Nassau,0.004486030067,0.067106285497,0.06262025543,2021.90554136719,2021.91002739726,3220
5,2,Nassau,Westchester,0.02048603007,0.0831062855,0.06262025543,2021.90554136719,2021.92602739726,3220
5,1,Westchester,Westchester,0.04294902057,0.04294902057,0,2021.68287289721,2021.72582191778,3224
5,6,Westchester,Westchester,0.1035047734,0.1035047734,0,2021.68287289721,2021.78637767061,3224
6,7,Westchester,Westchester,0.06923118476,0.17273595816,0.1035047734,2021.78637767061,2021.85560885537,3224
7,2,Westchester,Westchester,0.02121306241,0.19394902057,0.17273595816,2021.85560885537,2021.87682191778,3224
7,3,Westchester,Westchester,0.05921306241,0.23194902057,0.17273595816,2021.85560885537,2021.91482191778,3224
6,4,Westchester,Westchester,0.1944442472,0.2979490206,0.1035047734,2021.78637767061,2021.98082191781,3224
4,1,Queens,Kings,0.01743078195,0.01743078195,0,2021.72725414956,2021.74468493151,3242
4,5,Queens,Queens,0.002946261149,0.002946261149,0,2021.72725414956,2021.73020041071,3242
5,2,Queens,Queens,0.0144845208,0.017430781949,0.002946261149,2021.73020041071,2021.74468493151,3242
5,3,Queens,Queens,0.0204845208,0.023430781949,0.002946261149,2021.73020041071,2021.75068493151,3242
8,1,NewYork,Queens,0.03202956485,0.03202956485,0,2021.43560057214,2021.46763013699,337
8,9,NewYork,NewYork,0.01051781517,0.01051781517,0,2021.43560057214,2021.44611838731,337
9,11,NewYork,NewYork,0.02341349004,0.03393130521,0.01051781517,2021.44611838731,2021.46953187735,337
9,10,NewYork,NewYork,0.02374473919,0.03426255436,0.01051781517,2021.44611838731,2021.4698631265,337
10,3,NewYork,NewYork,0.006767010487,0.041029564847,0.03426255436,2021.4698631265,2021.47663013699,337
10,2,NewYork,Queens,0.008767010487,0.043029564847,0.03426255436,2021.4698631265,2021.47863013699,337
11,12,NewYork,NewYork,0.01501610823,0.04894741344,0.03393130521,2021.46953187735,2021.48454798558,337
11,4,NewYork,Kings,0.01509825964,0.04902956485,0.03393130521,2021.46953187735,2021.48463013699,337
12,13,NewYork,NewYork,0.003450804331,0.052398217771,0.04894741344,2021.48454798558,2021.48799878991,337
13,5,NewYork,NewYork,0.007631347076,0.060029564847,0.052398217771,2021.48799878991,2021.49563013699,337
12,7,NewYork,NewYork,0.01408215141,0.06302956485,0.04894741344,2021.48454798558,2021.49863013699,337
13,6,NewYork,Kings,0.01063134708,0.063029564851,0.052398217771,2021.48799878991,2021.49863013699,337
15,1,Westchester,Westchester,0.07637329255,0.07637329255,0,2021.68265410474,2021.75902739729,353
15,16,Westchester,Westchester,0.02054228567,0.02054228567,0,2021.68265410474,2021.70319639041,353
16,17,Westchester,Westchester,0.00121074655600001,0.021753032226,0.02054228567,2021.70319639041,2021.70440713696,353
17,18,Westchester,Westchester,0.01536333662,0.037116368846,0.021753032226,2021.70440713696,2021.71977047358,353
18,19,Westchester,Westchester,0.00388258158599999,0.040998950432,0.037116368846,2021.71977047358,2021.72365305517,353
19,22,Westchester,Westchester,0.00740176045400001,0.048400710886,0.040998950432,2021.72365305517,2021.73105481562,353
18,13,Westchester,Westchester,0.0252569237,0.062373292546,0.037116368846,2021.71977047358,2021.74502739728,353
22,23,Westchester,Westchester,0.01601362567,0.064414336556,0.048400710886,2021.73105481562,2021.74706844129,353
19,20,Westchester,Westchester,0.02660982837,0.067608778802,0.040998950432,2021.72365305517,2021.75026288354,353
23,24,Westchester,Westchester,0.00416986740399999,0.06858420396,0.064414336556,2021.74706844129,2021.7512383087,353
20,21,Westchester,Westchester,0.00335132206799998,0.07096010087,0.067608778802,2021.75026288354,2021.7536142056,353
21,4,Westchester,Westchester,0.00841319167800003,0.079373292548,0.07096010087,2021.7536142056,2021.76202739728,353
21,5,Westchester,Westchester,0.01341319168,0.08437329255,0.07096010087,2021.7536142056,2021.76702739728,353
24,25,Westchester,Westchester,0.02001461087,0.08859881483,0.06858420396,2021.7512383087,2021.77125291957,353
17,2,Westchester,Westchester,0.06862026032,0.090373292546,0.021753032226,2021.70440713696,2021.77302739728,353
25,26,Westchester,NewYork,0.00875469739500001,0.097353512225,0.08859881483,2021.77125291957,2021.78000761696,353
16,14,Westchester,Westchester,0.07783100688,0.09837329255,0.02054228567,2021.70319639041,2021.78102739729,353
24,8,Westchester,Westchester,0.02978908859,0.09837329255,0.06858420396,2021.7512383087,2021.78102739729,353
20,3,Westchester,Westchester,0.03376451375,0.101373292552,0.067608778802,2021.75026288354,2021.78402739729,353
25,9,Westchester,Westchester,0.06477447771,0.15337329254,0.08859881483,2021.77125291957,2021.83602739728,353
22,6,Westchester,Westchester,0.1509725817,0.199373292586,0.048400710886,2021.73105481562,2021.88202739732,353
23,7,Westchester,Westchester,0.140958956,0.205373292556,0.064414336556,2021.74706844129,2021.88802739729,353
26,27,NewYork,Kings,0.1292047066,0.226558218825,0.097353512225,2021.78000761696,2021.90921232356,353
27,11,Kings,Kings,0.00881507370500001,0.23537329253,0.226558218825,2021.90921232356,2021.91802739726,353
27,12,Kings,Queens,0.0138150737,0.240373292525,0.226558218825,2021.90921232356,2021.92302739726,353
26,10,NewYork,Nassau,0.1460197803,0.243373292525,0.097353512225,2021.78000761696,2021.92602739726,353
4,5,Queens,Kings,0.05870644443,0.05870644443,0,2021.49871254567,2021.5574189901,367
5,2,Kings,Kings,0.02817005098,0.08687649541,0.05870644443,2021.5574189901,2021.58558904108,367
4,3,Queens,Queens,0.1308764954,0.1308764954,0,2021.49871254567,2021.62958904107,367
5,1,Kings,Queens,0.152170051,0.21087649543,0.05870644443,2021.5574189901,2021.7095890411,367
4,1,Westchester,Westchester,0.03082932395,0.03082932395,0,2021.56385560751,2021.59468493146,370
4,5,Westchester,Westchester,0.0257581232,0.0257581232,0,2021.56385560751,2021.58961373071,370
5,2,Westchester,Westchester,0.00507120075299999,0.030829323953,0.0257581232,2021.58961373071,2021.59468493146,370
5,3,Westchester,Westchester,0.1610712008,0.186829324,0.0257581232,2021.58961373071,2021.75068493151,370
5,1,Queens,Queens,0.05118441837,0.05118441837,0,2021.74588407474,2021.79706849311,374
5,6,Queens,NewYork,0.03253929681,0.03253929681,0,2021.74588407474,2021.77842337155,374
6,7,NewYork,Queens,0.02086259644,0.05340189325,0.03253929681,2021.77842337155,2021.79928596799,374
7,4,Queens,Kings,0.000782525119200003,0.0541844183692,0.05340189325,2021.79928596799,2021.80006849311,374
7,3,Queens,Queens,0.003782525119,0.057184418369,0.05340189325,2021.79928596799,2021.80306849311,374
6,2,NewYork,NewYork,0.1366451216,0.16918441841,0.03253929681,2021.77842337155,2021.91506849315,374
4,1,NewYork,Suffolk,0.1619502978,0.1619502978,0,2021.51750175699,2021.67945205479,385
4,5,NewYork,NewYork,0.01067222112,0.01067222112,0,2021.51750175699,2021.52817397811,385
5,2,NewYork,NewYork,0.00627807667900002,0.016950297799,0.01067222112,2021.52817397811,2021.53445205479,385
5,3,NewYork,NewYork,0.1352780767,0.14595029782,0.01067222112,2021.52817397811,2021.66345205481,385
4,1,NewYork,NewYork,0.01807528848,0.01807528848,0,2021.65255484851,2021.67063013699,390
4,5,NewYork,NewYork,0.008533922126,0.008533922126,0,2021.65255484851,2021.66108877064,390
5,2,NewYork,NewYork,0.01254136635,0.021075288476,0.008533922126,2021.66108877064,2021.67363013699,390
5,3,NewYork,NewYork,0.03754136635,0.046075288476,0.008533922126,2021.66108877064,2021.69863013699,390
5,1,NewYork,Queens,0.007152633205,0.007152633205,0,2021.56614873665,2021.57330136986,397
5,6,NewYork,NewYork,0.005969521158,0.005969521158,0,2021.56614873665,2021.57211825781,397
6,4,NewYork,Kings,0.01218311205,0.018152633208,0.005969521158,2021.57211825781,2021.58430136986,397
6,7,NewYork,NewYork,0.01341849184,0.019388012998,0.005969521158,2021.57211825781,2021.58553674965,397
7,2,NewYork,Queens,0.000764620207300001,0.0201526332053,0.019388012998,2021.58553674965,2021.58630136986,397
7,3,NewYork,NewYork,0.000764620207300001,0.0201526332053,0.019388012998,2021.58553674965,2021.58630136986,397
4,1,Queens,Queens,0.00238886630400001,0.00238886630400001,0,2021.64465222959,2021.64704109589,471
4,5,Queens,Bronx,0.08043314472,0.08043314472,0,2021.64465222959,2021.72508537431,471
5,2,Bronx,Bronx,0.06395572158,0.1443888663,0.08043314472,2021.72508537431,2021.78904109589,471
5,3,Bronx,Bronx,0.06395572158,0.1443888663,0.08043314472,2021.72508537431,2021.78904109589,471
4,1,Queens,Queens,0.001710966157,0.001710966157,0,2021.61387807495,2021.61558904111,484
4,5,Queens,Nassau,0.01480636198,0.01480636198,0,2021.61387807495,2021.62868443693,484
5,3,Nassau,Nassau,0.01990460417,0.03471096615,0.01480636198,2021.62868443693,2021.6485890411,484
5,2,Nassau,NewYork,0.08090460417,0.09571096615,0.01480636198,2021.62868443693,2021.7095890411,484
6,1,NewYork,NewYork,0.002941045113,0.002941045113,0,2021.62723703708,2021.63017808219,504
6,7,NewYork,NewYork,0.02548526742,0.02548526742,0,2021.62723703708,2021.6527223045,504
7,8,NewYork,NewYork,0.00743726849499998,0.032922535915,0.02548526742,2021.6527223045,2021.66015957299,504
8,9,NewYork,NewYork,0.01822059692,0.051143132835,0.032922535915,2021.66015957299,2021.67838016991,504
9,4,NewYork,NewYork,0.00379791228100002,0.054941045116,0.051143132835,2021.67838016991,2021.68217808219,504
9,5,NewYork,NewYork,0.02879791228,0.079941045115,0.051143132835,2021.67838016991,2021.70717808219,504
7,2,NewYork,Suffolk,0.1524557777,0.17794104512,0.02548526742,2021.6527223045,2021.8051780822,504
8,3,NewYork,Kings,0.1590185092,0.191941045115,0.032922535915,2021.66015957299,2021.81917808219,504
4,1,NewYork,NewYork,0.00487277210500001,0.00487277210500001,0,2021.54800394023,2021.55287671233,510
4,5,NewYork,Queens,0.00580597242399999,0.00580597242399999,0,2021.54800394023,2021.55380991265,510
5,2,Queens,Westchester,0.03006679968,0.035872772104,0.00580597242399999,2021.55380991265,2021.58387671233,510
5,3,Queens,Queens,0.07906679968,0.084872772104,0.00580597242399999,2021.55380991265,2021.63287671233,510
4,1,Nassau,Nassau,0.008744220626,0.008744220626,0,2021.57528317663,2021.58402739726,512
4,5,Nassau,Nassau,0.09706625372,0.09706625372,0,2021.57528317663,2021.67234943035,512
5,3,Nassau,Suffolk,0.02367796691,0.12074422063,0.09706625372,2021.67234943035,2021.69602739726,512
5,2,Nassau,Nassau,0.05367796691,0.15074422063,0.09706625372,2021.67234943035,2021.72602739726,512
8,9,NewYork,NewYork,0.06253571961,0.06253571961,0,2021.48111497191,2021.54365069152,522
8,13,NewYork,NewYork,0.03120820848,0.03120820848,0,2021.48111497191,2021.51232318039,522
13,6,NewYork,NewYork,0.000169970292900001,0.0313781787729,0.03120820848,2021.51232318039,2021.51249315068,522
9,10,NewYork,NewYork,0.01816974201,0.08070546162,0.06253571961,2021.54365069152,2021.56182043353,522
9,1,NewYork,Queens,0.03784245916,0.10037817877,0.06253571961,2021.54365069152,2021.58149315068,522
10,12,NewYork,NewYork,0.02756447944,0.10826994106,0.08070546162,2021.56182043353,2021.58938491297,522
12,4,NewYork,NewYork,0.000108237711899994,0.1083781787719,0.10826994106,2021.58938491297,2021.58949315068,522
10,11,NewYork,NewYork,0.04875833207,0.12946379369,0.08070546162,2021.56182043353,2021.6105787656,522
13,7,NewYork,Queens,0.1021699703,0.13337817878,0.03120820848,2021.51232318039,2021.61449315069,522
11,2,NewYork,Queens,0.01191438508,0.14137817877,0.12946379369,2021.6105787656,2021.62249315068,522
12,5,NewYork,Kings,0.07710823771,0.18537817877,0.10826994106,2021.58938491297,2021.66649315068,522
11,3,NewYork,Suffolk,0.05791438508,0.18737817877,0.12946379369,2021.6105787656,2021.66849315068,522
8,9,NewYork,Suffolk,0.0713456324,0.0713456324,0,2021.80492259354,2021.87626822594,531
8,11,NewYork,NewYork,0.03687727104,0.03687727104,0,2021.80492259354,2021.84179986458,531
11,12,NewYork,NewYork,0.000804055108400002,0.0376813261484,0.03687727104,2021.84179986458,2021.84260391969,531
11,4,NewYork,Kings,0.002309724462,0.039186995502,0.03687727104,2021.84179986458,2021.84410958904,531
12,5,NewYork,NewYork,0.004505669354,0.0421869955024,0.0376813261484,2021.84260391969,2021.84710958904,531
12,13,NewYork,Nassau,0.008142024114,0.0458233502624,0.0376813261484,2021.84260391969,2021.8507459438,531
13,7,Nassau,Richmond,0.00136364524,0.0471869955024,0.0458233502624,2021.8507459438,2021.85210958904,531
13,6,Nassau,Nassau,0.00736364524,0.0531869955024,0.0458233502624,2021.8507459438,2021.85810958904,531
9,10,Suffolk,Suffolk,0.01577262486,0.08711825726,0.0713456324,2021.87626822594,2021.8920408508,531
10,1,Suffolk,Suffolk,0.00406873824200001,0.091186995502,0.08711825726,2021.8920408508,2021.89610958904,531
10,2,Suffolk,Suffolk,0.00406873824200001,0.091186995502,0.08711825726,2021.8920408508,2021.89610958904,531
9,3,Suffolk,Suffolk,0.0278413631,0.0991869955,0.0713456324,2021.87626822594,2021.90410958904,531
4,1,Westchester,Westchester,0.05085559836,0.05085559836,0,2021.76554166191,2021.81639726027,533
4,5,Westchester,Westchester,0.05851067623,0.05851067623,0,2021.76554166191,2021.82405233814,533
5,2,Westchester,Westchester,0.003344922128,0.061855598358,0.05851067623,2021.82405233814,2021.82739726027,533
5,3,Westchester,Westchester,0.003344922128,0.061855598358,0.05851067623,2021.82405233814,2021.82739726027,533
5,1,Kings,Kings,0.03937562502,0.03937562502,0,2021.61006273115,2021.64943835617,544
5,6,Kings,Kings,0.01601024041,0.01601024041,0,2021.61006273115,2021.62607297156,544
6,2,Kings,Kings,0.02636538461,0.04237562502,0.01601024041,2021.62607297156,2021.65243835617,544
6,7,Kings,Kings,0.0360176853,0.05202792571,0.01601024041,2021.62607297156,2021.66209065686,544
7,3,Kings,Kings,0.006347699314,0.058375625024,0.05202792571,2021.66209065686,2021.66843835617,544
7,4,Kings,NewYork,0.1543476993,0.20637562501,0.05202792571,2021.66209065686,2021.81643835616,544
4,1,Westchester,Westchester,0.02470019743,0.02470019743,0,2021.57865596695,2021.60335616438,545
4,5,Westchester,Westchester,0.009149686993,0.009149686993,0,2021.57865596695,2021.58780565394,545
5,2,Westchester,Westchester,0.01555051044,0.024700197433,0.009149686993,2021.58780565394,2021.60335616438,545
5,3,Westchester,Bronx,0.05055051044,0.059700197433,0.009149686993,2021.58780565394,2021.63835616438,545
6,7,NewYork,NewYork,0.07730929543,0.07730929543,0,2021.43889026843,2021.51619956386,557
6,9,NewYork,NewYork,0.04079439193,0.04079439193,0,2021.43889026843,2021.47968466036,557
9,5,NewYork,NewYork,0.07135643553,0.11215082746,0.04079439193,2021.47968466036,2021.55104109589,557
7,3,NewYork,NewYork,0.03684153203,0.11415082746,0.07730929543,2021.51619956386,2021.55304109589,557
9,4,NewYork,Nassau,0.08435643553,0.12515082746,0.04079439193,2021.47968466036,2021.56404109589,557
7,8,NewYork,Kings,0.05709028668,0.13439958211,0.07730929543,2021.51619956386,2021.57328985054,557
8,1,Kings,Kings,0.00175124535099999,0.136150827461,0.13439958211,2021.57328985054,2021.57504109589,557
8,2,Kings,Queens,0.01575124535,0.15015082746,0.13439958211,2021.57328985054,2021.58904109589,557
4,5,NewYork,NewYork,0.001480043088,0.001480043088,0,2021.51688118244,2021.51836122553,565
5,1,NewYork,NewYork,0.01862507584,0.020105118928,0.001480043088,2021.51836122553,2021.53698630137,565
5,2,NewYork,NewYork,0.01862507584,0.020105118928,0.001480043088,2021.51836122553,2021.53698630137,565
4,3,NewYork,NewYork,0.02010511893,0.02010511893,0,2021.51688118244,2021.53698630137,565
7,8,Queens,Queens,0.00157166678500001,0.00157166678500001,0,2021.49419332055,2021.49576498734,571
8,1,Queens,Queens,0.000632272936999995,0.002203939722,0.00157166678500001,2021.49576498734,2021.49639726027,571
8,2,Queens,Nassau,0.000632272936999995,0.002203939722,0.00157166678500001,2021.49576498734,2021.49639726027,571
7,9,Queens,Queens,0.0381873516,0.0381873516,0,2021.49419332055,2021.53238067215,571
9,10,Queens,Queens,0.01975403146,0.05794138306,0.0381873516,2021.53238067215,2021.55213470361,571
9,3,Queens,Westchester,0.03801658812,0.07620393972,0.0381873516,2021.53238067215,2021.57039726027,571
10,11,Queens,Nassau,0.06504704034,0.1229884234,0.05794138306,2021.55213470361,2021.61718174395,571
10,4,Queens,Kings,0.07326255666,0.13120393972,0.05794138306,2021.55213470361,2021.62539726027,571
11,5,Nassau,Nassau,0.01021551632,0.13320393972,0.1229884234,2021.61718174395,2021.62739726027,571
11,6,Nassau,Nassau,0.01021551632,0.13320393972,0.1229884234,2021.61718174395,2021.62739726027,571
4,1,Kings,Kings,0.03292834659,0.03292834659,0,2021.86283877669,2021.89576712328,576
4,5,Kings,Kings,0.05309937782,0.05309937782,0,2021.86283877669,2021.91593815451,576
5,2,Kings,Kings,0.001828968775,0.054928346595,0.05309937782,2021.91593815451,2021.91776712329,576
5,3,Kings,Kings,0.01282896878,0.0659283466,0.05309937782,2021.91593815451,2021.92876712329,576
13,14,Kings,Kings,0.03224142903,0.03224142903,0,2021.77455609524,2021.80679752427,585
13,16,Kings,Kings,0.01858692758,0.01858692758,0,2021.77455609524,2021.79314302282,585
16,17,Kings,Kings,0.008057342877,0.026644270457,0.01858692758,2021.79314302282,2021.8012003657,585
17,18,Kings,Kings,0.00182637614100001,0.028470646598,0.026644270457,2021.8012003657,2021.80302674184,585
18,20,Kings,Kings,0.008056767614,0.036527414212,0.028470646598,2021.80302674184,2021.81108350945,585
20,8,Kings,Kings,0.00242333986200001,0.038950754074,0.036527414212,2021.81108350945,2021.81350684932,585
20,21,Kings,Queens,0.01032004215,0.046847456362,0.036527414212,2021.81108350945,2021.8214035516,585
21,22,Queens,Queens,0.005982715604,0.052830171966,0.046847456362,2021.8214035516,2021.82738626721,585
21,9,Queens,Queens,0.008103297712,0.054950754074,0.046847456362,2021.8214035516,2021.82950684932,585
18,19,Kings,Kings,0.03804965336,0.066520299958,0.028470646598,2021.80302674184,2021.8410763952,585
14,3,Kings,Kings,0.05070932504,0.08295075407,0.03224142903,2021.80679752427,2021.85750684931,585
16,4,Kings,Bronx,0.08036382649,0.09895075407,0.01858692758,2021.79314302282,2021.87350684931,585
22,10,Queens,Queens,0.05112058211,0.103950754076,0.052830171966,2021.82738626721,2021.87850684932,585
14,15,Kings,Kings,0.08249359775,0.11473502678,0.03224142903,2021.80679752427,2021.88929112202,585
15,2,Kings,NewYork,0.00621572729,0.12095075407,0.11473502678,2021.88929112202,2021.89550684931,585
22,23,Queens,Queens,0.07159973906,0.124429911026,0.052830171966,2021.82738626721,2021.89898600627,585
17,5,Kings,NewYork,0.1023064836,0.128950754057,0.026644270457,2021.8012003657,2021.9035068493,585
19,6,Kings,Queens,0.06543045412,0.131950754078,0.066520299958,2021.8410763952,2021.90650684932,585
23,12,Queens,NewYork,0.01052084305,0.134950754076,0.124429911026,2021.89898600627,2021.90950684932,585
23,11,Queens,Queens,0.01252084305,0.136950754076,0.124429911026,2021.89898600627,2021.91150684932,585
15,1,Kings,Kings,0.03621572729,0.15095075407,0.11473502678,2021.88929112202,2021.92550684931,585
19,7,Kings,Kings,0.09043045412,0.156950754078,0.066520299958,2021.8410763952,2021.93150684932,585
4,1,Nassau,Nassau,0.00287827135900001,0.00287827135900001,0,2021.52327241362,2021.52615068498,60
4,5,Nassau,Kings,0.06436145571,0.06436145571,0,2021.52327241362,2021.58763386933,60
5,3,Kings,Kings,0.03751681565,0.10187827136,0.06436145571,2021.58763386933,2021.62515068498,60
5,2,Kings,NewYork,0.1055168156,0.16987827131,0.06436145571,2021.58763386933,2021.69315068493,60
4,5,Suffolk,Westchester,0.09158474332,0.09158474332,0,2021.5446554298,2021.63624017312,622
4,3,Suffolk,Suffolk,0.06953635102,0.06953635102,0,2021.5446554298,2021.61419178082,622
5,1,Westchester,Westchester,0.0219516077,0.11353635102,0.09158474332,2021.63624017312,2021.65819178082,622
5,2,Westchester,Westchester,0.0459516077,0.13753635102,0.09158474332,2021.63624017312,2021.68219178082,622
4,5,Queens,Queens,0.00228912715,0.00228912715,0,2021.7277917029,2021.73008083005,623
4,3,Queens,Queens,0.00419459847,0.00419459847,0,2021.7277917029,2021.73198630137,623
5,2,Queens,Queens,0.00190547132,0.00419459847,0.00228912715,2021.73008083005,2021.73198630137,623
5,1,Queens,Queens,0.00690547132,0.00919459847,0.00228912715,2021.73008083005,2021.73698630137,623
7,1,Nassau,Queens,0.08189114261,0.08189114261,0,2021.46654721355,2021.54843835616,644
7,8,Nassau,Nassau,0.02166309218,0.02166309218,0,2021.46654721355,2021.48821030573,644
8,10,Nassau,Nassau,0.03574815423,0.05741124641,0.02166309218,2021.48821030573,2021.52395845996,644
10,11,Nassau,Bronx,0.01540040876,0.07281165517,0.05741124641,2021.52395845996,2021.53935886872,644
11,5,Bronx,Bronx,0.00607948744,0.07889114261,0.07281165517,2021.53935886872,2021.54543835616,644
11,6,Bronx,Bronx,0.00607948744,0.07889114261,0.07281165517,2021.53935886872,2021.54543835616,644
10,4,Nassau,Kings,0.0684798962,0.12589114261,0.05741124641,2021.52395845996,2021.59243835616,644
8,9,Nassau,Nassau,0.1251289316,0.14679202378,0.02166309218,2021.48821030573,2021.61333923733,644
9,2,Nassau,Nassau,0.00309911883,0.14989114261,0.14679202378,2021.61333923733,2021.61643835616,644
9,3,Nassau,Nassau,0.00309911883,0.14989114261,0.14679202378,2021.61333923733,2021.61643835616,644
8,1,NewYork,NewYork,0.1089027996,0.1089027996,0,2021.45763144695,2021.56653424655,646
8,9,NewYork,NewYork,0.00303338378000001,0.00303338378000001,0,2021.45763144695,2021.46066483073,646
9,10,NewYork,NewYork,0.04411528448,0.04714866826,0.00303338378000001,2021.46066483073,2021.50478011521,646
10,2,NewYork,Bronx,0.01575413137,0.06290279963,0.04714866826,2021.50478011521,2021.52053424658,646
9,12,NewYork,NewYork,0.09385695005,0.09689033383,0.00303338378000001,2021.46066483073,2021.55452178078,646
12,13,NewYork,NewYork,0.01474882042,0.11163915425,0.09689033383,2021.55452178078,2021.5692706012,646
12,7,NewYork,NewYork,0.0150124658,0.11190279963,0.09689033383,2021.55452178078,2021.56953424658,646
10,11,NewYork,NewYork,0.07509803864,0.1222467069,0.04714866826,2021.50478011521,2021.57987815385,646
11,3,NewYork,Queens,0.01165609274,0.13390279964,0.1222467069,2021.57987815385,2021.59153424659,646
11,4,NewYork,NewYork,0.01965609273,0.14190279963,0.1222467069,2021.57987815385,2021.59953424658,646
13,6,NewYork,Nassau,0.07126364539,0.18290279964,0.11163915425,2021.5692706012,2021.64053424659,646
13,5,NewYork,Queens,0.08826364538,0.19990279963,0.11163915425,2021.5692706012,2021.65753424658,646
4,1,Westchester,Westchester,0.00136308395199999,0.00136308395199999,0,2021.6205684229,2021.62193150685,650
4,5,Westchester,Westchester,0.03944521699,0.03944521699,0,2021.6205684229,2021.66001363989,650
5,2,Westchester,Westchester,0.01091786696,0.05036308395,0.03944521699,2021.66001363989,2021.67093150685,650
5,3,Westchester,NewYork,0.02491786696,0.06436308395,0.03944521699,2021.66001363989,2021.68493150685,650
4,1,NewYork,Queens,0.0523054138,0.0523054138,0,2021.51799595606,2021.57030136986,659
4,5,NewYork,NewYork,0.01075285799,0.01075285799,0,2021.51799595606,2021.52874881405,659
5,3,NewYork,Suffolk,0.02455255581,0.0353054138,0.01075285799,2021.52874881405,2021.55330136986,659
5,2,NewYork,Nassau,0.05755255581,0.0683054138,0.01075285799,2021.52874881405,2021.58630136986,659
5,1,NewYork,Kings,0.04654708833,0.04654708833,0,2021.67661729523,2021.72316438356,665
5,6,NewYork,NewYork,0.05352949682,0.05352949682,0,2021.67661729523,2021.73014679205,665
6,2,NewYork,NewYork,0.002017591512,0.055547088332,0.05352949682,2021.73014679205,2021.73216438356,665
6,7,NewYork,NewYork,0.003379554754,0.056909051574,0.05352949682,2021.73014679205,2021.7335263468,665
7,3,NewYork,NewYork,0.006638036758,0.063547088332,0.056909051574,2021.7335263468,2021.74016438356,665
7,4,NewYork,Bronx,0.02263803676,0.079547088334,0.056909051574,2021.7335263468,2021.75616438356,665
4,1,Nassau,Nassau,0.02154588344,0.02154588344,0,2021.49039932204,2021.51194520548,670
4,5,Nassau,Nassau,0.02856469343,0.02856469343,0,2021.49039932204,2021.51896401547,670
5,3,Nassau,Nassau,0.01498119001,0.04354588344,0.02856469343,2021.51896401547,2021.53394520548,670
5,2,Nassau,Nassau,0.02898119001,0.05754588344,0.02856469343,2021.51896401547,2021.54794520548,670
5,6,Westchester,Westchester,0.007294517727,0.007294517727,0,2021.56430271915,2021.57159723688,686
6,2,Westchester,Westchester,0.03897810559,0.046272623317,0.007294517727,2021.57159723688,2021.61057534247,686
6,1,Westchester,Westchester,0.04197810559,0.049272623317,0.007294517727,2021.57159723688,2021.61357534247,686
5,7,Westchester,Queens,0.05087436846,0.05087436846,0,2021.56430271915,2021.61517708761,686
7,3,Queens,Queens,0.000398254859699999,0.0512726233197,0.05087436846,2021.61517708761,2021.61557534247,686
7,4,Queens,Kings,0.03139825486,0.08227262332,0.05087436846,2021.61517708761,2021.64657534247,686
5,1,Westchester,Westchester,0.01169655527,0.01169655527,0,2021.61483769131,2021.62653424658,687
5,6,Westchester,Westchester,0.001877269025,0.001877269025,0,2021.61483769131,2021.61671496033,687
6,2,Westchester,Westchester,0.009819286249,0.011696555274,0.001877269025,2021.61671496033,2021.62653424658,687
6,7,Westchester,Queens,0.0156227472,0.017500016225,0.001877269025,2021.61671496033,2021.63233770753,687
7,4,Queens,Queens,0.008196539049,0.025696555274,0.017500016225,2021.63233770753,2021.64053424658,687
7,3,Queens,Queens,0.02519653905,0.042696555275,0.017500016225,2021.63233770753,2021.65753424658,687
4,5,Kings,NewYork,0.01033635057,0.01033635057,0,2021.6546298684,2021.66496621897,690
4,3,Kings,Kings,0.03017835078,0.03017835078,0,2021.6546298684,2021.68480821918,690
5,2,NewYork,NewYork,0.03084200021,0.04117835078,0.01033635057,2021.66496621897,2021.69580821918,690
5,1,NewYork,NewYork,0.05284200021,0.06317835078,0.01033635057,2021.66496621897,2021.71780821918,690
4,1,Queens,Queens,0.01705901973,0.01705901973,0,2021.5856807063,2021.60273972603,709
4,5,Queens,Queens,0.008542700174,0.008542700174,0,2021.5856807063,2021.59422340647,709
5,2,Queens,Queens,0.008516319552,0.017059019726,0.008542700174,2021.59422340647,2021.60273972603,709
5,3,Queens,Queens,0.008516319552,0.017059019726,0.008542700174,2021.59422340647,2021.60273972603,709
4,1,Kings,Kings,0.04748019599,0.04748019599,0,2021.88916363964,2021.93664383563,711
4,5,Kings,Kings,0.01878046407,0.01878046407,0,2021.88916363964,2021.90794410371,711
5,2,Kings,NewYork,0.009699731911,0.028480195981,0.01878046407,2021.90794410371,2021.91764383562,711
5,3,Kings,Kings,0.05369973191,0.07248019598,0.01878046407,2021.90794410371,2021.96164383562,711
4,1,Bronx,Bronx,0.000405068127999994,0.000405068127999994,0,2021.78030726064,2021.78071232877,714
4,5,Bronx,Bronx,0.06474454424,0.06474454424,0,2021.78030726064,2021.84505180488,714
5,2,Bronx,Bronx,0.03166052389,0.09640506813,0.06474454424,2021.84505180488,2021.87671232877,714
5,3,Bronx,Queens,0.03166052389,0.09640506813,0.06474454424,2021.84505180488,2021.87671232877,714
4,1,Westchester,Westchester,0.1761915866,0.1761915866,0,2021.5973015641,2021.7734931507,735
4,5,Westchester,Westchester,0.01295634229,0.01295634229,0,2021.5973015641,2021.61025790639,735
5,3,Westchester,Westchester,0.00923524428300002,0.022191586573,0.01295634229,2021.61025790639,2021.61949315067,735
5,2,Westchester,Suffolk,0.2582352443,0.27119158659,0.01295634229,2021.61025790639,2021.86849315069,735
4,1,Queens,Westchester,0.2845991896,0.2845991896,0,2021.64964738574,2021.93424657534,751
4,5,Queens,Queens,0.1199027638,0.1199027638,0,2021.64964738574,2021.76955014954,751
5,2,Queens,Queens,0.0306964258,0.1505991896,0.1199027638,2021.76955014954,2021.80024657534,751
5,3,Queens,Queens,0.0336964258,0.1535991896,0.1199027638,2021.76955014954,2021.80324657534,751
4,1,Nassau,Nassau,0.003895859291,0.003895859291,0,2021.71688496263,2021.72078082192,753
4,5,Nassau,Queens,0.03323807887,0.03323807887,0,2021.71688496263,2021.7501230415,753
5,2,Queens,Queens,0.02465778042,0.05789585929,0.03323807887,2021.7501230415,2021.77478082192,753
5,3,Queens,Queens,0.04165778042,0.07489585929,0.03323807887,2021.7501230415,2021.79178082192,753
5,6,NewYork,NewYork,0.01531407271,0.01531407271,0,2021.61690217052,2021.63221624323,756
5,7,NewYork,Suffolk,0.008651015824,0.008651015824,0,2021.61690217052,2021.62555318634,756
7,3,Suffolk,Suffolk,0.01876188214,0.027412897964,0.008651015824,2021.62555318634,2021.64431506848,756
7,4,Suffolk,Suffolk,0.02176188214,0.030412897964,0.008651015824,2021.62555318634,2021.64731506848,756
6,1,NewYork,NewYork,0.01509882526,0.03041289797,0.01531407271,2021.63221624323,2021.64731506849,756
6,2,NewYork,NewYork,0.01709882526,0.03241289797,0.01531407271,2021.63221624323,2021.64931506849,756
5,6,NewYork,NewYork,0.04249318625,0.04249318625,0,2021.67142154877,2021.71391473502,759
5,7,NewYork,NewYork,0.01465323479,0.01465323479,0,2021.67142154877,2021.68607478356,759
7,4,NewYork,NewYork,0.0430896,0.05774283479,0.01465323479,2021.68607478356,2021.72916438356,759
6,1,NewYork,NewYork,0.01524964854,0.05774283479,0.04249318625,2021.71391473502,2021.72916438356,759
6,2,NewYork,Bronx,0.02624964854,0.06874283479,0.04249318625,2021.71391473502,2021.74016438356,759
7,3,NewYork,NewYork,0.0700896,0.08474283479,0.01465323479,2021.68607478356,2021.75616438356,759
12,1,NewYork,NewYork,0.07054333605,0.07054333605,0,2021.63614159546,2021.70668493151,807
12,13,NewYork,NewYork,0.001132489214,0.001132489214,0,2021.63614159546,2021.63727408467,807
13,14,NewYork,NewYork,0.00186918987399998,0.00300167908799998,0.001132489214,2021.63727408467,2021.63914327455,807
14,15,NewYork,NewYork,0.000763645292900017,0.00376532438089999,0.00300167908799998,2021.63914327455,2021.63990691984,807
15,20,NewYork,NewYork,0.009203171663,0.0129684960439,0.00376532438089999,2021.63990691984,2021.6491100915,807
20,21,NewYork,NewYork,0.00832846199100001,0.0212969580349,0.0129684960439,2021.6491100915,2021.65743855349,807
21,10,NewYork,Kings,0.00224637801099997,0.0235433360459,0.0212969580349,2021.65743855349,2021.65968493151,807
15,16,NewYork,NewYork,0.03062719683,0.0343925212109,0.00376532438089999,2021.63990691984,2021.67053411667,807
21,11,NewYork,NewYork,0.01324637801,0.0345433360449,0.0212969580349,2021.65743855349,2021.6706849315,807
13,2,NewYork,Nassau,0.07241084683,0.073543336044,0.001132489214,2021.63727408467,2021.7096849315,807
16,18,NewYork,NewYork,0.06278315017,0.0971756713809,0.0343925212109,2021.67053411667,2021.73331726684,807
18,6,NewYork,Queens,0.02836766466,0.1255433360409,0.0971756713809,2021.73331726684,2021.7616849315,807
14,3,NewYork,Queens,0.122541657,0.125543336088,0.00300167908799998,2021.63914327455,2021.76168493155,807
16,17,NewYork,Queens,0.1153929062,0.1497854274109,0.0343925212109,2021.67053411667,2021.78592702287,807
17,4,Queens,Queens,0.005757908635,0.1555433360459,0.1497854274109,2021.78592702287,2021.7916849315,807
20,9,NewYork,Queens,0.15857484,0.1715433360439,0.0129684960439,2021.6491100915,2021.8076849315,807
17,5,Queens,Queens,0.04975790863,0.1995433360409,0.1497854274109,2021.78592702287,2021.8356849315,807
18,19,NewYork,NewYork,0.1819684878,0.2791441591809,0.0971756713809,2021.73331726684,2021.91528575464,807
19,8,NewYork,Kings,0.00239917687500002,0.2815433360559,0.2791441591809,2021.91528575464,2021.91768493152,807
19,7,NewYork,Bronx,0.03539917687,0.3145433360509,0.2791441591809,2021.91528575464,2021.95068493151,807
6,1,NewYork,NewYork,0.006190679585,0.006190679585,0,2021.85397370398,2021.86016438356,822
6,7,NewYork,NewYork,0.02967436763,0.02967436763,0,2021.85397370398,2021.88364807161,822
7,8,NewYork,NewYork,0.00334718526199999,0.033021552892,0.02967436763,2021.88364807161,2021.88699525687,822
8,3,NewYork,Westchester,0.01416912669,0.047190679582,0.033021552892,2021.88699525687,2021.90116438356,822
8,9,NewYork,Westchester,0.05385730378,0.086878856672,0.033021552892,2021.88699525687,2021.94085256065,822
7,2,NewYork,Kings,0.05851631195,0.08819067958,0.02967436763,2021.88364807161,2021.94216438356,822
9,4,Westchester,Westchester,0.01531182291,0.102190679582,0.086878856672,2021.94085256065,2021.95616438356,822
9,5,Westchester,Westchester,0.01531182291,0.102190679582,0.086878856672,2021.94085256065,2021.95616438356,822
4,1,NewYork,NewYork,0.003094497407,0.003094497407,0,2021.64617947519,2021.6492739726,83
4,5,NewYork,NewYork,0.01035378996,0.01035378996,0,2021.64617947519,2021.65653326515,83
5,3,NewYork,Queens,0.001740707447,0.012094497407,0.01035378996,2021.65653326515,2021.6582739726,83
5,2,NewYork,NewYork,0.003740707447,0.014094497407,0.01035378996,2021.65653326515,2021.6602739726,83
6,7,Kings,Kings,0.03640230737,0.03640230737,0,2021.89100684998,2021.92740915735,835
6,8,Kings,Kings,0.006400173851,0.006400173851,0,2021.89100684998,2021.89740702383,835
8,9,Kings,Kings,0.01239450398,0.018794677831,0.006400173851,2021.89740702383,2021.90980152781,835
8,3,Kings,Kings,0.02827790768,0.034678081531,0.006400173851,2021.89740702383,2021.92568493151,835
9,4,Kings,Kings,0.0158834037,0.034678081531,0.018794677831,2021.90980152781,2021.92568493151,835
9,5,Kings,Kings,0.0158834037,0.034678081531,0.018794677831,2021.90980152781,2021.92568493151,835
7,2,Kings,Richmond,0.004275774157,0.040678081527,0.03640230737,2021.92740915735,2021.93168493151,835
7,1,Kings,NewYork,0.02327577416,0.05967808153,0.03640230737,2021.92740915735,2021.95068493151,835
5,6,Kings,Kings,0.02324653832,0.02324653832,0,2021.53649707786,2021.55974361618,842
5,7,Kings,Kings,0.03411104727,0.03411104727,0,2021.53649707786,2021.57060812513,842
6,2,Kings,Kings,0.01551665779,0.03876319611,0.02324653832,2021.55974361618,2021.57526027397,842
7,3,Kings,Richmond,0.01365214884,0.04776319611,0.03411104727,2021.57060812513,2021.58426027397,842
7,4,Kings,Kings,0.02165214884,0.05576319611,0.03411104727,2021.57060812513,2021.59226027397,842
6,1,Kings,NewYork,0.03751665779,0.06076319611,0.02324653832,2021.55974361618,2021.59726027397,842
9,10,NewYork,Bronx,0.007386036109,0.007386036109,0,2021.41208946644,2021.41947550255,87
10,11,Bronx,Bronx,0.05035975476,0.057745790869,0.007386036109,2021.41947550255,2021.46983525731,87
9,15,NewYork,Queens,0.06613464387,0.06613464387,0,2021.41208946644,2021.47822411031,87
11,12,Bronx,Queens,0.03139678524,0.089142576109,0.057745790869,2021.46983525731,2021.50123204255,87
12,14,Queens,Queens,0.01320672994,0.102349306049,0.089142576109,2021.50123204255,2021.51443877249,87
12,13,Queens,Kings,0.01929028834,0.108432864449,0.089142576109,2021.50123204255,2021.52052233089,87
10,6,Bronx,Bronx,0.1125107988,0.119896834909,0.007386036109,2021.41947550255,2021.53198630135,87
11,5,Bronx,Bronx,0.06215104406,0.119896834929,0.057745790869,2021.46983525731,2021.53198630137,87
14,3,Queens,Queens,0.01754752888,0.119896834929,0.102349306049,2021.51443877249,2021.53198630137,87
13,1,Kings,Kings,0.01146397048,0.119896834929,0.108432864449,2021.52052233089,2021.53198630137,87
13,2,Kings,NewYork,0.01146397048,0.119896834929,0.108432864449,2021.52052233089,2021.53198630137,87
15,7,Queens,Queens,0.05376219106,0.11989683493,0.06613464387,2021.47822411031,2021.53198630137,87
15,8,Queens,Kings,0.05376219106,0.11989683493,0.06613464387,2021.47822411031,2021.53198630137,87
14,4,Queens,Queens,0.02254752888,0.124896834929,0.102349306049,2021.51443877249,2021.53698630137,87
11,1,Nassau,Bronx,0.06506250241,0.06506250241,0,2021.63592379896,2021.70098630137,888
11,12,Nassau,Nassau,0.02949710927,0.02949710927,0,2021.63592379896,2021.66542090823,888
12,13,Nassau,Nassau,0.02434602004,0.05384312931,0.02949710927,2021.66542090823,2021.68976692827,888
13,14,Nassau,Nassau,0.01761987103,0.07146300034,0.05384312931,2021.68976692827,2021.7073867993,888
14,3,Nassau,Nassau,0.00259950206599999,0.074062502406,0.07146300034,2021.7073867993,2021.70998630137,888
12,2,Nassau,Queens,0.06056539314,0.09006250241,0.02949710927,2021.66542090823,2021.72598630137,888
13,15,Nassau,Nassau,0.08456357322,0.13840670253,0.05384312931,2021.68976692827,2021.77433050149,888
14,4,Nassau,Nassau,0.07859950207,0.15006250241,0.07146300034,2021.7073867993,2021.78598630137,888
15,16,Nassau,Suffolk,0.06669034868,0.20509705121,0.13840670253,2021.77433050149,2021.84102085017,888
16,17,Suffolk,Suffolk,0.008633361309,0.213730412519,0.20509705121,2021.84102085017,2021.84965421148,888
17,6,Suffolk,Suffolk,0.00533208988700001,0.219062502406,0.213730412519,2021.84965421148,2021.85498630137,888
15,10,Nassau,Nassau,0.08865579988,0.22706250241,0.13840670253,2021.77433050149,2021.86298630137,888
17,18,Suffolk,Suffolk,0.02747620081,0.241206613329,0.213730412519,2021.84965421148,2021.87713041229,888
18,7,Suffolk,Suffolk,0.02385588908,0.265062502409,0.241206613329,2021.87713041229,2021.90098630137,888
18,19,Suffolk,Nassau,0.04025372445,0.281460337779,0.241206613329,2021.87713041229,2021.91738413674,888
16,5,Suffolk,Nassau,0.0799654512,0.28506250241,0.20509705121,2021.84102085017,2021.92098630137,888
19,8,Nassau,Nassau,0.01660216463,0.298062502409,0.281460337779,2021.91738413674,2021.93398630137,888
19,9,Nassau,Nassau,0.01960216463,0.301062502409,0.281460337779,2021.91738413674,2021.93698630137,888
4,1,Westchester,Westchester,0.07988055585,0.07988055585,0,2021.62976327974,2021.70964383559,903
4,5,Westchester,Westchester,0.00677478147900001,0.00677478147900001,0,2021.62976327974,2021.63653806122,903
5,3,Westchester,Westchester,0.01510577437,0.021880555849,0.00677478147900001,2021.63653806122,2021.65164383559,903
5,2,Westchester,Westchester,0.1251057744,0.131880555879,0.00677478147900001,2021.63653806122,2021.76164383562,903
7,8,NewYork,NewYork,0.00626874408,0.00626874408,0,2021.77592209524,2021.78219083932,906
7,10,NewYork,Nassau,0.04390960511,0.04390960511,0,2021.77592209524,2021.81983170035,906
10,11,Nassau,Nassau,0.02115240739,0.0650620125,0.04390960511,2021.81983170035,2021.84098410774,906
10,4,Nassau,Nassau,0.02963405304,0.07354365815,0.04390960511,2021.81983170035,2021.84946575339,906
11,5,Nassau,Nassau,0.008481645653,0.073543658153,0.0650620125,2021.84098410774,2021.84946575339,906
11,6,Nassau,Nassau,0.008481645653,0.073543658153,0.0650620125,2021.84098410774,2021.84946575339,906
8,9,NewYork,Queens,0.1126834974,0.11895224148,0.00626874408,2021.78219083932,2021.89487433672,906
9,2,Queens,Queens,0.00659141667300001,0.125543658153,0.11895224148,2021.89487433672,2021.90146575339,906
9,3,Queens,Kings,0.01559141667,0.13454365815,0.11895224148,2021.89487433672,2021.91046575339,906
8,1,NewYork,Nassau,0.1602749141,0.16654365818,0.00626874408,2021.78219083932,2021.94246575342,906
8,9,Kings,Kings,0.0124276909,0.0124276909,0,2021.5899325252,2021.6023602161,911
9,10,Kings,Kings,0.006719590089,0.019147280989,0.0124276909,2021.6023602161,2021.60907980619,911
9,12,Kings,Kings,0.0121534249,0.0245811158,0.0124276909,2021.6023602161,2021.614513641,911
8,13,Kings,NewYork,0.0316808696,0.0316808696,0,2021.5899325252,2021.6216133948,911
10,1,Kings,Kings,0.01320786504,0.032355146029,0.019147280989,2021.60907980619,2021.62228767123,911
10,11,Kings,Kings,0.0213000692,0.040447350189,0.019147280989,2021.60907980619,2021.63037987539,911
11,3,Kings,Westchester,0.00790779583699999,0.048355146026,0.040447350189,2021.63037987539,2021.63828767123,911
12,5,Kings,Kings,0.02977403022,0.05435514602,0.0245811158,2021.614513641,2021.64428767122,911
13,6,NewYork,Nassau,0.02767427642,0.05935514602,0.0316808696,2021.6216133948,2021.64928767122,911
12,4,Kings,Kings,0.03777403022,0.06235514602,0.0245811158,2021.614513641,2021.65228767122,911
13,7,NewYork,NewYork,0.08567427642,0.11735514602,0.0316808696,2021.6216133948,2021.70728767122,911
11,2,Kings,Kings,0.09290779584,0.133355146029,0.040447350189,2021.63037987539,2021.72328767123,911
4,1,Nassau,Nassau,0.01773716243,0.01773716243,0,2021.57918064579,2021.59691780822,914
4,5,Nassau,Nassau,0.02104958746,0.02104958746,0,2021.57918064579,2021.60023023325,914
5,2,Nassau,Nassau,0.00268757497,0.02373716243,0.02104958746,2021.60023023325,2021.60291780822,914
5,3,Nassau,Westchester,0.02168757497,0.04273716243,0.02104958746,2021.60023023325,2021.62191780822,914
4,1,Westchester,Westchester,0.00919250621500001,0.00919250621500001,0,2021.74179379516,2021.75098630138,917
4,5,Westchester,NewYork,0.1309101823,0.1309101823,0,2021.74179379516,2021.87270397746,917
5,2,NewYork,NewYork,0.02828232392,0.15919250622,0.1309101823,2021.87270397746,2021.90098630138,917
5,3,NewYork,Nassau,0.06428232391,0.19519250621,0.1309101823,2021.87270397746,2021.93698630137,917
5,1,Westchester,Westchester,0.03385000458,0.03385000458,0,2021.93601300912,2021.9698630137,929
5,6,Westchester,Westchester,0.007174863921,0.007174863921,0,2021.93601300912,2021.94318787304,929
6,7,Westchester,Westchester,0.00547693066,0.012651794581,0.007174863921,2021.94318787304,2021.9486648037,929
6,2,Westchester,Westchester,0.01567514066,0.022850004581,0.007174863921,2021.94318787304,2021.9588630137,929
7,3,Westchester,Westchester,0.01019821,0.022850004581,0.012651794581,2021.9486648037,2021.9588630137,929
7,4,Westchester,Westchester,0.01019821,0.022850004581,0.012651794581,2021.9486648037,2021.9588630137,929
4,1,Queens,Westchester,0.1079427675,0.1079427675,0,2021.8317832599,2021.9397260274,941
4,5,Queens,Queens,0.03142268773,0.03142268773,0,2021.8317832599,2021.86320594763,941
5,2,Queens,Queens,0.01552007976,0.04694276749,0.03142268773,2021.86320594763,2021.87872602739,941
5,3,Queens,Queens,0.01852007976,0.04994276749,0.03142268773,2021.86320594763,2021.88172602739,941
8,1,NewYork,Bronx,0.2803246406,0.2803246406,0,2021.34425070182,2021.62457534242,942
8,9,NewYork,NewYork,0.05875119048,0.05875119048,0,2021.34425070182,2021.4030018923,942
9,10,NewYork,NewYork,0.01767192212,0.0764231126,0.05875119048,2021.4030018923,2021.42067381442,942
10,11,NewYork,NewYork,0.1064657487,0.1828888613,0.0764231126,2021.42067381442,2021.52713956312,942
11,12,NewYork,NewYork,0.01483233165,0.19772119295,0.1828888613,2021.52713956312,2021.54197189477,942
12,13,NewYork,Bronx,0.04076539071,0.23848658366,0.19772119295,2021.54197189477,2021.58273728548,942
12,4,NewYork,Queens,0.0436034477,0.24132464065,0.19772119295,2021.54197189477,2021.58557534247,942
11,7,NewYork,NewYork,0.08343577935,0.26632464065,0.1828888613,2021.52713956312,2021.61057534247,942
10,3,NewYork,Queens,0.200901528,0.2773246406,0.0764231126,2021.42067381442,2021.62157534242,942
13,6,Bronx,Bronx,0.04183805699,0.28032464065,0.23848658366,2021.58273728548,2021.62457534247,942
9,2,NewYork,Suffolk,0.2405734501,0.29932464058,0.05875119048,2021.4030018923,2021.6435753424,942
13,5,Bronx,Bronx,0.06383805699,0.30232464065,0.23848658366,2021.58273728548,2021.64657534247,942
4,5,Kings,Kings,0.005158543354,0.005158543354,0,2021.54501694943,2021.55017549278,957
4,3,Kings,Kings,0.05042140673,0.05042140673,0,2021.54501694943,2021.59543835616,957
5,1,Kings,Kings,0.05026286338,0.055421406734,0.005158543354,2021.55017549278,2021.60043835616,957
5,2,Kings,NewYork,0.06626286338,0.071421406734,0.005158543354,2021.55017549278,2021.61643835616,957
7,1,NewYork,Queens,0.03034425937,0.03034425937,0,2021.50640916529,2021.53675342466,964
7,8,NewYork,NewYork,0.01251605477,0.01251605477,0,2021.50640916529,2021.51892522006,964
8,9,NewYork,NewYork,0.04470563481,0.05722168958,0.01251605477,2021.51892522006,2021.56363085487,964
9,3,NewYork,NewYork,0.00612256979099995,0.063344259371,0.05722168958,2021.56363085487,2021.56975342466,964
8,2,NewYork,NewYork,0.0668282046,0.07934425937,0.01251605477,2021.51892522006,2021.58575342466,964
9,10,NewYork,Kings,0.02612033322,0.0833420228,0.05722168958,2021.56363085487,2021.58975118809,964
10,4,Kings,Kings,0.01300223657,0.09634425937,0.0833420228,2021.58975118809,2021.60275342466,964
10,11,Kings,NewYork,0.2715975205,0.3549395433,0.0833420228,2021.58975118809,2021.86134870859,964
11,6,NewYork,NewYork,0.00140471607100001,0.356344259371,0.3549395433,2021.86134870859,2021.86275342466,964
11,5,NewYork,NewYork,0.00440471607100001,0.359344259371,0.3549395433,2021.86134870859,2021.86575342466,964
4,1,Bronx,NewYork,0.03687020197,0.03687020197,0,2021.6699791131,2021.70684931507,979
4,5,Bronx,Bronx,0.006095078509,0.006095078509,0,2021.6699791131,2021.67607419161,979
5,3,Bronx,Bronx,0.002775123465,0.008870201974,0.006095078509,2021.67607419161,2021.67884931507,979
5,2,Bronx,Bronx,0.008775123465,0.014870201974,0.006095078509,2021.67607419161,2021.68484931507,979
8,1,NewYork,NewYork,0.01234356715,0.01234356715,0,2021.68342355619,2021.69576712334,981
8,9,NewYork,NewYork,0.00207328335000001,0.00207328335000001,0,2021.68342355619,2021.68549683954,981
9,10,NewYork,Queens,0.0278877899,0.02996107325,0.00207328335000001,2021.68549683954,2021.71338462944,981
10,11,Queens,Queens,0.01471229232,0.04467336557,0.02996107325,2021.71338462944,2021.72809692176,981
10,2,Queens,Queens,0.0183824939,0.04834356715,0.02996107325,2021.71338462944,2021.73176712334,981
11,3,Queens,Queens,0.00867020158499998,0.053343567155,0.04467336557,2021.72809692176,2021.73676712335,981
11,12,Queens,Queens,0.0104253987,0.05509876427,0.04467336557,2021.72809692176,2021.73852232046,981
12,4,Queens,Queens,0.01424480288,0.06934356715,0.05509876427,2021.73852232046,2021.75276712334,981
12,5,Queens,Queens,0.02824480288,0.08334356715,0.05509876427,2021.73852232046,2021.76676712334,981
9,13,NewYork,Suffolk,0.1657779395,0.16785122285,0.00207328335000001,2021.68549683954,2021.85127477904,981
13,6,Suffolk,Suffolk,0.00849234425500001,0.176343567105,0.16785122285,2021.85127477904,2021.8597671233,981
13,7,Suffolk,Queens,0.07749234425,0.2453435671,0.16785122285,2021.85127477904,2021.92876712329,981
10,11,NewYork,NewYork,0.04412514369,0.04412514369,0,2021.5657864796,2021.60991162329,996
10,12,NewYork,NewYork,0.00115393216099999,0.00115393216099999,0,2021.5657864796,2021.56694041176,996
12,13,NewYork,NewYork,0.01183711091,0.012991043071,0.00115393216099999,2021.56694041176,2021.57877752267,996
13,14,NewYork,NewYork,0.0000493382309100232,0.01304038130191,0.012991043071,2021.57877752267,2021.5788268609,996
12,3,NewYork,NewYork,0.02496369786,0.026117630021,0.00115393216099999,2021.56694041176,2021.59190410962,996
13,4,NewYork,NewYork,0.02112658695,0.034117630021,0.012991043071,2021.57877752267,2021.59990410962,996
14,15,NewYork,NewYork,0.0244364583,0.03747683960191,0.01304038130191,2021.5788268609,2021.6032633192,996
14,17,NewYork,NewYork,0.02520497317,0.03824535447191,0.01304038130191,2021.5788268609,2021.60403183407,996
15,5,NewYork,NewYork,0.00164079041599999,0.03911763001791,0.03747683960191,2021.6032633192,2021.60490410962,996
15,16,NewYork,NewYork,0.005658010859,0.04313485046091,0.03747683960191,2021.6032633192,2021.60892133006,996
16,6,NewYork,Queens,0.00198277955699999,0.04511763001791,0.04313485046091,2021.60892133006,2021.61090410962,996
16,7,NewYork,Kings,0.00198277955699999,0.04511763001791,0.04313485046091,2021.60892133006,2021.61090410962,996
17,8,NewYork,Queens,0.00987227554300002,0.04811763001491,0.03824535447191,2021.60403183407,2021.61390410961,996
11,1,NewYork,Kings,0.00399248632799998,0.048117630018,0.04412514369,2021.60991162329,2021.61390410962,996
17,9,NewYork,NewYork,0.02287227554,0.06111763001191,0.03824535447191,2021.60403183407,2021.62690410961,996
11,2,NewYork,Nassau,0.1489924863,0.19311762999,0.04412514369,2021.60991162329,2021.75890410959,996
5,1,Queens,Queens,0.04298997578,0.04298997578,0,2021.81213331184,2021.85512328762,999
5,6,Queens,Queens,0.01539802478,0.01539802478,0,2021.81213331184,2021.82753133662,999
6,7,Queens,Queens,0.01159776175,0.02699578653,0.01539802478,2021.82753133662,2021.83912909837,999
6,4,Queens,Queens,0.027591951,0.04298997578,0.01539802478,2021.82753133662,2021.85512328762,999
7,3,Queens,Queens,0.05699418925,0.08398997578,0.02699578653,2021.83912909837,2021.89612328762,999
7,2,Queens,Westchester,0.1279941893,0.15498997583,0.02699578653,2021.83912909837,2021.96712328767,999
