node1,node2,startLoc,endLoc,length,endNodeL,startNodeL,startYear,endYear,cladeID
6,7,Suffolk,Suffolk,0.02817,0.02817,0,2021.01818205479,2021.04635205479,3
7,8,Suffolk,Suffolk,0.02872,0.05689,0.02817,2021.04635205479,2021.07507205479,3
8,9,Suffolk,Suffolk,0.04603,0.10292,0.05689,2021.07507205479,2021.12110205479,3
9,2,Suffolk,Suffolk,0.000350000000099993,0.1032700000001,0.10292,2021.12110205479,2021.12145205479,3
7,1,Suffolk,Suffolk,0.1021,0.13027,0.02817,2021.04635205479,2021.14845205479,3
8,4,Suffolk,Bronx,0.07838,0.13527,0.05689,2021.07507205479,2021.15345205479,3
6,5,Suffolk,NewYork,0.16327,0.16327,0,2021.01818205479,2021.18145205479,3
9,3,Suffolk,Suffolk,0.15835,0.26127,0.10292,2021.12110205479,2021.27945205479,3
5,6,Nassau,Kings,0.04012,0.04012,0,2021.07494191781,2021.11506191781,14
5,7,Nassau,Nassau,0.05867472101,0.05867472101,0,2021.07494191781,2021.13361663882,14
7,3,Nassau,Nassau,0.000205278987100002,0.0588799999971,0.05867472101,2021.13361663882,2021.13382191781,14
6,2,Kings,Kings,0.02676,0.06688,0.04012,2021.11506191781,2021.14182191781,14
6,1,Kings,Queens,0.04376,0.08388,0.04012,2021.11506191781,2021.15882191781,14
7,4,Nassau,Nassau,0.04720527899,0.10588,0.05867472101,2021.13361663882,2021.18082191781,14
4,1,Suffolk,Westchester,0.10112,0.10112,0,2021.08792109589,2021.18904109589,16
4,5,Suffolk,Suffolk,7.00308251700005e-05,7.00308251700005e-05,0,2021.08792109589,2021.08799112671,16
5,2,Suffolk,Suffolk,0.002049969175,0.00212000000017,7.00308251700005e-05,2021.08799112671,2021.09004109589,16
5,3,Suffolk,NewYork,0.002049969175,0.00212000000017,7.00308251700005e-05,2021.08799112671,2021.09004109589,16
11,1,Bronx,Suffolk,0.04801,0.04801,0,2021.15151054795,2021.19952054795,17
11,12,Bronx,Bronx,0.03757,0.03757,0,2021.15151054795,2021.18908054795,17
12,13,Bronx,Kings,0.02049,0.05806,0.03757,2021.18908054795,2021.20957054795,17
13,15,Kings,Kings,0.00336,0.06142,0.05806,2021.20957054795,2021.21293054795,17
15,17,Kings,Kings,0.00317000000000001,0.06459,0.06142,2021.21293054795,2021.21610054795,17
17,10,Kings,Queens,0.02142,0.08601,0.06459,2021.21610054795,2021.23752054795,17
17,18,Kings,Nassau,0.05939928948,0.12398928948,0.06459,2021.21610054795,2021.27549983743,17
18,19,Nassau,Nassau,0.00166289114199999,0.125652180622,0.12398928948,2021.27549983743,2021.27716272857,17
19,8,Nassau,Nassau,0.001357819382,0.127010000004,0.125652180622,2021.27716272857,2021.27852054795,17
13,14,Kings,Kings,0.10516,0.16322,0.05806,2021.20957054795,2021.31473054795,17
14,3,Kings,Kings,0.00278999999999999,0.16601,0.16322,2021.31473054795,2021.31752054795,17
14,4,Kings,Kings,0.00778999999999999,0.17101,0.16322,2021.31473054795,2021.32252054795,17
19,9,Nassau,Nassau,0.04835781938,0.174010000002,0.125652180622,2021.27716272857,2021.32552054795,17
18,7,Nassau,Nassau,0.05802071052,0.18201,0.12398928948,2021.27549983743,2021.33352054795,17
15,16,Kings,Nassau,0.13101,0.19243,0.06142,2021.21293054795,2021.34394054795,17
12,2,Bronx,Nassau,0.15544,0.19301,0.03757,2021.18908054795,2021.34452054795,17
16,5,Nassau,Nassau,0.02858,0.22101,0.19243,2021.34394054795,2021.37252054795,17
16,6,Nassau,Nassau,0.05058,0.24301,0.19243,2021.34394054795,2021.39452054795,17
4,1,NewYork,Queens,5.00000000100004e-05,5.00000000100004e-05,0,2021.30697739726,2021.30702739726,24
4,5,NewYork,Queens,0.01897601823,0.01897601823,0,2021.30697739726,2021.32595341549,24
5,2,Queens,Queens,7.39817736300011e-05,0.01905000000363,0.01897601823,2021.32595341549,2021.32602739726,24
5,3,Queens,Queens,7.39817736300011e-05,0.01905000000363,0.01897601823,2021.32595341549,2021.32602739726,24
5,6,Kings,Queens,0.01788442664,0.01788442664,0,2021.2032990411,2021.22118346774,39
6,1,Queens,Queens,0.000405573360299991,0.0182900000003,0.01788442664,2021.22118346774,2021.2215890411,39
5,7,Kings,Kings,0.10063,0.10063,0,2021.2032990411,2021.3039290411,39
7,3,Kings,Kings,0.00266,0.10329,0.10063,2021.3039290411,2021.3065890411,39
7,4,Kings,Kings,0.00266,0.10329,0.10063,2021.3039290411,2021.3065890411,39
6,2,Queens,Suffolk,0.08840557336,0.10629,0.01788442664,2021.22118346774,2021.3095890411,39
7,8,Queens,NewYork,0.000416842242400017,0.000416842242400017,0,2020.92594904817,2020.92636589041,40
7,10,Queens,Queens,0.000416842242400017,0.000416842242400017,0,2020.92594904817,2020.92636589041,40
8,9,NewYork,Queens,0.1578040248,0.1582208670424,0.000416842242400017,2020.92636589041,2021.08416991521,40
9,1,Queens,Queens,0.000925975184399991,0.1591468422268,0.1582208670424,2021.08416991521,2021.08509589039,40
9,2,Queens,Queens,0.01492597518,0.1731468422224,0.1582208670424,2021.08416991521,2021.09909589039,40
8,3,NewYork,Suffolk,0.17773,0.1781468422424,0.000416842242400017,2020.92636589041,2021.10409589041,40
10,11,Queens,Queens,0.20367,0.2040868422424,0.000416842242400017,2020.92636589041,2021.13003589041,40
10,4,Queens,Queens,0.20573,0.2061468422424,0.000416842242400017,2020.92636589041,2021.13209589041,40
11,5,Queens,Queens,0.00706000000000001,0.2111468422424,0.2040868422424,2021.13003589041,2021.13709589041,40
11,6,Queens,Queens,0.11106,0.3151468422424,0.2040868422424,2021.13003589041,2021.24109589041,40
5,1,NewYork,NewYork,0.06655,0.06655,0,2021.11762808218,2021.18417808218,43
5,6,NewYork,Nassau,0.00301999999999999,0.00301999999999999,0,2021.11762808218,2021.12064808218,43
6,7,Nassau,Suffolk,0.00483913283500001,0.007859132835,0.00301999999999999,2021.12064808218,2021.12548721502,43
7,3,Suffolk,Suffolk,0.000690867165399997,0.0085500000004,0.007859132835,2021.12548721502,2021.12617808219,43
6,2,Nassau,Nassau,0.06553,0.06855,0.00301999999999999,2021.12064808218,2021.18617808219,43
7,4,Suffolk,Kings,0.09369086717,0.101550000005,0.007859132835,2021.12548721502,2021.21917808219,43
11,12,Nassau,Nassau,0.009373305538,0.009373305538,0,2021.03044614651,2021.03981945205,49
11,18,Nassau,Nassau,0.00113330553800001,0.00113330553800001,0,2021.03044614651,2021.03157945205,49
12,13,Nassau,Nassau,0.01373,0.023103305538,0.009373305538,2021.03981945205,2021.05354945205,49
13,16,Nassau,Nassau,0.02389,0.046993305538,0.023103305538,2021.05354945205,2021.07743945205,49
16,17,Nassau,Nassau,0.000653188520399972,0.0476464940584,0.046993305538,2021.07743945205,2021.07809264057,49
17,6,Nassau,Nassau,0.00138681148000003,0.0490333055384,0.0476464940584,2021.07809264057,2021.07947945205,49
16,5,Nassau,Kings,0.00503999999999999,0.052033305538,0.046993305538,2021.07743945205,2021.08247945205,49
18,19,Nassau,Suffolk,0.05091,0.052043305538,0.00113330553800001,2021.03157945205,2021.08248945205,49
17,7,Nassau,Suffolk,0.01038681148,0.0580333055384,0.0476464940584,2021.07809264057,2021.08847945205,49
13,14,Nassau,Queens,0.04500281684,0.068106122378,0.023103305538,2021.05354945205,2021.09855226889,49
14,15,Queens,Kings,0.001537183156,0.069643305534,0.068106122378,2021.09855226889,2021.10008945205,49
18,8,Nassau,Nassau,0.0789,0.080033305538,0.00113330553800001,2021.03157945205,2021.11047945205,49
15,3,Kings,Kings,0.03739,0.107033305534,0.069643305534,2021.10008945205,2021.13747945205,49
12,1,Nassau,NewYork,0.09766,0.107033305538,0.009373305538,2021.03981945205,2021.13747945205,49
14,2,Queens,Queens,0.05492718316,0.123033305538,0.068106122378,2021.09855226889,2021.15347945205,49
15,4,Kings,Kings,0.06439,0.134033305534,0.069643305534,2021.10008945205,2021.16447945205,49
19,9,Suffolk,Suffolk,0.10199,0.154033305538,0.052043305538,2021.08248945205,2021.18447945205,49
19,10,Suffolk,Suffolk,0.12299,0.175033305538,0.052043305538,2021.08248945205,2021.20547945205,49
6,1,Suffolk,Suffolk,0.15625,0.15625,0,2020.95854452051,2021.11479452051,50
6,7,Suffolk,Suffolk,0.00434475126599998,0.00434475126599998,0,2020.95854452051,2020.96288927178,50
7,9,Suffolk,Bronx,0.1478252487,0.152169999966,0.00434475126599998,2020.96288927178,2021.11071452048,50
9,4,Bronx,Bronx,0.03708,0.189249999966,0.152169999966,2021.11071452048,2021.14779452048,50
9,5,Bronx,Bronx,0.05108,0.203249999966,0.152169999966,2021.11071452048,2021.16179452048,50
7,8,Suffolk,NewYork,0.2556661548,0.260010906066,0.00434475126599998,2020.96288927178,2021.21855542658,50
8,2,NewYork,Kings,0.000239093970699988,0.2602500000367,0.260010906066,2021.21855542658,2021.21879452055,50
8,3,NewYork,Nassau,0.03623909397,0.296250000036,0.260010906066,2021.21855542658,2021.25479452055,50
5,1,Bronx,Queens,0.04579,0.04579,0,2021.16200452055,2021.20779452055,57
5,6,Bronx,Bronx,0.0596015795,0.0596015795,0,2021.16200452055,2021.22160610005,57
6,2,Bronx,Bronx,0.000188420502999997,0.059790000003,0.0596015795,2021.22160610005,2021.22179452055,57
6,7,Bronx,Bronx,0.0221484205,0.08175,0.0596015795,2021.22160610005,2021.24375452055,57
7,3,Bronx,Bronx,3.99999999100009e-05,0.08178999999991,0.08175,2021.24375452055,2021.24379452055,57
7,4,Bronx,Nassau,0.01104,0.09279,0.08175,2021.24375452055,2021.25479452055,57
5,6,NewYork,NewYork,0.07258,0.07258,0,2021.10117616438,2021.17375616438,60
5,7,NewYork,NewYork,0.04617,0.04617,0,2021.10117616438,2021.14734616438,60
7,4,NewYork,Nassau,0.06901,0.11518,0.04617,2021.14734616438,2021.21635616438,60
6,2,NewYork,Suffolk,0.0426,0.11518,0.07258,2021.17375616438,2021.21635616438,60
6,1,NewYork,Nassau,0.0566,0.12918,0.07258,2021.17375616438,2021.23035616438,60
7,3,NewYork,NewYork,0.09101,0.13718,0.04617,2021.14734616438,2021.23835616438,60
12,13,Suffolk,Suffolk,0.07975,0.07975,0,2021.16826547945,2021.24801547945,64
12,17,Suffolk,Suffolk,0.0125,0.0125,0,2021.16826547945,2021.18076547945,64
17,18,Suffolk,Suffolk,0.01821030039,0.03071030039,0.0125,2021.18076547945,2021.19897577984,64
18,7,Suffolk,NewYork,0.00122969960700001,0.031939999997,0.03071030039,2021.19897577984,2021.20020547945,64
18,19,Suffolk,Suffolk,0.03442969961,0.06514,0.03071030039,2021.19897577984,2021.23340547945,64
19,20,Suffolk,Richmond,0.00267000000000001,0.06781,0.06514,2021.23340547945,2021.23607547945,64
17,6,Suffolk,Suffolk,0.05544,0.06794,0.0125,2021.18076547945,2021.23620547945,64
20,9,Richmond,Queens,0.00513,0.07294,0.06781,2021.23607547945,2021.24120547945,64
19,8,Suffolk,Westchester,0.0218,0.08694,0.06514,2021.23340547945,2021.25520547945,64
20,21,Richmond,Richmond,0.01918,0.08699,0.06781,2021.23607547945,2021.25525547945,64
21,10,Richmond,Nassau,0.00294999999999999,0.08994,0.08699,2021.25525547945,2021.25820547945,64
13,14,Suffolk,Suffolk,0.02621,0.10596,0.07975,2021.24801547945,2021.27422547945,64
21,11,Richmond,Queens,0.02195,0.10894,0.08699,2021.25525547945,2021.27720547945,64
14,15,Suffolk,Suffolk,0.04795842914,0.15391842914,0.10596,2021.27422547945,2021.32218390859,64
15,2,Suffolk,Suffolk,0.001021570857,0.154939999997,0.15391842914,2021.32218390859,2021.32320547945,64
14,16,Suffolk,Suffolk,0.0598283803,0.1657883803,0.10596,2021.27422547945,2021.33405385975,64
16,4,Suffolk,Suffolk,0.000151619704700012,0.1659400000047,0.1657883803,2021.33405385975,2021.33420547945,64
16,5,Suffolk,Suffolk,0.000151619704700012,0.1659400000047,0.1657883803,2021.33405385975,2021.33420547945,64
15,3,Suffolk,Nassau,0.01802157086,0.17194,0.15391842914,2021.32218390859,2021.34020547945,64
13,1,Suffolk,Suffolk,0.09719,0.17694,0.07975,2021.24801547945,2021.34520547945,64
6,1,Westchester,NewYork,0.07461,0.07461,0,2021.17232150685,2021.24693150685,67
6,7,Westchester,Queens,0.02281,0.02281,0,2021.17232150685,2021.19513150685,67
7,8,Queens,Westchester,0.02971,0.05252,0.02281,2021.19513150685,2021.22484150685,67
8,9,Westchester,Westchester,0.001466673014,0.053986673014,0.05252,2021.22484150685,2021.22630817986,67
9,5,Westchester,Westchester,0.000623326985999997,0.05461,0.053986673014,2021.22630817986,2021.22693150685,67
9,4,Westchester,Westchester,0.003623326986,0.05761,0.053986673014,2021.22630817986,2021.22993150685,67
7,2,Queens,Queens,0.0488,0.07161,0.02281,2021.19513150685,2021.24393150685,67
8,3,Westchester,Westchester,0.06009,0.11261,0.05252,2021.22484150685,2021.28493150685,67
5,6,Nassau,Bronx,0.09759,0.09759,0,2021.03529835616,2021.13288835616,71
5,7,Nassau,Kings,0.05822,0.05822,0,2021.03529835616,2021.09351835616,71
6,2,Bronx,Bronx,0.02955,0.12714,0.09759,2021.13288835616,2021.16243835616,71
7,3,Kings,Kings,0.10392,0.16214,0.05822,2021.09351835616,2021.19743835616,71
6,1,Bronx,Queens,0.07255,0.17014,0.09759,2021.13288835616,2021.20543835616,71
7,4,Kings,Kings,0.12292,0.18114,0.05822,2021.09351835616,2021.21643835616,71
5,1,Westchester,Westchester,0.11644,0.11644,0,2021.12472438356,2021.24116438356,87
5,6,Westchester,NewYork,0.14898,0.14898,0,2021.12472438356,2021.27370438356,87
6,7,NewYork,Kings,0.03366,0.18264,0.14898,2021.27370438356,2021.30736438356,87
6,4,NewYork,NewYork,0.05846,0.20744,0.14898,2021.27370438356,2021.33216438356,87
7,2,Kings,Queens,0.0458,0.22844,0.18264,2021.30736438356,2021.35316438356,87
7,3,Kings,Kings,0.0488,0.23144,0.18264,2021.30736438356,2021.35616438356,87
15,16,Kings,Kings,0.05184,0.05184,0,2021.07337452055,2021.12521452055,100
15,21,Kings,NewYork,0.00613,0.00613,0,2021.07337452055,2021.07950452055,100
21,22,NewYork,NewYork,0.00203434211100001,0.00816434211100001,0.00613,2021.07950452055,2021.08153886266,100
22,7,NewYork,NewYork,0.000255657889399991,0.0084200000004,0.00816434211100001,2021.08153886266,2021.08179452055,100
21,25,NewYork,NewYork,0.01096,0.01709,0.00613,2021.07950452055,2021.09046452055,100
25,11,NewYork,Richmond,0.00233,0.01942,0.01709,2021.09046452055,2021.09279452055,100
22,23,NewYork,Suffolk,0.01988565789,0.028050000001,0.00816434211100001,2021.08153886266,2021.10142452055,100
23,24,Suffolk,Suffolk,0.001965306354,0.030015306355,0.028050000001,2021.10142452055,2021.1033898269,100
24,9,Suffolk,Queens,0.000404693646299997,0.0304200000013,0.030015306355,2021.1033898269,2021.10379452055,100
25,26,NewYork,Bronx,0.02075,0.03784,0.01709,2021.09046452055,2021.11121452055,100
23,8,Suffolk,Bronx,0.01637,0.044420000001,0.028050000001,2021.10142452055,2021.11779452055,100
16,18,Kings,Kings,0.01557,0.06741,0.05184,2021.12521452055,2021.14078452055,100
24,10,Suffolk,Suffolk,0.05240469365,0.082420000005,0.030015306355,2021.1033898269,2021.15579452055,100
26,12,Bronx,Bronx,0.05058,0.08842,0.03784,2021.11121452055,2021.16179452055,100
18,19,Kings,Suffolk,0.04009,0.1075,0.06741,2021.14078452055,2021.18087452055,100
16,17,Kings,Queens,0.05828,0.11012,0.05184,2021.12521452055,2021.18349452055,100
19,4,Suffolk,Suffolk,0.00292000000000001,0.11042,0.1075,2021.18087452055,2021.18379452055,100
17,1,Queens,Queens,0.000299999999999995,0.11042,0.11012,2021.18349452055,2021.18379452055,100
17,2,Queens,Queens,0.0023,0.11242,0.11012,2021.18349452055,2021.18579452055,100
26,27,Bronx,NewYork,0.09706,0.1349,0.03784,2021.11121452055,2021.20827452055,100
27,14,NewYork,NewYork,0.00251999999999999,0.13742,0.1349,2021.20827452055,2021.21079452055,100
18,3,Kings,Kings,0.09701,0.16442,0.06741,2021.14078452055,2021.23779452055,100
19,20,Suffolk,Kings,0.06289,0.17039,0.1075,2021.18087452055,2021.24376452055,100
20,5,Kings,Kings,2.99999999099909e-05,0.17041999999991,0.17039,2021.24376452055,2021.24379452055,100
20,6,Kings,Queens,2.99999999099909e-05,0.17041999999991,0.17039,2021.24376452055,2021.24379452055,100
27,13,NewYork,NewYork,0.04652,0.18142,0.1349,2021.20827452055,2021.25479452055,100
5,1,Nassau,Nassau,0.08997,0.08997,0,2021.19222178082,2021.28219178082,113
5,6,Nassau,Nassau,0.00262,0.00262,0,2021.19222178082,2021.19484178082,113
6,2,Nassau,Richmond,0.0003499999999,0.0029699999999,0.00262,2021.19484178082,2021.19519178082,113
6,7,Nassau,Nassau,0.01240326665,0.01502326665,0.00262,2021.19484178082,2021.20724504747,113
7,3,Nassau,Westchester,0.000946733345499995,0.0159699999955,0.01502326665,2021.20724504747,2021.20819178082,113
7,4,Nassau,Nassau,0.03394673335,0.04897,0.01502326665,2021.20724504747,2021.24119178082,113
6,1,Queens,Queens,0.03247,0.03247,0,2021.22772178082,2021.26019178082,114
6,7,Queens,Queens,0.02878,0.02878,0,2021.22772178082,2021.25650178082,114
7,8,Queens,Nassau,0.02339,0.05217,0.02878,2021.25650178082,2021.27989178082,114
8,9,Nassau,Nassau,0.001302092182,0.053472092182,0.05217,2021.27989178082,2021.281193873,114
7,2,Queens,Queens,0.02569,0.05447,0.02878,2021.25650178082,2021.28219178082,114
8,3,Nassau,Kings,0.0023,0.05447,0.05217,2021.27989178082,2021.28219178082,114
9,4,Nassau,Nassau,0.0009979078184,0.0544700000004,0.053472092182,2021.281193873,2021.28219178082,114
9,5,Nassau,Kings,0.0009979078184,0.0544700000004,0.053472092182,2021.281193873,2021.28219178082,114
4,1,Queens,Queens,0.04659,0.04659,0,2021.12321821918,2021.16980821918,118
4,5,Queens,Queens,0.04252,0.04252,0,2021.12321821918,2021.16573821918,118
5,3,Queens,Queens,0.02607,0.06859,0.04252,2021.16573821918,2021.19180821918,118
5,2,Queens,Kings,0.15207,0.19459,0.04252,2021.16573821918,2021.31780821918,118
4,1,Nassau,Bronx,0.05566224217,0.05566224217,0,2021.13329666194,2021.18895890411,120
4,5,Nassau,Nassau,0.000762242174099995,0.000762242174099995,0,2021.13329666194,2021.13405890411,120
5,2,Nassau,Nassau,0.0549,0.0556622421741,0.000762242174099995,2021.13405890411,2021.18895890411,120
5,3,Nassau,Nassau,0.0769,0.0776622421741,0.000762242174099995,2021.13405890411,2021.21095890411,120
11,12,Kings,Kings,0.00273559833100001,0.00273559833100001,0,2021.01541686742,2021.01815246575,129
11,13,Kings,Kings,0.000580953398600009,0.000580953398600009,0,2021.01541686742,2021.01599782082,129
13,19,Kings,Kings,0.00215464493199999,0.0027355983306,0.000580953398600009,2021.01599782082,2021.01815246575,129
13,14,Kings,Kings,0.01514464493,0.0157255983286,0.000580953398600009,2021.01599782082,2021.03114246575,129
14,15,Kings,Kings,0.01918,0.0349055983286,0.0157255983286,2021.03114246575,2021.05032246575,129
19,10,Kings,NewYork,0.05019,0.0529255983306,0.0027355983306,2021.01815246575,2021.06834246575,129
14,3,Kings,NewYork,0.0482,0.0639255983286,0.0157255983286,2021.03114246575,2021.07934246575,129
12,2,Kings,Kings,0.07519,0.077925598331,0.00273559833100001,2021.01815246575,2021.09334246575,129
15,4,Kings,Kings,0.04902,0.0839255983286,0.0349055983286,2021.05032246575,2021.09934246575,129
15,16,Kings,Kings,0.05435,0.0892555983286,0.0349055983286,2021.05032246575,2021.10467246575,129
16,17,Kings,NewYork,0.00262,0.0918755983286,0.0892555983286,2021.10467246575,2021.10729246575,129
17,5,NewYork,Kings,4.99999999700046e-05,0.09192559832857,0.0918755983286,2021.10729246575,2021.10734246575,129
12,1,Kings,NewYork,0.09219,0.094925598331,0.00273559833100001,2021.01815246575,2021.11034246575,129
17,18,NewYork,NewYork,0.00422316492700001,0.0960987632556,0.0918755983286,2021.10729246575,2021.11151563068,129
18,7,NewYork,NewYork,0.0008268350732,0.0969255983288,0.0960987632556,2021.11151563068,2021.11234246575,129
18,6,NewYork,NewYork,0.003826835073,0.0999255983286,0.0960987632556,2021.11151563068,2021.11534246575,129
19,9,Kings,Bronx,0.10019,0.1029255983306,0.0027355983306,2021.01815246575,2021.11834246575,129
16,8,Kings,Kings,0.07067,0.1599255983286,0.0892555983286,2021.10467246575,2021.17534246575,129
4,1,Queens,Queens,0.1531,0.1531,0,2021.20306438356,2021.35616438356,143
4,5,Queens,Queens,0.00281000000000001,0.00281000000000001,0,2021.20306438356,2021.20587438356,143
5,2,Queens,Kings,0.11229,0.1151,0.00281000000000001,2021.20587438356,2021.31816438356,143
5,3,Queens,NewYork,0.13129,0.1341,0.00281000000000001,2021.20587438356,2021.33716438356,143
4,5,Queens,Queens,0.05011,0.05011,0,2021.28976109589,2021.33987109589,147
4,3,Queens,Nassau,0.03328,0.03328,0,2021.28976109589,2021.32304109589,147
5,2,Queens,Kings,0.0001699999999,0.0502799999999,0.05011,2021.33987109589,2021.34004109589,147
5,1,Queens,NewYork,0.04917,0.09928,0.05011,2021.33987109589,2021.38904109589,147
9,1,Kings,Nassau,0.1099,0.1099,0,2021.13156575344,2021.24146575344,149
9,10,Kings,Kings,0.000359999999999999,0.000359999999999999,0,2021.13156575344,2021.13192575344,149
10,13,Kings,Kings,0.00475028618000001,0.00511028618000001,0.000359999999999999,2021.13192575344,2021.13667603962,149
13,14,Kings,Richmond,0.01095971382,0.01607,0.00511028618000001,2021.13667603962,2021.14763575344,149
14,15,Richmond,Richmond,0.01196,0.02803,0.01607,2021.14763575344,2021.15959575344,149
15,8,Richmond,Richmond,0.00287000000000001,0.0309,0.02803,2021.15959575344,2021.16246575344,149
10,11,Kings,Queens,0.05195,0.05231,0.000359999999999999,2021.13192575344,2021.18387575344,149
14,6,Richmond,Richmond,0.05783,0.0739,0.01607,2021.14763575344,2021.20546575344,149
11,2,Queens,NewYork,0.03859,0.0909,0.05231,2021.18387575344,2021.22246575344,149
11,12,Queens,Queens,0.07422,0.12653,0.05231,2021.18387575344,2021.25809575344,149
12,3,Queens,Suffolk,0.000370000000000009,0.1269,0.12653,2021.25809575344,2021.25846575344,149
12,4,Queens,Queens,0.01637,0.1429,0.12653,2021.25809575344,2021.27446575344,149
15,7,Richmond,Richmond,0.11787,0.1459,0.02803,2021.15959575344,2021.27746575344,149
13,5,Kings,Kings,0.2057897138,0.21089999998,0.00511028618000001,2021.13667603962,2021.34246575342,149
4,1,Kings,Nassau,0.01771,0.01771,0,2021.01790643836,2021.03561643836,154
4,5,Kings,Kings,0.01742,0.01742,0,2021.01790643836,2021.03532643836,154
5,2,Kings,NewYork,0.000290000000099998,0.0177100000001,0.01742,2021.03532643836,2021.03561643836,154
5,3,Kings,Kings,0.000290000000099998,0.0177100000001,0.01742,2021.03532643836,2021.03561643836,154
5,6,Queens,Queens,0.04337299515,0.04337299515,0,2021.13984864869,2021.18322164384,173
5,7,Queens,Bronx,0.001742995153,0.001742995153,0,2021.13984864869,2021.14159164384,173
7,4,Bronx,Kings,0.02197,0.023712995153,0.001742995153,2021.14159164384,2021.16356164384,173
7,3,Bronx,Bronx,0.02497,0.026712995153,0.001742995153,2021.14159164384,2021.16656164384,173
6,1,Queens,Kings,0.00034,0.04371299515,0.04337299515,2021.18322164384,2021.18356164384,173
6,2,Queens,Queens,0.00034,0.04371299515,0.04337299515,2021.18322164384,2021.18356164384,173
4,1,NewYork,NewYork,0.00302,0.00302,0,2021.12880191781,2021.13182191781,182
4,5,NewYork,Nassau,0.04932,0.04932,0,2021.12880191781,2021.17812191781,182
5,2,Nassau,Nassau,0.0027,0.05202,0.04932,2021.17812191781,2021.18082191781,182
5,3,Nassau,Nassau,0.0027,0.05202,0.04932,2021.17812191781,2021.18082191781,182
4,1,Queens,Westchester,0.26569,0.26569,0,2021.24115931507,2021.50684931507,190
4,5,Queens,NewYork,0.00262000000000001,0.00262000000000001,0,2021.24115931507,2021.24377931507,190
5,2,NewYork,Bronx,6.99999999099754e-05,0.00268999999990999,0.00262000000000001,2021.24377931507,2021.24384931507,190
5,3,NewYork,Kings,6.99999999099754e-05,0.00268999999990999,0.00262000000000001,2021.24377931507,2021.24384931507,190
4,1,Nassau,NewYork,0.000230000000099997,0.000230000000099997,0,2021.15033164384,2021.15056164384,219
4,5,Nassau,Nassau,0.02622506409,0.02622506409,0,2021.15033164384,2021.17655670793,219
5,2,Nassau,Nassau,0.001004935914,0.027230000004,0.02622506409,2021.17655670793,2021.17756164384,219
5,3,Nassau,NewYork,0.007004935914,0.033230000004,0.02622506409,2021.17655670793,2021.18356164384,219
4,1,Kings,Queens,0.001597793281,0.001597793281,0,2021.06673097384,2021.06832876712,222
4,5,Kings,Kings,0.01039779328,0.01039779328,0,2021.06673097384,2021.07712876712,222
5,2,Kings,Kings,0.000199999999999999,0.01059779328,0.01039779328,2021.07712876712,2021.07732876712,222
5,3,Kings,Nassau,0.0352,0.04559779328,0.01039779328,2021.07712876712,2021.11232876712,222
4,1,Nassau,Nassau,0.00239,0.00239,0,2021.29076068493,2021.29315068493,232
4,5,Nassau,Nassau,0.002177081146,0.002177081146,0,2021.29076068493,2021.29293776608,232
5,2,Nassau,Queens,0.0002129188541,0.0023900000001,0.002177081146,2021.29293776608,2021.29315068493,232
5,3,Nassau,Nassau,0.0002129188541,0.0023900000001,0.002177081146,2021.29293776608,2021.29315068493,232
4,1,Suffolk,Bronx,0.04826,0.04826,0,2021.15663041099,2021.20489041099,242
4,5,Suffolk,Kings,0.02067527317,0.02067527317,0,2021.15663041099,2021.17730568416,242
5,2,Kings,Suffolk,0.000584726833299992,0.0212600000033,0.02067527317,2021.17730568416,2021.17789041099,242
5,3,Kings,Nassau,0.1185847268,0.13925999997,0.02067527317,2021.17730568416,2021.29589041096,242
5,1,Queens,Queens,0.0009093430023,0.0009093430023,0,2021.30311805426,2021.30402739726,253
5,6,Queens,Queens,0.017719343,0.017719343,0,2021.30311805426,2021.32083739726,253
6,7,Queens,Nassau,0.001914588581,0.019633931581,0.017719343,2021.32083739726,2021.32275198584,253
7,3,Nassau,Nassau,0.000275411418600002,0.0199093429996,0.019633931581,2021.32275198584,2021.32302739726,253
7,4,Nassau,Nassau,0.000275411418600002,0.0199093429996,0.019633931581,2021.32275198584,2021.32302739726,253
6,2,Queens,Queens,0.00519,0.022909343,0.017719343,2021.32083739726,2021.32602739726,253
5,1,Westchester,Westchester,0.00269,0.00269,0,2021.17831,2021.181,262
5,6,Westchester,Westchester,0.00262,0.00262,0,2021.17831,2021.18093,262
6,2,Westchester,Westchester,7.00000000399999e-05,0.00269000000004,0.00262,2021.18093,2021.181,262
6,7,Westchester,Nassau,0.01656,0.01918,0.00262,2021.18093,2021.19749,262
7,3,Nassau,Nassau,0.00251,0.02169,0.01918,2021.19749,2021.2,262
7,4,Nassau,Suffolk,0.00251,0.02169,0.01918,2021.19749,2021.2,262
4,1,Queens,NewYork,9.00000000000067e-05,9.00000000000067e-05,0,2021.19240315068,2021.19249315068,265
4,5,Queens,NewYork,0.05688513018,0.05688513018,0,2021.19240315068,2021.24928828086,265
5,2,NewYork,Queens,0.000204869822199999,0.0570900000022,0.05688513018,2021.24928828086,2021.24949315068,265
5,3,NewYork,Bronx,0.01920486982,0.07609,0.05688513018,2021.24928828086,2021.26849315068,265
4,1,Suffolk,Suffolk,0.02984,0.02984,0,2021.25235178082,2021.28219178082,278
4,5,Suffolk,Nassau,0.01548328707,0.01548328707,0,2021.25235178082,2021.26783506789,278
5,2,Nassau,Nassau,0.0003567129291,0.0158399999991,0.01548328707,2021.26783506789,2021.26819178082,278
5,3,Nassau,Nassau,0.0003567129291,0.0158399999991,0.01548328707,2021.26783506789,2021.26819178082,278
4,1,NewYork,NewYork,0.000149999999999997,0.000149999999999997,0,2021.20316506849,2021.20331506849,281
4,5,NewYork,Queens,0.02752,0.02752,0,2021.20316506849,2021.23068506849,281
5,2,Queens,Queens,0.00763,0.03515,0.02752,2021.23068506849,2021.23831506849,281
5,3,Queens,Nassau,0.01863,0.04615,0.02752,2021.23068506849,2021.24931506849,281
6,7,Nassau,Nassau,0.07681,0.07681,0,2020.91543068493,2020.99224068493,283
6,8,Nassau,Nassau,0.00287000000000001,0.00287000000000001,0,2020.91543068493,2020.91830068493,283
8,9,Nassau,Nassau,0.00291999999999998,0.00578999999999999,0.00287000000000001,2020.91830068493,2020.92122068493,283
9,4,Nassau,Queens,0.09293,0.09872,0.00578999999999999,2020.92122068493,2021.01415068493,283
9,5,Nassau,NewYork,0.10593,0.11172,0.00578999999999999,2020.92122068493,2021.02715068493,283
7,2,Nassau,Nassau,0.04891,0.12572,0.07681,2020.99224068493,2021.04115068493,283
7,1,Nassau,Kings,0.07591,0.15272,0.07681,2020.99224068493,2021.06815068493,283
8,3,Nassau,Nassau,0.17485,0.17772,0.00287000000000001,2020.91830068493,2021.09315068493,283
5,1,Nassau,Nassau,0.001412572784,0.001412572784,0,2021.06650523539,2021.06791780817,296
5,6,Nassau,Kings,0.00610179556099999,0.00610179556099999,0,2021.06650523539,2021.07260703095,296
6,2,Kings,Kings,0.00131077722300002,0.00741257278400001,0.00610179556099999,2021.07260703095,2021.07391780817,296
6,7,Kings,Nassau,0.01988217537,0.025983970931,0.00610179556099999,2021.07260703095,2021.09248920632,296
7,3,Nassau,Nassau,0.000428601853400018,0.0264125727844,0.025983970931,2021.09248920632,2021.09291780817,296
7,4,Nassau,Kings,0.1294286019,0.155412572831,0.025983970931,2021.09248920632,2021.22191780822,296
5,6,NewYork,NewYork,0.01556294452,0.01556294452,0,2021.26114746644,2021.27671041096,302
5,7,NewYork,NewYork,0.002032944524,0.002032944524,0,2021.26114746644,2021.26318041096,302
6,1,NewYork,Kings,0.00018,0.01574294452,0.01556294452,2021.27671041096,2021.27689041096,302
6,2,NewYork,Queens,0.00018,0.01574294452,0.01556294452,2021.27671041096,2021.27689041096,302
7,3,NewYork,NewYork,0.03271,0.034742944524,0.002032944524,2021.26318041096,2021.29589041096,302
7,4,NewYork,Queens,0.03271,0.034742944524,0.002032944524,2021.26318041096,2021.29589041096,302
4,1,Bronx,Bronx,0.000952297639399999,0.000952297639399999,0,2021.24306140099,2021.24401369863,306
4,5,Bronx,Bronx,0.000902297639500001,0.000902297639500001,0,2021.24306140099,2021.24396369863,306
5,3,Bronx,Bronx,4.9999999909997e-05,0.000952297639409998,0.000902297639500001,2021.24396369863,2021.24401369863,306
5,2,Bronx,Westchester,0.01905,0.0199522976395,0.000902297639500001,2021.24396369863,2021.26301369863,306
6,1,Bronx,Bronx,0.0028,0.0028,0,2021.14810410959,2021.15090410959,311
6,7,Bronx,Nassau,0.0027,0.0027,0,2021.14810410959,2021.15080410959,311
7,8,Nassau,Nassau,0.001303418003,0.004003418003,0.0027,2021.15080410959,2021.15210752759,311
7,2,Nassau,Nassau,0.0021,0.0048,0.0027,2021.15080410959,2021.15290410959,311
8,3,Nassau,Nassau,0.0007965819971,0.0048000000001,0.004003418003,2021.15210752759,2021.15290410959,311
8,9,Nassau,NewYork,0.006796581997,0.0108,0.004003418003,2021.15210752759,2021.15890410959,311
9,4,NewYork,NewYork,1.01696429055664e-13,0.0108000000001017,0.0108,2021.15890410959,2021.15890410959,311
9,5,NewYork,Queens,1.01696429055664e-13,0.0108000000001017,0.0108,2021.15890410959,2021.15890410959,311
4,1,Queens,Kings,0.05148,0.05148,0,2021.31290356164,2021.36438356164,319
4,5,Queens,Queens,0.00536,0.00536,0,2021.31290356164,2021.31826356164,319
5,2,Queens,Queens,0.000119999999999995,0.00548,0.00536,2021.31826356164,2021.31838356164,319
5,3,Queens,Kings,0.03512,0.04048,0.00536,2021.31826356164,2021.35338356164,319
6,1,Kings,Queens,0.03668,0.03668,0,2021.12770356164,2021.16438356164,334
6,7,Kings,Kings,0.01267,0.01267,0,2021.12770356164,2021.14037356164,334
7,2,Kings,Nassau,0.00201,0.01468,0.01267,2021.14037356164,2021.14238356164,334
7,8,Kings,Kings,0.0027,0.01537,0.01267,2021.14037356164,2021.14307356164,334
8,9,Kings,Queens,0.001067489426,0.016437489426,0.01537,2021.14307356164,2021.14414105107,334
8,3,Kings,Kings,0.00231,0.01768,0.01537,2021.14307356164,2021.14538356164,334
9,4,Queens,NewYork,0.001242510574,0.01768,0.016437489426,2021.14414105107,2021.14538356164,334
9,5,Queens,Bronx,0.004242510574,0.02068,0.016437489426,2021.14414105107,2021.14838356164,334
13,14,Bronx,Westchester,0.03899,0.03899,0,2021.08539712329,2021.12438712329,340
13,17,Bronx,Bronx,0.02343,0.02343,0,2021.08539712329,2021.10882712329,340
17,18,Bronx,Queens,0.04839,0.07182,0.02343,2021.10882712329,2021.15721712329,340
17,19,Bronx,Suffolk,0.08281,0.10624,0.02343,2021.10882712329,2021.19163712329,340
19,7,Suffolk,Kings,0.000129999999999991,0.10637,0.10624,2021.19163712329,2021.19176712329,340
19,20,Suffolk,Suffolk,0.00393000000000002,0.11017,0.10624,2021.19163712329,2021.19556712329,340
18,6,Queens,Nassau,0.05055,0.12237,0.07182,2021.15721712329,2021.20776712329,340
20,21,Suffolk,Westchester,0.01798,0.12815,0.11017,2021.19556712329,2021.21354712329,340
21,9,Westchester,Westchester,0.000219999999899995,0.1283699999999,0.12815,2021.21354712329,2021.21376712329,340
14,1,Westchester,Westchester,0.09138,0.13037,0.03899,2021.12438712329,2021.21576712329,340
18,5,Queens,Nassau,0.06455,0.13637,0.07182,2021.15721712329,2021.22176712329,340
14,15,Westchester,Westchester,0.1144300163,0.1534200163,0.03899,2021.12438712329,2021.23881713959,340
15,2,Westchester,Richmond,0.00194998367599999,0.155369999976,0.1534200163,2021.23881713959,2021.24076712327,340
21,8,Westchester,Westchester,0.03022,0.15837,0.12815,2021.21354712329,2021.24376712329,340
20,22,Suffolk,Nassau,0.05086,0.16103,0.11017,2021.19556712329,2021.24642712329,340
22,10,Nassau,Nassau,0.00034000000010001,0.1613700000001,0.16103,2021.24642712329,2021.24676712329,340
15,16,Westchester,Westchester,0.01857998368,0.17199999998,0.1534200163,2021.23881713959,2021.25739712327,340
16,3,Westchester,Kings,0.000370000000000009,0.17236999998,0.17199999998,2021.25739712327,2021.25776712327,340
16,4,Westchester,Westchester,0.00836999999999999,0.18036999998,0.17199999998,2021.25739712327,2021.26576712327,340
22,23,Nassau,Nassau,0.0265482148,0.1875782148,0.16103,2021.24642712329,2021.27297533809,340
23,11,Nassau,Nassau,0.000791785197600009,0.1883699999976,0.1875782148,2021.27297533809,2021.27376712329,340
23,12,Nassau,Nassau,0.0557917852,0.24337,0.1875782148,2021.27297533809,2021.32876712329,340
4,1,Queens,Queens,0.09226,0.09226,0,2021.09379479452,2021.18605479452,349
4,5,Queens,Queens,0.10931,0.10931,0,2021.09379479452,2021.20310479452,349
5,3,Queens,Kings,0.01595,0.12526,0.10931,2021.20310479452,2021.21905479452,349
5,2,Queens,Queens,0.04895,0.15826,0.10931,2021.20310479452,2021.25205479452,349
70,71,Nassau,Nassau,0.04906545958,0.04906545958,0,2020.98620383562,2021.0352692952,352
70,84,Nassau,NewYork,0.03848,0.03848,0,2020.98620383562,2021.02468383562,352
84,89,NewYork,NewYork,0.00267000000000001,0.04115,0.03848,2021.02468383562,2021.02735383562,352
89,97,NewYork,Nassau,0.00259999999999999,0.04375,0.04115,2021.02735383562,2021.02995383562,352
97,105,Nassau,Nassau,0.00280999999999998,0.04656,0.04375,2021.02995383562,2021.03276383562,352
105,106,Nassau,Nassau,0.00262000000000001,0.04918,0.04656,2021.03276383562,2021.03538383562,352
106,36,Nassau,Nassau,0.000260000000100014,0.0494400000001,0.04918,2021.03538383562,2021.03564383562,352
106,37,Nassau,Nassau,0.000260000000100014,0.0494400000001,0.04918,2021.03538383562,2021.03564383562,352
71,74,Nassau,Suffolk,0.000884540419399948,0.0499499999994,0.04906545958,2021.0352692952,2021.03615383562,352
89,90,NewYork,NewYork,0.01225,0.0534,0.04115,2021.02735383562,2021.03960383562,352
84,85,NewYork,Queens,0.01774,0.05622,0.03848,2021.02468383562,2021.04242383562,352
105,107,Nassau,Westchester,0.01377,0.06033,0.04656,2021.03276383562,2021.04653383562,352
74,75,Suffolk,NewYork,0.01347,0.0634199999994,0.0499499999994,2021.03615383562,2021.04962383562,352
107,108,Westchester,Queens,0.01853,0.07886,0.06033,2021.04653383562,2021.06506383562,352
90,92,NewYork,Queens,0.03992,0.09332,0.0534,2021.03960383562,2021.07952383562,352
107,109,Westchester,Westchester,0.0355,0.09583,0.06033,2021.04653383562,2021.08203383562,352
109,110,Westchester,Queens,0.000735173790699983,0.0965651737907,0.09583,2021.08203383562,2021.08276900941,352
110,41,Queens,Queens,0.00187482620899998,0.0984399999997,0.0965651737907,2021.08276900941,2021.08464383562,352
109,111,Westchester,Kings,0.00278,0.09861,0.09583,2021.08203383562,2021.08481383562,352
92,96,Queens,Queens,0.00688,0.1002,0.09332,2021.07952383562,2021.08640383562,352
110,40,Queens,Queens,0.00487482620899998,0.1014399999997,0.0965651737907,2021.08276900941,2021.08764383562,352
111,42,Kings,NewYork,0.00283,0.10144,0.09861,2021.08481383562,2021.08764383562,352
71,72,Nassau,Nassau,0.05556454042,0.10463,0.04906545958,2021.0352692952,2021.09083383562,352
85,87,Queens,Westchester,0.05126634371,0.10748634371,0.05622,2021.04242383562,2021.09369017933,352
72,73,Nassau,Nassau,0.00775999999999999,0.11239,0.10463,2021.09083383562,2021.09859383562,352
75,4,NewYork,NewYork,0.04902,0.1124399999994,0.0634199999994,2021.04962383562,2021.09864383562,352
75,5,NewYork,Nassau,0.05102,0.1144399999994,0.0634199999994,2021.04962383562,2021.10064383562,352
97,98,Nassau,Nassau,0.07123582897,0.11498582897,0.04375,2021.02995383562,2021.10118966459,352
111,112,Kings,Kings,0.01644,0.11505,0.09861,2021.08481383562,2021.10125383562,352
98,99,Nassau,Queens,0.001334684423,0.116320513393,0.11498582897,2021.10118966459,2021.10252434901,352
99,101,Queens,Queens,0.000849486609000027,0.117170000002,0.116320513393,2021.10252434901,2021.10337383562,352
112,116,Kings,Kings,0.01096,0.12601,0.11505,2021.10125383562,2021.11221383562,352
116,47,Kings,Queens,0.00242999999999999,0.12844,0.12601,2021.11221383562,2021.11464383562,352
112,113,Kings,Kings,0.0137,0.12875,0.11505,2021.10125383562,2021.11495383562,352
113,43,Kings,Kings,0.00269,0.13144,0.12875,2021.11495383562,2021.11764383562,352
113,114,Kings,Kings,0.00822000000000001,0.13697,0.12875,2021.11495383562,2021.12317383562,352
114,44,Kings,Nassau,0.00247,0.13944,0.13697,2021.12317383562,2021.12564383562,352
90,91,NewYork,Suffolk,0.08612,0.13952,0.0534,2021.03960383562,2021.12572383562,352
114,115,Kings,Kings,0.00536,0.14233,0.13697,2021.12317383562,2021.12853383562,352
115,45,Kings,Kings,0.000109999999899996,0.1424399999999,0.14233,2021.12853383562,2021.12864383562,352
116,117,Kings,Kings,0.0274,0.15341,0.12601,2021.11221383562,2021.13961383562,352
96,27,Queens,Queens,0.05324,0.15344,0.1002,2021.08640383562,2021.13964383562,352
117,118,Kings,Kings,0.000901920684799995,0.1543119206848,0.15341,2021.13961383562,2021.1405157563,352
118,49,Kings,Kings,0.001128079315,0.1554399999998,0.1543119206848,2021.1405157563,2021.14164383562,352
115,46,Kings,Nassau,0.01311,0.15544,0.14233,2021.12853383562,2021.14164383562,352
101,102,Queens,Queens,0.04229,0.159460000002,0.117170000002,2021.10337383562,2021.14566383562,352
73,2,Nassau,NewYork,0.04905,0.16144,0.11239,2021.09859383562,2021.14764383562,352
73,3,Nassau,Richmond,0.04905,0.16144,0.11239,2021.09859383562,2021.14764383562,352
85,86,Queens,Queens,0.1081,0.16432,0.05622,2021.04242383562,2021.15052383562,352
86,16,Queens,Queens,0.00212000000000001,0.16644,0.16432,2021.15052383562,2021.15264383562,352
96,26,Queens,Queens,0.06924,0.16944,0.1002,2021.08640383562,2021.15564383562,352
72,1,Nassau,Nassau,0.06481,0.16944,0.10463,2021.09083383562,2021.15564383562,352
117,48,Kings,Kings,0.01903,0.17244,0.15341,2021.13961383562,2021.15864383562,352
99,100,Queens,Queens,0.05888948661,0.175210000003,0.116320513393,2021.10252434901,2021.16141383562,352
118,119,Kings,Kings,0.02101807932,0.1753300000048,0.1543119206848,2021.1405157563,2021.16153383562,352
100,29,Queens,Queens,0.000230000000000008,0.175440000003,0.175210000003,2021.16141383562,2021.16164383562,352
119,127,Kings,Nassau,0.000394980737000006,0.1757249807418,0.1753300000048,2021.16153383562,2021.16192881636,352
127,58,Nassau,Suffolk,0.00171501926299999,0.1774400000048,0.1757249807418,2021.16192881636,2021.16364383562,352
127,128,Nassau,Nassau,0.00455951101499999,0.1802844917568,0.1757249807418,2021.16192881636,2021.16648832738,352
128,59,Nassau,Queens,0.000155508248100011,0.1804400000049,0.1802844917568,2021.16648832738,2021.16664383562,352
119,120,Kings,Kings,0.00548000000000001,0.1808100000048,0.1753300000048,2021.16153383562,2021.16701383562,352
120,121,Kings,Kings,0.00262000000000001,0.1834300000048,0.1808100000048,2021.16701383562,2021.16963383562,352
121,50,Kings,Kings,1.00000000700096e-05,0.18344000000487,0.1834300000048,2021.16963383562,2021.16964383562,352
91,20,Suffolk,NewYork,0.04892,0.18844,0.13952,2021.12572383562,2021.17464383562,352
120,123,Kings,Kings,0.00822000000000001,0.1890300000048,0.1808100000048,2021.16701383562,2021.17523383562,352
123,53,Kings,Nassau,0.00241,0.1914400000048,0.1890300000048,2021.17523383562,2021.17764383562,352
123,124,Kings,Kings,0.00273999999999999,0.1917700000048,0.1890300000048,2021.17523383562,2021.17797383562,352
124,54,Kings,Suffolk,0.00267000000000001,0.1944400000048,0.1917700000048,2021.17797383562,2021.18064383562,352
128,129,Nassau,Nassau,0.01696550825,0.1972500000068,0.1802844917568,2021.16648832738,2021.18345383563,352
129,130,Nassau,Nassau,0.001421962428,0.1986719624348,0.1972500000068,2021.18345383563,2021.18487579805,352
108,38,Queens,Kings,0.12058,0.19944,0.07886,2021.06506383562,2021.18564383562,352
91,21,Suffolk,Suffolk,0.05992,0.19944,0.13952,2021.12572383562,2021.18564383562,352
130,60,Nassau,Nassau,0.000768037571599989,0.1994400000064,0.1986719624348,2021.18487579805,2021.18564383563,352
130,61,Nassau,Nassau,0.003768037572,0.2024400000068,0.1986719624348,2021.18487579805,2021.18864383563,352
129,131,Nassau,Queens,0.00548000000000001,0.2027300000068,0.1972500000068,2021.18345383563,2021.18893383563,352
131,62,Queens,Queens,0.00270999999999999,0.2054400000068,0.2027300000068,2021.18893383563,2021.19164383563,352
124,125,Kings,Nassau,0.01644,0.2082100000048,0.1917700000048,2021.17797383562,2021.19441383562,352
98,28,Nassau,Nassau,0.09545417103,0.21044,0.11498582897,2021.10118966459,2021.19664383562,352
125,55,Nassau,Nassau,0.00223000000000001,0.2104400000048,0.2082100000048,2021.19441383562,2021.19664383562,352
74,76,Suffolk,Suffolk,0.1611219818,0.2110719817994,0.0499499999994,2021.03615383562,2021.19727581742,352
76,78,Suffolk,Suffolk,0.001417854592,0.2124898363914,0.2110719817994,2021.19727581742,2021.19869367201,352
76,77,Suffolk,Nassau,0.00178767380600001,0.2128596556054,0.2110719817994,2021.19727581742,2021.19906349123,352
78,83,Suffolk,Queens,0.000369819213900002,0.2128596556053,0.2124898363914,2021.19869367201,2021.19906349123,352
83,14,Queens,Queens,0.000580344423900009,0.2134400000292,0.2128596556053,2021.19906349123,2021.19964383565,352
125,126,Nassau,Queens,0.01096,0.2191700000048,0.2082100000048,2021.19441383562,2021.20537383562,352
126,56,Queens,Kings,0.00226999999999999,0.2214400000048,0.2191700000048,2021.20537383562,2021.20764383562,352
92,93,Queens,Kings,0.13184,0.22516,0.09332,2021.07952383562,2021.21136383562,352
131,132,Queens,Queens,0.02738,0.2301100000068,0.2027300000068,2021.18893383563,2021.21631383563,352
78,79,Suffolk,Queens,0.01805016364,0.2305400000314,0.2124898363914,2021.19869367201,2021.21674383565,352
86,15,Queens,NewYork,0.06812,0.23244,0.16432,2021.15052383562,2021.21864383562,352
102,32,Queens,Queens,0.07298,0.232440000002,0.159460000002,2021.14566383562,2021.21864383562,352
126,57,Queens,Richmond,0.01327,0.2324400000048,0.2191700000048,2021.20537383562,2021.21864383562,352
132,133,Queens,Queens,0.00276000000000001,0.2328700000068,0.2301100000068,2021.21631383563,2021.21907383563,352
87,88,Westchester,Westchester,0.1272381185,0.23472446221,0.10748634371,2021.09369017933,2021.22092829783,352
77,7,Nassau,Nassau,0.02258034442,0.2354400000254,0.2128596556054,2021.19906349123,2021.22164383565,352
88,17,Westchester,Westchester,0.000715537844500014,0.2354400000545,0.23472446221,2021.22092829783,2021.22164383567,352
133,135,Queens,Bronx,0.00866235443499999,0.2415323544418,0.2328700000068,2021.21907383563,2021.22773619006,352
135,66,Bronx,Bronx,0.001907645565,0.2434400000068,0.2415323544418,2021.22773619006,2021.22964383563,352
133,134,Queens,Queens,0.02051113486,0.2533811348668,0.2328700000068,2021.21907383563,2021.23958497049,352
102,103,Queens,Queens,0.09424801726,0.253708017262,0.159460000002,2021.14566383562,2021.23991185288,352
134,64,Queens,Queens,0.00105886513499998,0.2544400000018,0.2533811348668,2021.23958497049,2021.24064383562,352
134,65,Queens,Nassau,0.00105886513499998,0.2544400000018,0.2533811348668,2021.23958497049,2021.24064383562,352
103,33,Queens,NewYork,0.000731982740300008,0.2544400000023,0.253708017262,2021.23991185288,2021.24064383562,352
132,63,Queens,Nassau,0.02433,0.2544400000068,0.2301100000068,2021.21631383563,2021.24064383563,352
121,122,Kings,Kings,0.0717,0.2551300000048,0.1834300000048,2021.16963383562,2021.24133383562,352
103,104,Queens,Nassau,0.00213198273999998,0.255840000002,0.253708017262,2021.23991185288,2021.24204383562,352
101,31,Queens,Queens,0.14027,0.257440000002,0.117170000002,2021.10337383562,2021.24364383562,352
83,13,Queens,Queens,0.04458034442,0.2574400000253,0.2128596556053,2021.19906349123,2021.24364383565,352
87,19,Westchester,Westchester,0.1529536563,0.26044000001,0.10748634371,2021.09369017933,2021.24664383563,352
79,80,Queens,Queens,0.04457934119,0.2751193412214,0.2305400000314,2021.21674383565,2021.26132317684,352
93,94,Kings,Kings,0.05014,0.2753,0.22516,2021.21136383562,2021.26150383562,352
80,9,Queens,Richmond,0.001320658807,0.2764400000284,0.2751193412214,2021.26132317684,2021.26264383565,352
80,81,Queens,Queens,0.00419065880699998,0.2793100000284,0.2751193412214,2021.26132317684,2021.26551383565,352
81,10,Queens,Queens,0.000130000000099995,0.2794400000285,0.2793100000284,2021.26551383565,2021.26564383565,352
79,8,Queens,NewYork,0.0489,0.2794400000314,0.2305400000314,2021.21674383565,2021.26564383565,352
104,35,Nassau,Nassau,0.0256,0.281440000002,0.255840000002,2021.24204383562,2021.26764383562,352
88,18,Westchester,Westchester,0.04671553784,0.28144000005,0.23472446221,2021.22092829783,2021.26764383567,352
93,95,Kings,Kings,0.06067404705,0.28583404705,0.22516,2021.21136383562,2021.27203788267,352
95,25,Kings,Nassau,0.00160595295100002,0.287440000001,0.28583404705,2021.27203788267,2021.27364383562,352
135,136,Bronx,Bronx,0.04942524905,0.2909576034918,0.2415323544418,2021.22773619006,2021.27716143911,352
108,39,Queens,Queens,0.21358,0.29244,0.07886,2021.06506383562,2021.27864383562,352
136,67,Bronx,NewYork,0.00148239651100002,0.2924400000028,0.2909576034918,2021.27716143911,2021.27864383562,352
136,137,Bronx,Bronx,0.00666690302599998,0.2976245065178,0.2909576034918,2021.27716143911,2021.28382834214,352
137,69,Bronx,Queens,0.000815493485399998,0.2984400000032,0.2976245065178,2021.28382834214,2021.28464383562,352
81,82,Queens,Queens,0.02192,0.3012300000284,0.2793100000284,2021.26551383565,2021.28743383565,352
100,30,Queens,Kings,0.12623,0.301440000003,0.175210000003,2021.16141383562,2021.28764383562,352
82,12,Queens,Suffolk,0.000209999999999988,0.3014400000284,0.3012300000284,2021.28743383565,2021.28764383565,352
104,34,Nassau,Nassau,0.0476,0.303440000002,0.255840000002,2021.24204383562,2021.28964383562,352
122,51,Kings,Kings,0.04831,0.3034400000048,0.2551300000048,2021.24133383562,2021.28964383562,352
122,52,Kings,Kings,0.05431,0.3094400000048,0.2551300000048,2021.24133383562,2021.29564383562,352
82,11,Queens,Queens,0.01121,0.3124400000284,0.3012300000284,2021.28743383565,2021.29864383565,352
137,68,Bronx,Bronx,0.01981549349,0.3174400000078,0.2976245065178,2021.28382834214,2021.30364383563,352
77,6,Nassau,Nassau,0.1185803444,0.3314400000054,0.2128596556054,2021.19906349123,2021.31764383563,352
95,24,Kings,Kings,0.05060595295,0.33644,0.28583404705,2021.27203788267,2021.32264383562,352
94,22,Kings,Nassau,0.06414,0.33944,0.2753,2021.26150383562,2021.32564383562,352
94,23,Kings,Kings,0.10014,0.37544,0.2753,2021.26150383562,2021.36164383562,352
9,10,Queens,Kings,0.000631494903099994,0.000631494903099994,0,2021.09373246575,2021.09436396065,353
10,1,Kings,Kings,0.00197850509700001,0.0026100000001,0.000631494903099994,2021.09436396065,2021.09634246575,353
10,2,Kings,NewYork,0.00197850509700001,0.0026100000001,0.000631494903099994,2021.09436396065,2021.09634246575,353
9,11,Queens,Queens,0.00541,0.00541,0,2021.09373246575,2021.09914246575,353
11,12,Queens,Queens,0.00281000000000001,0.00822000000000001,0.00541,2021.09914246575,2021.10195246575,353
12,3,Queens,Kings,0.00238999999999999,0.01061,0.00822000000000001,2021.10195246575,2021.10434246575,353
12,4,Queens,Bronx,0.00238999999999999,0.01061,0.00822000000000001,2021.10195246575,2021.10434246575,353
11,13,Queens,Queens,0.0165,0.02191,0.00541,2021.09914246575,2021.11564246575,353
13,14,Queens,Suffolk,0.00262,0.02453,0.02191,2021.11564246575,2021.11826246575,353
13,5,Queens,Kings,0.0027,0.02461,0.02191,2021.11564246575,2021.11834246575,353
14,6,Suffolk,Bronx,7.99999999300041e-05,0.02460999999993,0.02453,2021.11826246575,2021.11834246575,353
14,15,Suffolk,Suffolk,0.03288,0.05741,0.02453,2021.11826246575,2021.15114246575,353
15,8,Suffolk,Nassau,0.000200000000100002,0.0576100000001,0.05741,2021.15114246575,2021.15134246575,353
15,7,Suffolk,Nassau,0.0242,0.08161,0.05741,2021.15114246575,2021.17534246575,353
4,1,Kings,NewYork,0.09491,0.09491,0,2021.1245009589,2021.2194109589,364
4,5,Kings,Kings,0.08972,0.08972,0,2021.1245009589,2021.2142209589,364
5,2,Kings,NewYork,0.000189999999900006,0.0899099999999,0.08972,2021.2142209589,2021.2144109589,364
5,3,Kings,Kings,0.07619,0.16591,0.08972,2021.2142209589,2021.2904109589,364
10,11,NewYork,NewYork,0.00165736470899999,0.00165736470899999,0,2021.11983112821,2021.12148849292,367
10,13,NewYork,Kings,0.00165736470899999,0.00165736470899999,0,2021.11983112821,2021.12148849292,367
11,1,NewYork,NewYork,0.00197726051400002,0.00363462522300001,0.00165736470899999,2021.12148849292,2021.12346575343,367
13,14,Kings,Kings,0.03421138052,0.035868745229,0.00165736470899999,2021.12148849292,2021.15569987344,367
14,15,Kings,Kings,0.02417588,0.060044625229,0.035868745229,2021.15569987344,2021.17987575344,367
11,12,NewYork,NewYork,0.08338481964,0.085042184349,0.00165736470899999,2021.12148849292,2021.20487331256,367
12,3,NewYork,Suffolk,0.000592440877200007,0.0856346252262,0.085042184349,2021.20487331256,2021.20546575344,367
15,16,Kings,NewYork,0.03152114527,0.091565770499,0.060044625229,2021.17987575344,2021.21139689871,367
16,7,NewYork,Nassau,6.88547322300059e-05,0.09163462523123,0.091565770499,2021.21139689871,2021.21146575344,367
15,6,Kings,Nassau,0.05059,0.110634625229,0.060044625229,2021.17987575344,2021.23046575344,367
12,2,NewYork,Bronx,0.02559244088,0.110634625229,0.085042184349,2021.20487331256,2021.23046575344,367
14,5,Kings,Kings,0.10476588,0.140634625229,0.035868745229,2021.15569987344,2021.26046575344,367
16,17,NewYork,NewYork,0.05495885473,0.146524625229,0.091565770499,2021.21139689871,2021.26635575344,367
17,8,NewYork,NewYork,0.000110000000100002,0.1466346252291,0.146524625229,2021.26635575344,2021.26646575344,367
17,9,NewYork,Nassau,0.05711,0.203634625229,0.146524625229,2021.26635575344,2021.32346575344,367
13,4,Kings,Kings,0.2209772605,0.222634625209,0.00165736470899999,2021.12148849292,2021.34246575342,367
4,1,Queens,Queens,0.002627975589,0.002627975589,0,2021.22476928468,2021.22739726027,392
4,5,Queens,Queens,0.0004842670587,0.0004842670587,0,2021.22476928468,2021.22525355174,392
5,2,Queens,Queens,0.00214370853,0.0026279755887,0.0004842670587,2021.22525355174,2021.22739726027,392
5,3,Queens,Queens,0.00214370853,0.0026279755887,0.0004842670587,2021.22525355174,2021.22739726027,392
6,1,Nassau,Kings,0.05813,0.05813,0,2021.19043164384,2021.24856164384,393
6,7,Nassau,NewYork,0.00265000000000001,0.00265000000000001,0,2021.19043164384,2021.19308164384,393
7,2,NewYork,NewYork,0.01148,0.01413,0.00265000000000001,2021.19308164384,2021.20456164384,393
7,8,NewYork,NewYork,0.01501,0.01766,0.00265000000000001,2021.19308164384,2021.20809164384,393
8,5,NewYork,NewYork,0.00547,0.02313,0.01766,2021.20809164384,2021.21356164384,393
8,9,NewYork,Suffolk,0.03392,0.05158,0.01766,2021.20809164384,2021.24201164384,393
9,3,Suffolk,NewYork,0.05855,0.11013,0.05158,2021.24201164384,2021.30056164384,393
9,4,Suffolk,Suffolk,0.14155,0.19313,0.05158,2021.24201164384,2021.38356164384,393
5,1,NewYork,NewYork,0.000220198382700001,0.000220198382700001,0,2021.22984829477,2021.23006849315,394
5,6,NewYork,NewYork,0.03928596808,0.03928596808,0,2021.22984829477,2021.26913426285,394
6,2,NewYork,Nassau,0.001934230298,0.041220198378,0.03928596808,2021.26913426285,2021.27106849315,394
6,7,NewYork,Kings,0.01974817798,0.05903414606,0.03928596808,2021.26913426285,2021.28888244083,394
7,3,Kings,Kings,0.00118605232,0.06022019838,0.05903414606,2021.28888244083,2021.29006849315,394
7,4,Kings,Kings,0.02618605232,0.08522019838,0.05903414606,2021.28888244083,2021.31506849315,394
6,7,Nassau,Queens,0.03564653939,0.03564653939,0,2021.11690085787,2021.15254739726,395
6,9,Nassau,Nassau,0.00104653938900001,0.00104653938900001,0,2021.11690085787,2021.11794739726,395
9,4,Nassau,Suffolk,7.99999999299972e-05,0.00112653938893001,0.00104653938900001,2021.11794739726,2021.11802739726,395
9,5,Nassau,Nassau,0.02708,0.028126539389,0.00104653938900001,2021.11794739726,2021.14502739726,395
7,1,Queens,Queens,0.02048,0.05612653939,0.03564653939,2021.15254739726,2021.17302739726,395
7,8,Queens,Queens,0.07608,0.11172653939,0.03564653939,2021.15254739726,2021.22862739726,395
8,3,Queens,Queens,0.0294,0.14112653939,0.11172653939,2021.22862739726,2021.25802739726,395
8,2,Queens,Nassau,0.0974,0.20912653939,0.11172653939,2021.22862739726,2021.32602739726,395
10,11,Nassau,Queens,0.05625692124,0.05625692124,0,2021.12771321575,2021.18397013699,396
10,14,Nassau,Nassau,0.00152692124100001,0.00152692124100001,0,2021.12771321575,2021.12924013699,396
14,5,Nassau,Nassau,0.02639,0.027916921241,0.00152692124100001,2021.12924013699,2021.15563013699,396
14,15,Nassau,Nassau,0.07335311984,0.074880041081,0.00152692124100001,2021.12924013699,2021.20259325683,396
15,17,Nassau,Nassau,0.000720977760899993,0.0756010188419,0.074880041081,2021.20259325683,2021.20331423459,396
17,8,Nassau,NewYork,0.001315902395,0.0769169212369,0.0756010188419,2021.20331423459,2021.20463013699,396
17,9,Nassau,Kings,0.001315902395,0.0769169212369,0.0756010188419,2021.20331423459,2021.20463013699,396
15,16,Nassau,Queens,0.00696861842800001,0.081848659509,0.074880041081,2021.20259325683,2021.20956187526,396
16,6,Queens,Queens,0.00106826172799999,0.082916921237,0.081848659509,2021.20956187526,2021.21063013699,396
11,12,Queens,Queens,0.03268,0.08893692124,0.05625692124,2021.18397013699,2021.21665013699,396
16,7,Queens,Queens,0.02006826173,0.101916921239,0.081848659509,2021.20956187526,2021.22963013699,396
12,4,Queens,Suffolk,0.02398,0.11291692124,0.08893692124,2021.21665013699,2021.24063013699,396
11,1,Queens,Queens,0.06466,0.12091692124,0.05625692124,2021.18397013699,2021.24863013699,396
12,13,Queens,Queens,0.04528021648,0.13421713772,0.08893692124,2021.21665013699,2021.26193035347,396
13,3,Queens,Nassau,0.00069978351979999,0.1349169212398,0.13421713772,2021.26193035347,2021.26263013699,396
13,2,Queens,Queens,0.03669978352,0.17091692124,0.13421713772,2021.26193035347,2021.29863013699,396
7,1,Suffolk,Kings,0.09754,0.09754,0,2021.11674767122,2021.21428767122,398
7,8,Suffolk,NewYork,0.05031,0.05031,0,2021.11674767122,2021.16705767122,398
8,10,NewYork,NewYork,0.00334000000000001,0.05365,0.05031,2021.16705767122,2021.17039767122,398
10,11,NewYork,Queens,0.03786,0.09151,0.05365,2021.17039767122,2021.20825767122,398
11,6,Queens,Nassau,0.00803,0.09954,0.09151,2021.20825767122,2021.21628767122,398
11,5,Queens,Queens,0.05503,0.14654,0.09151,2021.20825767122,2021.26328767122,398
8,9,NewYork,Nassau,0.1258803504,0.1761903504,0.05031,2021.16705767122,2021.29293802162,398
9,3,Nassau,Nassau,0.000349649605699998,0.1765400000057,0.1761903504,2021.29293802162,2021.29328767123,398
10,4,NewYork,NewYork,0.13389,0.18754,0.05365,2021.17039767122,2021.30428767122,398
9,2,Nassau,Nassau,0.03034964961,0.20654000001,0.1761903504,2021.29293802162,2021.32328767123,398
4,1,NewYork,Kings,0.08853053412,0.08853053412,0,2021.2429763152,2021.33150684932,401
4,5,NewYork,NewYork,0.001990534116,0.001990534116,0,2021.2429763152,2021.24496684932,401
5,3,NewYork,Kings,0.06154,0.063530534116,0.001990534116,2021.24496684932,2021.30650684932,401
5,2,NewYork,Nassau,0.07554,0.077530534116,0.001990534116,2021.24496684932,2021.32050684932,401
4,1,Queens,Queens,0.04973,0.04973,0,2021.28177684932,2021.33150684932,414
4,5,Queens,Queens,0.03029,0.03029,0,2021.28177684932,2021.31206684932,414
5,2,Queens,Kings,0.01344,0.04373,0.03029,2021.31206684932,2021.32550684932,414
5,3,Queens,Queens,0.01644,0.04673,0.03029,2021.31206684932,2021.32850684932,414
4,1,Queens,Queens,0.06869,0.06869,0,2021.20183054793,2021.27052054793,417
4,5,Queens,Queens,0.1491297565,0.1491297565,0,2021.20183054793,2021.35096030443,417
5,2,Queens,Nassau,0.00156024352100001,0.150690000021,0.1491297565,2021.35096030443,2021.35252054795,417
5,3,Queens,Queens,0.04356024352,0.19269000002,0.1491297565,2021.35096030443,2021.39452054795,417
8,9,Suffolk,Suffolk,0.05739011532,0.05739011532,0,2021.21349164382,2021.27088175914,419
8,11,Suffolk,Nassau,0.01084,0.01084,0,2021.21349164382,2021.22433164382,419
11,4,Nassau,NewYork,0.000229999999900005,0.0110699999999,0.01084,2021.22433164382,2021.22456164382,419
11,12,Nassau,Queens,0.01449304733,0.02533304733,0.01084,2021.22433164382,2021.23882469115,419
12,5,Queens,NewYork,0.00173695266600002,0.027069999996,0.02533304733,2021.23882469115,2021.24056164382,419
9,10,Suffolk,Nassau,0.008281728557,0.065671843877,0.05739011532,2021.27088175914,2021.2791634877,419
12,13,Queens,Nassau,0.04262348599,0.06795653332,0.02533304733,2021.23882469115,2021.28144817714,419
13,6,Nassau,Nassau,0.000113466679400001,0.0680699999994,0.06795653332,2021.28144817714,2021.28156164382,419
9,1,Suffolk,NewYork,0.05767988468,0.11507,0.05739011532,2021.27088175914,2021.32856164382,419
10,2,Nassau,Queens,0.05739815613,0.123070000007,0.065671843877,2021.2791634877,2021.33656164383,419
10,3,Nassau,Nassau,0.06539815613,0.131070000007,0.065671843877,2021.2791634877,2021.34456164383,419
13,7,Nassau,Queens,0.1021134667,0.17007000002,0.06795653332,2021.28144817714,2021.38356164384,419
6,7,Nassau,Queens,0.09678,0.09678,0,2021.05174808219,2021.14852808219,424
6,9,Nassau,Suffolk,0.01876,0.01876,0,2021.05174808219,2021.07050808219,424
9,5,Suffolk,Suffolk,0.08867,0.10743,0.01876,2021.07050808219,2021.15917808219,424
9,4,Suffolk,Suffolk,0.09967,0.11843,0.01876,2021.07050808219,2021.17017808219,424
7,8,Queens,Queens,0.04836,0.14514,0.09678,2021.14852808219,2021.19688808219,424
7,1,Queens,Queens,0.05465,0.15143,0.09678,2021.14852808219,2021.20317808219,424
8,2,Queens,Kings,0.02229,0.16743,0.14514,2021.19688808219,2021.21917808219,424
8,3,Queens,Queens,0.02229,0.16743,0.14514,2021.19688808219,2021.21917808219,424
40,41,Nassau,Westchester,0.00386501597799999,0.00386501597799999,0,2021.0090001895,2021.01286520548,428
40,77,Nassau,Queens,0.000515758791399978,0.000515758791399978,0,2021.0090001895,2021.00951594829,428
77,38,Queens,Bronx,0.00142925718600001,0.00194501597739999,0.000515758791399978,2021.00951594829,2021.01094520548,428
41,42,Westchester,Westchester,0.01835,0.022215015978,0.00386501597799999,2021.01286520548,2021.03121520548,428
42,43,Westchester,Nassau,0.00939999999999996,0.031615015978,0.022215015978,2021.03121520548,2021.04061520548,428
43,44,Nassau,Nassau,0.00325000000000003,0.034865015978,0.031615015978,2021.04061520548,2021.04386520548,428
44,47,Nassau,Nassau,0.00556000000000001,0.040425015978,0.034865015978,2021.04386520548,2021.04942520548,428
47,55,Nassau,Nassau,0.00280999999999998,0.043235015978,0.040425015978,2021.04942520548,2021.05223520548,428
47,48,Nassau,Nassau,0.02294,0.063365015978,0.040425015978,2021.04942520548,2021.07236520548,428
48,49,Nassau,Nassau,0.01493321474,0.078298230718,0.063365015978,2021.07236520548,2021.08729842022,428
55,59,Nassau,Nassau,0.03576,0.078995015978,0.043235015978,2021.05223520548,2021.08799520548,428
49,50,Nassau,Nassau,0.001566785259,0.079865015977,0.078298230718,2021.08729842022,2021.08886520548,428
59,60,Nassau,Kings,0.00259999999999999,0.081595015978,0.078995015978,2021.08799520548,2021.09059520548,428
60,63,Kings,Nassau,0.000759988215800034,0.0823550041938,0.081595015978,2021.09059520548,2021.0913551937,428
63,23,Nassau,Nassau,0.00159001178399998,0.0839450159778,0.0823550041938,2021.0913551937,2021.09294520548,428
63,64,Nassau,Nassau,0.01020001178,0.0925550159738,0.0823550041938,2021.0913551937,2021.10155520548,428
64,24,Nassau,Bronx,0.00539000000000001,0.0979450159738,0.0925550159738,2021.10155520548,2021.10694520548,428
64,65,Nassau,Queens,0.00809000000000001,0.1006450159738,0.0925550159738,2021.10155520548,2021.10964520548,428
65,25,Queens,Queens,0.000299999999899991,0.1009450159737,0.1006450159738,2021.10964520548,2021.10994520548,428
41,1,Westchester,Westchester,0.09708,0.100945015978,0.00386501597799999,2021.01286520548,2021.10994520548,428
44,45,Nassau,Nassau,0.06805502736,0.102920043338,0.034865015978,2021.04386520548,2021.11192023284,428
45,4,Nassau,Nassau,2.49726443100062e-05,0.10294501598231,0.102920043338,2021.11192023284,2021.11194520548,428
45,46,Nassau,Nassau,0.02156510532,0.124485148658,0.102920043338,2021.11192023284,2021.13348533816,428
46,5,Nassau,NewYork,0.000459867325100005,0.1249450159831,0.124485148658,2021.13348533816,2021.13394520549,428
65,66,Queens,Kings,0.03026,0.1309050159738,0.1006450159738,2021.10964520548,2021.13990520548,428
66,67,Kings,Kings,0.000226791745399996,0.1311318077192,0.1309050159738,2021.13990520548,2021.14013199722,428
67,26,Kings,NewYork,0.001813208255,0.1329450159742,0.1311318077192,2021.14013199722,2021.14194520548,428
60,61,Kings,Kings,0.05344,0.135035015978,0.081595015978,2021.09059520548,2021.14403520548,428
49,7,Nassau,Westchester,0.06564678526,0.143945015978,0.078298230718,2021.08729842022,2021.15294520548,428
66,71,Kings,Kings,0.0137,0.1446050159738,0.1309050159738,2021.13990520548,2021.15360520548,428
71,72,Kings,Kings,0.00224544056500001,0.1468504565388,0.1446050159738,2021.15360520548,2021.15585064604,428
72,32,Kings,Kings,9.45594346599965e-05,0.14694501597346,0.1468504565388,2021.15585064604,2021.15594520548,428
46,6,Nassau,Queens,0.02245986732,0.146945015978,0.124485148658,2021.13348533816,2021.15594520548,428
67,68,Kings,Suffolk,0.01621320825,0.1473450159692,0.1311318077192,2021.14013199722,2021.15634520547,428
50,51,Nassau,Kings,0.06812854486,0.147993560837,0.079865015977,2021.08886520548,2021.15699375034,428
51,53,Kings,Kings,0.000669626411199997,0.1486631872482,0.147993560837,2021.15699375034,2021.15766337675,428
68,27,Suffolk,Nassau,0.00259999999999999,0.1499450159692,0.1473450159692,2021.15634520547,2021.15894520547,428
53,11,Kings,Kings,0.00128182872900001,0.1499450159772,0.1486631872482,2021.15766337675,2021.15894520548,428
71,31,Kings,Kings,0.00833999999999999,0.1529450159738,0.1446050159738,2021.15360520548,2021.16194520548,428
72,73,Kings,Kings,0.007065078758,0.1539155352968,0.1468504565388,2021.15585064604,2021.1629157248,428
73,33,Kings,Kings,0.00102948067700001,0.1549450159738,0.1539155352968,2021.1629157248,2021.16394520548,428
51,52,Kings,Kings,0.00895862131899999,0.156952182156,0.147993560837,2021.15699375034,2021.16595237166,428
55,56,Nassau,NewYork,0.1139323731,0.157167389078,0.043235015978,2021.05223520548,2021.16616757858,428
50,8,Nassau,Kings,0.07808,0.157945015977,0.079865015977,2021.08886520548,2021.16694520548,428
52,10,Kings,Kings,0.000992833821099992,0.1579450159771,0.156952182156,2021.16595237166,2021.16694520548,428
56,15,NewYork,NewYork,0.000777626936399989,0.1579450160144,0.157167389078,2021.16616757858,2021.16694520552,428
68,69,Suffolk,NewYork,0.01358,0.1609250159692,0.1473450159692,2021.15634520547,2021.16992520547,428
69,28,NewYork,NewYork,2.00000000699918e-05,0.16094501596927,0.1609250159692,2021.16992520547,2021.16994520547,428
48,14,Nassau,NewYork,0.10058,0.163945015978,0.063365015978,2021.07236520548,2021.17294520548,428
59,19,Nassau,Kings,0.08695,0.165945015978,0.078995015978,2021.08799520548,2021.17494520548,428
52,9,Kings,Nassau,0.01199283382,0.168945015976,0.156952182156,2021.16595237166,2021.17794520548,428
56,57,NewYork,Nassau,0.01315762694,0.170325016018,0.157167389078,2021.16616757858,2021.17932520552,428
53,54,Kings,NewYork,0.02595182873,0.1746150159782,0.1486631872482,2021.15766337675,2021.18361520548,428
54,13,NewYork,NewYork,0.000329999999999997,0.1749450159782,0.1746150159782,2021.18361520548,2021.18394520548,428
57,16,Nassau,Nassau,0.00462000000000001,0.174945016018,0.170325016018,2021.17932520552,2021.18394520552,428
73,74,Kings,Nassau,0.02188214384,0.1757976791368,0.1539155352968,2021.1629157248,2021.18479786864,428
74,34,Nassau,Queens,0.00114733684000001,0.1769450159768,0.1757976791368,2021.18479786864,2021.18594520548,428
69,70,NewYork,NewYork,0.01859506863,0.1795200845992,0.1609250159692,2021.16992520547,2021.1885202741,428
70,29,NewYork,Nassau,0.000424931365600012,0.1799450159648,0.1795200845992,2021.1885202741,2021.18894520547,428
70,30,NewYork,Bronx,0.000424931365600012,0.1799450159648,0.1795200845992,2021.1885202741,2021.18894520547,428
77,39,Queens,NewYork,0.1874292572,0.1879450159914,0.000515758791399978,2021.00951594829,2021.19694520549,428
54,12,NewYork,NewYork,0.02733,0.2019450159782,0.1746150159782,2021.18361520548,2021.21094520548,428
74,75,Nassau,Nassau,0.03074474102,0.2065424201568,0.1757976791368,2021.18479786864,2021.21554260966,428
75,35,Nassau,Nassau,0.00040259582310001,0.2069450159799,0.2065424201568,2021.21554260966,2021.21594520548,428
75,76,Nassau,NewYork,0.00918259582299999,0.2157250159798,0.2065424201568,2021.21554260966,2021.22472520548,428
76,36,NewYork,NewYork,0.000219999999899995,0.2159450159797,0.2157250159798,2021.22472520548,2021.22494520548,428
57,58,Nassau,Queens,0.0504095698,0.220734585818,0.170325016018,2021.17932520552,2021.22973477532,428
58,17,Queens,Queens,0.000210430201399991,0.2209450160194,0.220734585818,2021.22973477532,2021.22994520552,428
61,20,Kings,Suffolk,0.09191,0.226945015978,0.135035015978,2021.14403520548,2021.23594520548,428
76,37,NewYork,Suffolk,0.01122,0.2269450159798,0.2157250159798,2021.22472520548,2021.23594520548,428
61,62,Kings,Nassau,0.09302920738,0.228064223358,0.135035015978,2021.14403520548,2021.23706441286,428
62,21,Nassau,Suffolk,0.000880792619000009,0.228945015977,0.228064223358,2021.23706441286,2021.23794520548,428
62,22,Nassau,Nassau,0.00988079261899999,0.237945015977,0.228064223358,2021.23706441286,2021.24694520548,428
58,18,Queens,NewYork,0.0252104302,0.245945016018,0.220734585818,2021.22973477532,2021.25494520552,428
43,3,Nassau,Nassau,0.24133,0.272945015978,0.031615015978,2021.04061520548,2021.28194520548,428
42,2,Westchester,Westchester,0.31673,0.338945015978,0.022215015978,2021.03121520548,2021.34794520548,428
29,1,Nassau,Nassau,0.07853,0.07853,0,2020.95933301372,2021.03786301372,429
29,30,Nassau,Queens,0.00902999999999998,0.00902999999999998,0,2020.95933301372,2020.96836301372,429
30,33,Queens,Nassau,0.00609000000000004,0.01512,0.00902999999999998,2020.96836301372,2020.97445301372,429
33,34,Nassau,Queens,0.00907000000000002,0.02419,0.01512,2020.97445301372,2020.98352301372,429
34,43,Queens,Queens,0.00295999999999996,0.02715,0.02419,2020.98352301372,2020.98648301372,429
43,47,Queens,Queens,0.00546999999999997,0.03262,0.02715,2020.98648301372,2020.99195301372,429
47,48,Queens,Kings,0.00409233708099999,0.036712337081,0.03262,2020.99195301372,2020.9960453508,429
48,19,Kings,NewYork,0.000817662919100015,0.0375300000001,0.036712337081,2020.9960453508,2020.99686301372,429
48,20,Kings,Nassau,0.000817662919100015,0.0375300000001,0.036712337081,2020.9960453508,2020.99686301372,429
47,49,Queens,Queens,0.0487636758300001,0.0813836758300001,0.03262,2020.99195301372,2021.04071668955,429
49,50,Queens,Nassau,0.000546324167999934,0.081929999998,0.0813836758300001,2021.04071668955,2021.04126301372,429
34,35,Queens,Queens,0.06894,0.09313,0.02419,2020.98352301372,2021.05246301372,429
33,5,Nassau,Nassau,0.09141,0.10653,0.01512,2020.97445301372,2021.06586301372,429
35,36,Queens,Queens,0.033,0.12613,0.09313,2021.05246301372,2021.08546301372,429
35,38,Queens,Queens,0.0356,0.12873,0.09313,2021.05246301372,2021.08806301372,429
49,28,Queens,Queens,0.0551463241699999,0.13653,0.0813836758300001,2021.04071668955,2021.09586301372,429
50,21,Nassau,NewYork,0.0596,0.141529999998,0.081929999998,2021.04126301372,2021.10086301372,429
50,51,Nassau,Suffolk,0.061231457,0.143161456998,0.081929999998,2021.04126301372,2021.10249447072,429
51,55,Suffolk,Suffolk,0.00124796809500005,0.144409425093,0.143161456998,2021.10249447072,2021.10374243881,429
55,26,Suffolk,NewYork,0.000120574903199944,0.1445299999962,0.144409425093,2021.10374243881,2021.10386301372,429
36,37,Queens,Queens,0.02182,0.14795,0.12613,2021.08546301372,2021.10728301372,429
38,9,Queens,Queens,0.0238,0.15253,0.12873,2021.08806301372,2021.11186301372,429
30,31,Queens,Queens,0.16038,0.16941,0.00902999999999998,2020.96836301372,2021.12874301372,429
31,2,Queens,Richmond,0.000119999999900033,0.1695299999999,0.16941,2021.12874301372,2021.12886301372,429
36,6,Queens,Queens,0.0484,0.17453,0.12613,2021.08546301372,2021.13386301372,429
38,39,Queens,Queens,0.05434,0.18307,0.12873,2021.08806301372,2021.14240301372,429
51,52,Suffolk,NewYork,0.048288543,0.191449999998,0.143161456998,2021.10249447072,2021.15078301372,429
39,40,Queens,Kings,0.00852999999999998,0.1916,0.18307,2021.14240301372,2021.15093301372,429
52,53,NewYork,Kings,0.01084,0.202289999998,0.191449999998,2021.15078301372,2021.16162301372,429
53,23,Kings,Kings,0.000239999999999962,0.202529999998,0.202289999998,2021.16162301372,2021.16186301372,429
40,41,Kings,Queens,0.02219,0.21379,0.1916,2021.15093301372,2021.17312301372,429
41,42,Queens,Queens,0.00324323596699999,0.217033235967,0.21379,2021.17312301372,2021.17636624969,429
42,13,Queens,Queens,0.00149676403299998,0.21853,0.217033235967,2021.17636624969,2021.17786301372,429
43,44,Queens,Queens,0.20406,0.23121,0.02715,2020.98648301372,2021.19054301372,429
53,54,Kings,Kings,0.0301399999999999,0.232429999998,0.202289999998,2021.16162301372,2021.19176301372,429
54,25,Kings,Nassau,9.9999999999989e-05,0.232529999998,0.232429999998,2021.19176301372,2021.19186301372,429
42,14,Queens,Queens,0.02649676403,0.243529999997,0.217033235967,2021.17636624969,2021.20286301372,429
54,24,Kings,Nassau,0.0131,0.245529999998,0.232429999998,2021.19176301372,2021.20486301372,429
37,8,Queens,Queens,0.11458,0.26253,0.14795,2021.10728301372,2021.22186301372,429
41,12,Queens,Queens,0.04874,0.26253,0.21379,2021.17312301372,2021.22186301372,429
44,45,Queens,Queens,0.03969,0.2709,0.23121,2021.19054301372,2021.23023301372,429
45,46,Queens,Queens,0.00262000000000001,0.27352,0.2709,2021.23023301372,2021.23285301372,429
46,17,Queens,Queens,9.99999994300005e-06,0.273529999999943,0.27352,2021.23285301372,2021.23286301372,429
46,18,Queens,Kings,9.99999994300005e-06,0.273529999999943,0.27352,2021.23285301372,2021.23286301372,429
52,22,NewYork,Kings,0.09008,0.281529999998,0.191449999998,2021.15078301372,2021.24086301372,429
39,10,Queens,Queens,0.09846,0.28153,0.18307,2021.14240301372,2021.24086301372,429
45,16,Queens,Queens,0.01063,0.28153,0.2709,2021.23023301372,2021.24086301372,429
40,11,Kings,Bronx,0.09293,0.28453,0.1916,2021.15093301372,2021.24386301372,429
44,15,Queens,Kings,0.05332,0.28453,0.23121,2021.19054301372,2021.24386301372,429
37,7,Queens,NewYork,0.15258,0.30053,0.14795,2021.10728301372,2021.25986301372,429
55,27,Suffolk,NewYork,0.3151205749,0.459529999993,0.144409425093,2021.10374243881,2021.41886301371,429
31,32,Queens,Queens,0.4348080772,0.6042180772,0.16941,2021.12874301372,2021.56355109092,429
32,3,Queens,Queens,0.000311922777999962,0.604529999978,0.6042180772,2021.56355109092,2021.5638630137,429
32,4,Queens,Queens,0.00631192277799997,0.610529999978,0.6042180772,2021.56355109092,2021.5698630137,429
4,1,Kings,Kings,0.0001399999999,0.0001399999999,0,2021.00255863014,2021.00269863014,436
4,5,Kings,Kings,0.004782384101,0.004782384101,0,2021.00255863014,2021.00734101424,436
5,3,Kings,Kings,0.0003576158988,0.0051399999998,0.004782384101,2021.00734101424,2021.00769863014,436
5,2,Kings,NewYork,0.006357615899,0.01114,0.004782384101,2021.00734101424,2021.01369863014,436
31,1,Suffolk,Nassau,0.06722,0.06722,0,2021.06168410959,2021.12890410959,440
31,32,Suffolk,Richmond,0.00125763414899999,0.00125763414899999,0,2021.06168410959,2021.06294174374,440
32,33,Richmond,Richmond,0.000124042593300011,0.0013816767423,0.00125763414899999,2021.06294174374,2021.06306578633,440
33,35,Richmond,Richmond,0.02104113945,0.0224228161923,0.0013816767423,2021.06306578633,2021.08410692578,440
35,36,Richmond,Nassau,0.00350718380699999,0.0259299999993,0.0224228161923,2021.08410692578,2021.08761410959,440
35,59,Richmond,Richmond,0.00350718380699999,0.0259299999993,0.0224228161923,2021.08410692578,2021.08761410959,440
36,43,Nassau,Nassau,0.00305,0.0289799999993,0.0259299999993,2021.08761410959,2021.09066410959,440
43,44,Nassau,Nassau,0.00329000000000002,0.0322699999993,0.0289799999993,2021.09066410959,2021.09395410959,440
44,45,Nassau,Queens,0.00646999999999998,0.0387399999993,0.0322699999993,2021.09395410959,2021.10042410959,440
45,46,Queens,Nassau,0.00264999999999999,0.0413899999993,0.0387399999993,2021.10042410959,2021.10307410959,440
36,37,Nassau,Queens,0.0241224338,0.0500524337993,0.0259299999993,2021.08761410959,2021.11173654339,440
46,48,Nassau,Nassau,0.01835,0.0597399999993,0.0413899999993,2021.10307410959,2021.12142410959,440
33,34,Richmond,Richmond,0.0812624642,0.0826441409423,0.0013816767423,2021.06306578633,2021.14432825053,440
34,3,Richmond,Queens,0.000575859056099998,0.0832199999984,0.0826441409423,2021.14432825053,2021.14490410959,440
46,47,Nassau,Bronx,0.04271,0.0840999999993,0.0413899999993,2021.10307410959,2021.14578410959,440
48,49,Nassau,Queens,0.03226,0.0919999999993,0.0597399999993,2021.12142410959,2021.15368410959,440
49,50,Queens,Queens,0.00270000000000001,0.0946999999993,0.0919999999993,2021.15368410959,2021.15638410959,440
37,38,Queens,Queens,0.0450075662,0.0950599999993,0.0500524337993,2021.11173654339,2021.15674410959,440
34,4,Richmond,NewYork,0.01457585906,0.0972200000023,0.0826441409423,2021.14432825053,2021.15890410959,440
50,52,Queens,Queens,0.00268999999999997,0.0973899999993,0.0946999999993,2021.15638410959,2021.15907410959,440
52,54,Queens,Queens,0.00822000000000001,0.1056099999993,0.0973899999993,2021.15907410959,2021.16729410959,440
38,39,Queens,Richmond,0.01635,0.1114099999993,0.0950599999993,2021.15674410959,2021.17309410959,440
52,53,Queens,Queens,0.03014,0.1275299999993,0.0973899999993,2021.15907410959,2021.18921410959,440
53,21,Queens,Nassau,0.00269,0.1302199999993,0.1275299999993,2021.18921410959,2021.19190410959,440
59,29,Richmond,Nassau,0.10729,0.1332199999993,0.0259299999993,2021.08761410959,2021.19490410959,440
43,12,Nassau,Nassau,0.10424,0.1332199999993,0.0289799999993,2021.09066410959,2021.19490410959,440
47,15,Bronx,NewYork,0.04912,0.1332199999993,0.0840999999993,2021.14578410959,2021.19490410959,440
53,22,Queens,Kings,0.00569,0.1332199999993,0.1275299999993,2021.18921410959,2021.19490410959,440
50,51,Queens,Queens,0.03874,0.1334399999993,0.0946999999993,2021.15638410959,2021.19512410959,440
54,55,Queens,Queens,0.03007,0.1356799999993,0.1056099999993,2021.16729410959,2021.19736410959,440
47,16,Bronx,Queens,0.05412,0.1382199999993,0.0840999999993,2021.14578410959,2021.19990410959,440
39,40,Richmond,Nassau,0.02706,0.1384699999993,0.1114099999993,2021.17309410959,2021.20015410959,440
55,56,Queens,Queens,0.00281000000000001,0.1384899999993,0.1356799999993,2021.19736410959,2021.20017410959,440
56,24,Queens,Kings,0.00273000000000001,0.1412199999993,0.1384899999993,2021.20017410959,2021.20290410959,440
56,25,Queens,Queens,0.00273000000000001,0.1412199999993,0.1384899999993,2021.20017410959,2021.20290410959,440
38,5,Queens,Queens,0.04816,0.1432199999993,0.0950599999993,2021.15674410959,2021.20490410959,440
40,41,Nassau,Nassau,0.00944480521899999,0.1479148052183,0.1384699999993,2021.20015410959,2021.20959891481,440
41,8,Nassau,Westchester,0.001305194781,0.1492199999993,0.1479148052183,2021.20959891481,2021.21090410959,440
45,14,Queens,Nassau,0.11848,0.1572199999993,0.0387399999993,2021.10042410959,2021.21890410959,440
39,6,Richmond,Richmond,0.04881,0.1602199999993,0.1114099999993,2021.17309410959,2021.22190410959,440
41,42,Nassau,Richmond,0.01247519478,0.1603899999983,0.1479148052183,2021.20959891481,2021.22207410959,440
42,9,Richmond,Richmond,0.00283,0.1632199999983,0.1603899999983,2021.22207410959,2021.22490410959,440
55,57,Queens,NewYork,0.03843,0.1741099999993,0.1356799999993,2021.19736410959,2021.23579410959,440
42,10,Richmond,Nassau,0.01583,0.1762199999983,0.1603899999983,2021.22207410959,2021.23790410959,440
49,18,Queens,Queens,0.08722,0.1792199999993,0.0919999999993,2021.15368410959,2021.24090410959,440
51,19,Queens,Queens,0.04878,0.1822199999993,0.1334399999993,2021.19512410959,2021.24390410959,440
57,26,NewYork,NewYork,0.00811000000000001,0.1822199999993,0.1741099999993,2021.23579410959,2021.24390410959,440
57,58,NewYork,Suffolk,0.01084,0.1849499999993,0.1741099999993,2021.23579410959,2021.24663410959,440
58,27,Suffolk,Nassau,0.000270000000099996,0.1852199999994,0.1849499999993,2021.24663410959,2021.24690410959,440
44,13,Nassau,NewYork,0.15495,0.1872199999993,0.0322699999993,2021.09395410959,2021.24890410959,440
40,7,Nassau,Kings,0.06575,0.2042199999993,0.1384699999993,2021.20015410959,2021.26590410959,440
48,17,Nassau,Nassau,0.14648,0.2062199999993,0.0597399999993,2021.12142410959,2021.26790410959,440
58,28,Suffolk,Suffolk,0.02127,0.2062199999993,0.1849499999993,2021.24663410959,2021.26790410959,440
54,23,Queens,Nassau,0.11161,0.2172199999993,0.1056099999993,2021.16729410959,2021.27890410959,440
59,30,Richmond,Nassau,0.21629,0.2422199999993,0.0259299999993,2021.08761410959,2021.30390410959,440
32,2,Richmond,Richmond,0.2409623659,0.242220000049,0.00125763414899999,2021.06294174374,2021.30390410964,440
37,11,Queens,Queens,0.2111675662,0.2612199999993,0.0500524337993,2021.11173654339,2021.32290410959,440
51,20,Queens,Queens,0.16378,0.2972199999993,0.1334399999993,2021.19512410959,2021.35890410959,440
109,110,Queens,Nassau,0.02232471206,0.02232471206,0,2020.91470746975,2020.93703218181,457
109,207,Queens,Queens,0.000519516588200042,0.000519516588200042,0,2020.91470746975,2020.91522698634,457
110,137,Nassau,Nassau,0.00140903263900005,0.023733744699,0.02232471206,2020.93703218181,2020.93844121445,457
110,111,Nassau,Bronx,0.00274480452400006,0.025069516584,0.02232471206,2020.93703218181,2020.93977698634,457
137,138,Nassau,Suffolk,0.01760881855,0.041342563249,0.023733744699,2020.93844121445,2020.956050033,457
138,140,Suffolk,Suffolk,0.00324148675000002,0.044584049999,0.041342563249,2020.956050033,2020.95929151975,457
140,141,Suffolk,NewYork,0.001565466588,0.046149516587,0.044584049999,2020.95929151975,2020.96085698634,457
207,208,Queens,Nassau,0.04737,0.0478895165882,0.000519516588200042,2020.91522698634,2020.96259698634,457
111,112,Bronx,Queens,0.032,0.057069516584,0.025069516584,2020.93977698634,2020.97177698634,457
112,119,Queens,Queens,0.00967000000000001,0.066739516584,0.057069516584,2020.97177698634,2020.98144698634,457
119,121,Queens,Queens,0.00307999999999997,0.069819516584,0.066739516584,2020.98144698634,2020.98452698634,457
208,99,Nassau,Nassau,0.02354,0.0714295165882,0.0478895165882,2020.96259698634,2020.98613698634,457
141,147,NewYork,NewYork,0.0311372441,0.077286760687,0.046149516587,2020.96085698634,2020.99199423044,457
147,165,NewYork,NewYork,0.00101318361799996,0.078299944305,0.077286760687,2020.99199423044,2020.99300741406,457
147,148,NewYork,NewYork,0.00280275589999995,0.080089516587,0.077286760687,2020.99199423044,2020.99479698634,457
165,206,NewYork,Kings,0.00178957228300003,0.080089516588,0.078299944305,2020.99300741406,2020.99479698634,457
165,166,NewYork,NewYork,0.01707957228,0.095379516585,0.078299944305,2020.99300741406,2021.01008698634,457
207,210,Queens,Queens,0.0998089289499999,0.1003284455382,0.000519516588200042,2020.91522698634,2021.01503591529,457
208,209,Nassau,Nassau,0.05293984929,0.1008293658782,0.0478895165882,2020.96259698634,2021.01553683563,457
166,168,NewYork,NewYork,0.00575000000000003,0.101129516585,0.095379516585,2021.01008698634,2021.01583698634,457
210,102,Queens,Queens,0.00110107104700002,0.1014295165852,0.1003284455382,2021.01503591529,2021.01613698634,457
209,100,Nassau,Nassau,0.000600150714499981,0.1014295165927,0.1008293658782,2021.01553683563,2021.01613698634,457
168,169,NewYork,NewYork,0.00983000000000001,0.110959516585,0.101129516585,2021.01583698634,2021.02566698634,457
169,184,NewYork,Suffolk,0.00302999999999998,0.113989516585,0.110959516585,2021.02566698634,2021.02869698634,457
209,101,Nassau,Nassau,0.01460015071,0.1154295165882,0.1008293658782,2021.01553683563,2021.03013698634,457
148,149,NewYork,Kings,0.04224869229,0.122338208877,0.080089516587,2020.99479698634,2021.03704567863,457
149,151,Kings,NewYork,0.000581307710800005,0.1229195165878,0.122338208877,2021.03704567863,2021.03762698634,457
141,142,NewYork,NewYork,0.07848,0.124629516587,0.046149516587,2020.96085698634,2021.03933698634,457
142,143,NewYork,NewYork,0.000290000000000012,0.124919516587,0.124629516587,2021.03933698634,2021.03962698634,457
184,186,Suffolk,Suffolk,0.01205,0.126039516585,0.113989516585,2021.02869698634,2021.04074698634,457
186,189,Suffolk,Nassau,0.00323000000000001,0.129269516585,0.126039516585,2021.04074698634,2021.04397698634,457
119,120,Queens,Suffolk,0.06537,0.132109516584,0.066739516584,2020.98144698634,2021.04681698634,457
189,191,Nassau,Nassau,0.00296000000000002,0.132229516585,0.129269516585,2021.04397698634,2021.04693698634,457
121,122,Queens,Queens,0.06472,0.134539516584,0.069819516584,2020.98452698634,2021.04924698634,457
143,144,NewYork,NewYork,0.01038,0.135299516587,0.124919516587,2021.03962698634,2021.05000698634,457
151,155,NewYork,Queens,0.01336751361,0.1362870301978,0.1229195165878,2021.03762698634,2021.05099449995,457
210,211,Queens,Queens,0.03667731594,0.1370057614782,0.1003284455382,2021.01503591529,2021.05171323123,457
211,212,Queens,Queens,0.000203755104100034,0.1372095165823,0.1370057614782,2021.05171323123,2021.05191698633,457
212,213,Queens,Queens,0.000300000000000022,0.1375095165823,0.1372095165823,2021.05191698633,2021.05221698633,457
166,167,NewYork,Nassau,0.04626,0.141639516585,0.095379516585,2021.01008698634,2021.05634698634,457
191,192,Nassau,Queens,0.01232,0.144549516585,0.132229516585,2021.04693698634,2021.05925698634,457
192,193,Queens,Queens,0.00117999999999996,0.145729516585,0.144549516585,2021.05925698634,2021.06043698634,457
120,9,Suffolk,Suffolk,0.02432,0.156429516584,0.132109516584,2021.04681698634,2021.07113698634,457
122,128,Queens,Queens,0.02234,0.156879516584,0.134539516584,2021.04924698634,2021.07158698634,457
128,131,Queens,Nassau,0.000229999999999952,0.157109516584,0.156879516584,2021.07158698634,2021.07181698634,457
144,145,NewYork,NewYork,0.02189,0.157189516587,0.135299516587,2021.05000698634,2021.07189698634,457
155,156,Queens,Queens,0.02157248639,0.1578595165878,0.1362870301978,2021.05099449995,2021.07256698634,457
156,158,Queens,Queens,0.00922000000000001,0.1670795165878,0.1578595165878,2021.07256698634,2021.08178698634,457
131,134,Nassau,Nassau,0.01118,0.168289516584,0.157109516584,2021.07181698634,2021.08299698634,457
169,170,NewYork,NewYork,0.06091,0.171869516585,0.110959516585,2021.02566698634,2021.08657698634,457
206,96,Kings,Nassau,0.09334,0.173429516588,0.080089516588,2020.99479698634,2021.08813698634,457
170,174,NewYork,Kings,0.00331999999999999,0.175189516585,0.171869516585,2021.08657698634,2021.08989698634,457
211,103,Queens,Suffolk,0.0384237551,0.1754295165782,0.1370057614782,2021.05171323123,2021.09013698633,457
167,55,Nassau,NewYork,0.03379,0.175429516585,0.141639516585,2021.05634698634,2021.09013698634,457
112,113,Queens,NewYork,0.119,0.176069516584,0.057069516584,2020.97177698634,2021.09077698634,457
148,162,NewYork,Nassau,0.09826,0.178349516587,0.080089516587,2020.99479698634,2021.09305698634,457
143,32,NewYork,NewYork,0.05351,0.178429516587,0.124919516587,2021.03962698634,2021.09313698634,457
193,196,Queens,Queens,0.03307,0.178799516585,0.145729516585,2021.06043698634,2021.09350698634,457
189,190,Nassau,Westchester,0.0515,0.180769516585,0.129269516585,2021.04397698634,2021.09547698634,457
196,197,Queens,Kings,0.00262000000000001,0.181419516585,0.178799516585,2021.09350698634,2021.09612698634,457
197,85,Kings,Westchester,1.000000000001e-05,0.181429516585,0.181419516585,2021.09612698634,2021.09613698634,457
144,33,NewYork,NewYork,0.04613,0.181429516587,0.135299516587,2021.05000698634,2021.09613698634,457
196,201,Queens,Nassau,0.00503999999999999,0.183839516585,0.178799516585,2021.09350698634,2021.09854698634,457
142,31,NewYork,NewYork,0.0598,0.184429516587,0.124629516587,2021.03933698634,2021.09913698634,457
162,163,Nassau,Nassau,0.00608000000000003,0.184429516587,0.178349516587,2021.09305698634,2021.09913698634,457
201,90,Nassau,NewYork,0.00258999999999998,0.186429516585,0.183839516585,2021.09854698634,2021.10113698634,457
174,178,Kings,NewYork,0.01183,0.187019516585,0.175189516585,2021.08989698634,2021.10172698634,457
178,179,NewYork,Nassau,0.000955339187000026,0.187974855772,0.187019516585,2021.10172698634,2021.10268232552,457
178,66,NewYork,Nassau,0.00240999999999997,0.189429516585,0.187019516585,2021.10172698634,2021.10413698634,457
179,67,Nassau,NewYork,0.00145466081299994,0.189429516585,0.187974855772,2021.10268232552,2021.10413698634,457
155,43,Queens,Queens,0.05314248639,0.1894295165878,0.1362870301978,2021.05099449995,2021.10413698634,457
137,98,Nassau,Nassau,0.1686957719,0.192429516599,0.023733744699,2020.93844121445,2021.10713698635,457
201,202,Nassau,Nassau,0.00866,0.192499516585,0.183839516585,2021.09854698634,2021.10720698634,457
134,135,Nassau,NewYork,0.02544744937,0.193736965954,0.168289516584,2021.08299698634,2021.10844443571,457
135,136,NewYork,Nassau,0.00103255063500002,0.194769516589,0.193736965954,2021.10844443571,2021.10947698634,457
202,203,Nassau,Nassau,0.00262000000000001,0.195119516585,0.192499516585,2021.10720698634,2021.10982698634,457
203,91,Nassau,Suffolk,0.000309999999900001,0.1954295165849,0.195119516585,2021.10982698634,2021.11013698634,457
158,159,Queens,Westchester,0.02874399422,0.1958235108078,0.1670795165878,2021.08178698634,2021.11053098056,457
202,205,Nassau,Kings,0.00364226689199998,0.196141783477,0.192499516585,2021.10720698634,2021.11084925323,457
120,10,Suffolk,Suffolk,0.06532,0.197429516584,0.132109516584,2021.04681698634,2021.11213698634,457
205,94,Kings,Bronx,0.00128773310800001,0.197429516585,0.196141783477,2021.11084925323,2021.11213698634,457
159,47,Westchester,Westchester,0.00160600577799996,0.1974295165858,0.1958235108078,2021.11053098056,2021.11213698634,457
113,114,NewYork,Nassau,0.02169576954,0.197765286124,0.176069516584,2021.09077698634,2021.11247275588,457
114,115,Nassau,Nassau,0.000314230464599996,0.1980795165886,0.197765286124,2021.11247275588,2021.11278698634,457
168,57,NewYork,Nassau,0.0992999999999999,0.200429516585,0.101129516585,2021.01583698634,2021.11513698634,457
205,95,Kings,Kings,0.00428773310800001,0.200429516585,0.196141783477,2021.11084925323,2021.11513698634,457
184,185,Suffolk,Nassau,0.08682,0.200809516585,0.113989516585,2021.02869698634,2021.11551698634,457
131,132,Nassau,NewYork,0.04480801627,0.201917532854,0.157109516584,2021.07181698634,2021.11662500261,457
145,146,NewYork,Nassau,0.04613,0.203319516587,0.157189516587,2021.07189698634,2021.11802698634,457
132,133,NewYork,NewYork,0.001431983734,0.203349516588,0.201917532854,2021.11662500261,2021.11805698634,457
146,34,Nassau,NewYork,0.000109999999900023,0.2034295165869,0.203319516587,2021.11802698634,2021.11813698634,457
132,21,NewYork,NewYork,0.00151198373299999,0.203429516587,0.201917532854,2021.11662500261,2021.11813698634,457
133,23,NewYork,NewYork,7.99999999299694e-05,0.20342951658793,0.203349516588,2021.11805698634,2021.11813698634,457
128,129,Queens,Nassau,0.0478,0.204679516584,0.156879516584,2021.07158698634,2021.11938698634,457
121,11,Queens,Kings,0.13661,0.206429516584,0.069819516584,2020.98452698634,2021.12113698634,457
114,116,Nassau,Nassau,0.00992423046499996,0.207689516589,0.197765286124,2021.11247275588,2021.12239698634,457
156,157,Queens,Queens,0.05413,0.2119895165878,0.1578595165878,2021.07256698634,2021.12669698634,457
193,194,Queens,Queens,0.06669,0.212419516585,0.145729516585,2021.06043698634,2021.12712698634,457
122,123,Queens,Kings,0.08123,0.215769516584,0.134539516584,2021.04924698634,2021.13047698634,457
134,24,Nassau,Nassau,0.04914,0.217429516584,0.168289516584,2021.08299698634,2021.13213698634,457
170,171,NewYork,NewYork,0.05003466825,0.221904184835,0.171869516585,2021.08657698634,2021.13661165459,457
191,80,Nassau,Queens,0.0931999999999999,0.225429516585,0.132229516585,2021.04693698634,2021.14013698634,457
162,51,Nassau,Nassau,0.04708,0.225429516587,0.178349516587,2021.09305698634,2021.14013698634,457
212,104,Queens,Queens,0.09022,0.2274295165823,0.1372095165823,2021.05191698633,2021.14213698633,457
158,46,Queens,Queens,0.06035,0.2274295165878,0.1670795165878,2021.08178698634,2021.14213698634,457
179,180,Nassau,NewYork,0.04026466081,0.228239516582,0.187974855772,2021.10268232552,2021.14294698633,457
213,108,Queens,Queens,0.09292,0.2304295165823,0.1375095165823,2021.05221698633,2021.14513698633,457
180,181,NewYork,Queens,0.00262000000000001,0.230859516582,0.228239516582,2021.14294698633,2021.14556698633,457
174,175,Kings,Bronx,0.05634066358,0.231530180165,0.175189516585,2021.08989698634,2021.14623764992,457
175,176,Bronx,Queens,0.00195933642000001,0.233489516585,0.231530180165,2021.14623764992,2021.14819698634,457
151,152,NewYork,NewYork,0.11438,0.2372995165878,0.1229195165878,2021.03762698634,2021.15200698634,457
185,73,Nassau,Nassau,0.03762,0.238429516585,0.200809516585,2021.11551698634,2021.15313698634,457
185,74,Nassau,Kings,0.03762,0.238429516585,0.200809516585,2021.11551698634,2021.15313698634,457
181,69,Queens,Kings,0.01657,0.247429516582,0.230859516582,2021.14556698633,2021.16213698633,457
146,35,Nassau,Nassau,0.05211,0.255429516587,0.203319516587,2021.11802698634,2021.17013698634,457
203,204,Nassau,Queens,0.0681911908,0.263310707385,0.195119516585,2021.10982698634,2021.17801817714,457
186,187,Suffolk,Suffolk,0.1376487716,0.263688288185,0.126039516585,2021.04074698634,2021.17839575794,457
187,188,Suffolk,Suffolk,0.00105122844299999,0.264739516628,0.263688288185,2021.17839575794,2021.17944698638,457
116,117,Nassau,Nassau,0.05878,0.266469516589,0.207689516589,2021.12239698634,2021.18117698634,457
115,4,Nassau,Nassau,0.07135,0.2694295165886,0.1980795165886,2021.11278698634,2021.18413698634,457
117,118,Nassau,Nassau,0.00424921059900002,0.270718727188,0.266469516589,2021.18117698634,2021.18542619694,457
118,7,Nassau,Nassau,0.000710789400599987,0.2714295165886,0.270718727188,2021.18542619694,2021.18613698634,457
194,195,Queens,Kings,0.05953,0.271949516585,0.212419516585,2021.12712698634,2021.18665698634,457
197,198,Kings,Kings,0.09113442007,0.272553936655,0.181419516585,2021.09612698634,2021.18726140641,457
198,200,Kings,Nassau,0.00149528573899999,0.274049222394,0.272553936655,2021.18726140641,2021.18875669215,457
195,83,Kings,Kings,0.00247999999999998,0.274429516585,0.271949516585,2021.18665698634,2021.18913698634,457
200,88,Nassau,NewYork,0.000380294195799991,0.2744295165898,0.274049222394,2021.18875669215,2021.18913698634,457
200,89,Nassau,Nassau,0.000380294195799991,0.2744295165898,0.274049222394,2021.18875669215,2021.18913698634,457
181,182,Queens,Queens,0.04384,0.274699516582,0.230859516582,2021.14556698633,2021.18940698633,457
213,214,Queens,Queens,0.13719,0.2746995165823,0.1375095165823,2021.05221698633,2021.18940698633,457
152,153,NewYork,NewYork,0.03931,0.2766095165878,0.2372995165878,2021.15200698634,2021.19131698634,457
214,215,Queens,Nassau,0.00262000000000001,0.2773195165823,0.2746995165823,2021.18940698633,2021.19202698633,457
182,70,Queens,NewYork,0.00273000000000001,0.277429516582,0.274699516582,2021.18940698633,2021.19213698633,457
215,105,Nassau,Nassau,0.000109999999999999,0.2774295165823,0.2773195165823,2021.19202698633,2021.19213698633,457
159,160,Westchester,Westchester,0.08421600578,0.2800395165878,0.1958235108078,2021.11053098056,2021.19474698634,457
160,48,Westchester,Nassau,0.000389999999900026,0.2804295165877,0.2800395165878,2021.19474698634,2021.19513698634,457
198,199,Kings,Nassau,0.00935806313499998,0.28191199979,0.272553936655,2021.18726140641,2021.19661946954,457
136,26,Nassau,Queens,0.08766,0.282429516589,0.194769516589,2021.10947698634,2021.19713698634,457
199,86,Nassau,Nassau,0.000517516799599993,0.2824295165896,0.28191199979,2021.19661946954,2021.19713698634,457
153,154,NewYork,NewYork,0.00628000000000001,0.2828895165878,0.2766095165878,2021.19131698634,2021.19759698634,457
149,150,Kings,Queens,0.1621982443,0.284536453177,0.122338208877,2021.03704567863,2021.19924392293,457
157,44,Queens,Queens,0.07344,0.2854295165878,0.2119895165878,2021.12669698634,2021.20013698634,457
199,87,Nassau,Nassau,0.00351751680000001,0.28542951659,0.28191199979,2021.19661946954,2021.20013698634,457
150,37,Queens,Queens,0.000893063431399999,0.2854295166084,0.284536453177,2021.19924392293,2021.20013698636,457
123,124,Kings,Nassau,0.07182,0.287589516584,0.215769516584,2021.13047698634,2021.20229698634,457
215,106,Nassau,Nassau,0.01111,0.2884295165823,0.2773195165823,2021.19202698633,2021.20313698633,457
157,45,Queens,Queens,0.07644,0.2884295165878,0.2119895165878,2021.12669698634,2021.20313698634,457
150,38,Queens,Queens,0.00389306343099999,0.288429516608,0.284536453177,2021.19924392293,2021.20313698636,457
124,125,Nassau,Queens,0.00296000000000002,0.290549516584,0.287589516584,2021.20229698634,2021.20525698634,457
182,183,Queens,Queens,0.01675471227,0.291454228852,0.274699516582,2021.18940698633,2021.2061616986,457
183,71,Queens,Kings,0.00197528773099998,0.293429516583,0.291454228852,2021.2061616986,2021.20813698633,457
133,22,NewYork,NewYork,0.09008,0.293429516588,0.203349516588,2021.11805698634,2021.20813698634,457
152,39,NewYork,NewYork,0.05613,0.2934295165878,0.2372995165878,2021.15200698634,2021.20813698634,457
118,8,Nassau,Nassau,0.0227107894,0.293429516588,0.270718727188,2021.18542619694,2021.20813698634,457
125,126,Queens,Queens,0.00298999999999999,0.293539516584,0.290549516584,2021.20525698634,2021.20824698634,457
126,127,Queens,Queens,0.00307000000000002,0.296609516584,0.293539516584,2021.20824698634,2021.21131698634,457
167,56,Nassau,Nassau,0.15779,0.299429516585,0.141639516585,2021.05634698634,2021.21413698634,457
171,173,NewYork,Suffolk,0.07933513009,0.301239314925,0.221904184835,2021.13661165459,2021.21594678468,457
111,1,Bronx,Queens,0.27636,0.301429516584,0.025069516584,2020.93977698634,2021.21613698634,457
173,61,Suffolk,Nassau,0.000190201659500011,0.3014295165845,0.301239314925,2021.21594678468,2021.21613698634,457
129,18,Nassau,Nassau,0.09975,0.304429516584,0.204679516584,2021.11938698634,2021.21913698634,457
129,130,Nassau,Nassau,0.1020114851,0.306691001684,0.204679516584,2021.11938698634,2021.22139847144,457
130,19,Nassau,Nassau,0.000738514944099988,0.3074295166281,0.306691001684,2021.22139847144,2021.22213698638,457
194,84,Queens,Queens,0.09801,0.310429516585,0.212419516585,2021.12712698634,2021.22513698634,457
195,82,Kings,NewYork,0.03848,0.310429516585,0.271949516585,2021.18665698634,2021.22513698634,457
183,72,Queens,Queens,0.02397528773,0.315429516582,0.291454228852,2021.2061616986,2021.23013698633,457
127,17,Queens,Queens,0.02482,0.321429516584,0.296609516584,2021.21131698634,2021.23613698634,457
173,60,Suffolk,Suffolk,0.02219020166,0.323429516585,0.301239314925,2021.21594678468,2021.23813698634,457
140,30,Suffolk,Queens,0.2788454666,0.323429516599,0.044584049999,2020.95929151975,2021.23813698635,457
154,42,NewYork,NewYork,0.04354,0.3264295165878,0.2828895165878,2021.19759698634,2021.24113698634,457
136,27,Nassau,Nassau,0.13166,0.326429516589,0.194769516589,2021.10947698634,2021.24113698634,457
163,52,Nassau,Nassau,0.145,0.329429516587,0.184429516587,2021.09913698634,2021.24413698634,457
153,40,NewYork,NewYork,0.05282,0.3294295165878,0.2766095165878,2021.19131698634,2021.24413698634,457
204,92,Queens,Queens,0.0711188092,0.334429516585,0.263310707385,2021.17801817714,2021.24913698634,457
145,36,NewYork,Bronx,0.17724,0.334429516587,0.157189516587,2021.07189698634,2021.24913698634,457
171,172,NewYork,NewYork,0.1134853318,0.335389516635,0.221904184835,2021.13661165459,2021.25009698639,457
180,68,NewYork,NewYork,0.10919,0.337429516582,0.228239516582,2021.14294698633,2021.25213698633,457
113,2,NewYork,NewYork,0.16936,0.345429516584,0.176069516584,2021.09077698634,2021.26013698634,457
160,161,Westchester,Westchester,0.07124,0.3512795165878,0.2800395165878,2021.19474698634,2021.26598698634,457
163,164,Nassau,NewYork,0.16686,0.351289516587,0.184429516587,2021.09913698634,2021.26599698634,457
190,79,Westchester,Westchester,0.17066,0.351429516585,0.180769516585,2021.09547698634,2021.26613698634,457
164,53,NewYork,Nassau,0.000140000000100005,0.3514295165871,0.351289516587,2021.26599698634,2021.26613698634,457
164,54,NewYork,NewYork,0.000140000000100005,0.3514295165871,0.351289516587,2021.26599698634,2021.26613698634,457
161,49,Westchester,Westchester,0.000150000000100015,0.3514295165879,0.3512795165878,2021.26598698634,2021.26613698634,457
176,177,Queens,Queens,0.1193510601,0.352840576685,0.233489516585,2021.14819698634,2021.26754804644,457
116,5,Nassau,Nassau,0.14574,0.353429516589,0.207689516589,2021.12239698634,2021.26813698634,457
177,62,Queens,NewYork,0.000588939929800025,0.3534295166148,0.352840576685,2021.26754804644,2021.26813698637,457
177,63,Queens,Queens,0.000588939929800025,0.3534295166148,0.352840576685,2021.26754804644,2021.26813698637,457
204,93,Queens,Queens,0.0991188092,0.362429516585,0.263310707385,2021.17801817714,2021.27713698634,457
115,3,Nassau,Nassau,0.16635,0.3644295165886,0.1980795165886,2021.11278698634,2021.27913698634,457
126,15,Queens,Queens,0.07389,0.367429516584,0.293539516584,2021.20824698634,2021.28213698634,457
130,20,Nassau,Westchester,0.06073851494,0.367429516624,0.306691001684,2021.22139847144,2021.28213698638,457
135,25,NewYork,NewYork,0.1766925506,0.370429516554,0.193736965954,2021.10844443571,2021.28513698631,457
172,58,NewYork,NewYork,0.04904,0.384429516635,0.335389516635,2021.25009698639,2021.29913698639,457
206,97,Kings,Kings,0.30634,0.386429516588,0.080089516588,2020.99479698634,2021.30113698634,457
127,16,Queens,Queens,0.09282,0.389429516584,0.296609516584,2021.21131698634,2021.30413698634,457
161,50,Westchester,NewYork,0.04115,0.3924295165878,0.3512795165878,2021.26598698634,2021.30713698634,457
172,59,NewYork,Bronx,0.05704,0.392429516635,0.335389516635,2021.25009698639,2021.30713698639,457
124,13,Nassau,Nassau,0.10784,0.395429516584,0.287589516584,2021.20229698634,2021.31013698634,457
190,78,Westchester,Westchester,0.21666,0.397429516585,0.180769516585,2021.09547698634,2021.31213698634,457
214,107,Queens,Bronx,0.12873,0.4034295165823,0.2746995165823,2021.18940698633,2021.31813698633,457
117,6,Nassau,Kings,0.14196,0.408429516589,0.266469516589,2021.18117698634,2021.32313698634,457
123,12,Kings,Kings,0.19566,0.411429516584,0.215769516584,2021.13047698634,2021.32613698634,457
176,64,Queens,Queens,0.17794,0.411429516585,0.233489516585,2021.14819698634,2021.32613698634,457
192,81,Queens,Queens,0.28588,0.430429516585,0.144549516585,2021.05925698634,2021.34513698634,457
175,65,Bronx,NewYork,0.2128993364,0.444429516565,0.231530180165,2021.14623764992,2021.35913698632,457
125,14,Queens,Queens,0.15388,0.444429516584,0.290549516584,2021.20525698634,2021.35913698634,457
188,76,Suffolk,Kings,0.18269,0.447429516628,0.264739516628,2021.17944698638,2021.36213698638,457
188,77,Suffolk,Suffolk,0.18469,0.449429516628,0.264739516628,2021.17944698638,2021.36413698638,457
138,139,Suffolk,Suffolk,0.4167869533,0.458129516549,0.041342563249,2020.956050033,2021.3728369863,457
139,28,Suffolk,Suffolk,0.000300000000000022,0.458429516549,0.458129516549,2021.3728369863,2021.3731369863,457
187,75,Suffolk,Suffolk,0.1967412284,0.460429516585,0.263688288185,2021.17839575794,2021.37513698634,457
154,41,NewYork,Queens,0.19454,0.4774295165878,0.2828895165878,2021.19759698634,2021.39213698634,457
139,29,Suffolk,Kings,0.0573,0.515429516549,0.458129516549,2021.3728369863,2021.4301369863,457
14,1,NewYork,NewYork,0.08268,0.08268,0,2021.03185424658,2021.11453424658,465
14,15,NewYork,Suffolk,0.0063,0.0063,0,2021.03185424658,2021.03815424658,465
15,17,Suffolk,Nassau,0.00885,0.01515,0.0063,2021.03815424658,2021.04700424658,465
17,21,Nassau,Kings,0.00301999999999999,0.01817,0.01515,2021.04700424658,2021.05002424658,465
21,22,Kings,Kings,0.00624,0.02441,0.01817,2021.05002424658,2021.05626424658,465
22,23,Kings,Kings,0.05572274721,0.08013274721,0.02441,2021.05626424658,2021.11198699379,465
17,18,Nassau,Kings,0.07767,0.09282,0.01515,2021.04700424658,2021.12467424658,465
18,19,Kings,Kings,0.02999,0.12281,0.09282,2021.12467424658,2021.15466424658,465
19,20,Kings,Queens,0.00199000000000001,0.1248,0.12281,2021.15466424658,2021.15665424658,465
22,9,Kings,Kings,0.10227,0.12668,0.02441,2021.05626424658,2021.15853424658,465
15,16,Suffolk,NewYork,0.12816,0.13446,0.0063,2021.03815424658,2021.16631424658,465
23,24,Kings,Kings,0.06284434306,0.14297709027,0.08013274721,2021.11198699379,2021.17483133685,465
24,25,Kings,Kings,0.00136290972700001,0.144339999997,0.14297709027,2021.17483133685,2021.17619424658,465
18,4,Kings,Suffolk,0.05586,0.14868,0.09282,2021.12467424658,2021.18053424658,465
19,5,Kings,Kings,0.03687,0.15968,0.12281,2021.15466424658,2021.19153424658,465
25,12,Kings,Queens,0.03134,0.175679999997,0.144339999997,2021.17619424658,2021.20753424658,465
23,13,Kings,Kings,0.09554725279,0.17568,0.08013274721,2021.11198699379,2021.20753424658,465
20,6,Queens,Queens,0.05088,0.17568,0.1248,2021.15665424658,2021.20753424658,465
21,8,Kings,Kings,0.16051,0.17868,0.01817,2021.05002424658,2021.21053424658,465
25,11,Kings,Nassau,0.04234,0.186679999997,0.144339999997,2021.17619424658,2021.21853424658,465
16,2,NewYork,NewYork,0.07122,0.20568,0.13446,2021.16631424658,2021.23753424658,465
16,3,NewYork,NewYork,0.08522,0.21968,0.13446,2021.16631424658,2021.25153424658,465
20,7,Queens,NewYork,0.10088,0.22568,0.1248,2021.15665424658,2021.25753424658,465
24,10,Kings,Nassau,0.08270290973,0.22568,0.14297709027,2021.17483133685,2021.25753424658,465
7,1,Kings,Suffolk,0.04858,0.04858,0,2021.12957068493,2021.17815068493,470
7,8,Kings,Kings,0.06348,0.06348,0,2021.12957068493,2021.19305068493,470
8,9,Kings,Kings,0.03186,0.09534,0.06348,2021.19305068493,2021.22491068493,470
9,3,Kings,Nassau,0.000239999999900001,0.0955799999999,0.09534,2021.22491068493,2021.22515068493,470
9,10,Kings,Queens,0.01156368063,0.10690368063,0.09534,2021.22491068493,2021.23647436556,470
10,4,Queens,Kings,0.001676319373,0.108580000003,0.10690368063,2021.23647436556,2021.23815068493,470
10,11,Queens,Queens,0.02131631937,0.12822,0.10690368063,2021.23647436556,2021.25779068493,470
11,5,Queens,Queens,0.000359999999999999,0.12858,0.12822,2021.25779068493,2021.25815068493,470
8,2,Kings,NewYork,0.0971,0.16058,0.06348,2021.19305068493,2021.29015068493,470
11,6,Queens,Queens,0.03536,0.16358,0.12822,2021.25779068493,2021.29315068493,470
5,1,Nassau,Nassau,0.1764,0.1764,0,2021.15007945205,2021.32647945205,472
5,6,Nassau,Nassau,0.06442282677,0.06442282677,0,2021.15007945205,2021.21450227882,472
6,2,Nassau,Queens,0.00197717323399998,0.066400000004,0.06442282677,2021.21450227882,2021.21647945205,472
6,7,Nassau,Nassau,0.06564717323,0.13007,0.06442282677,2021.21450227882,2021.28014945205,472
7,4,Nassau,Nassau,0.00533,0.1354,0.13007,2021.28014945205,2021.28547945205,472
7,3,Nassau,Kings,0.12533,0.2554,0.13007,2021.28014945205,2021.40547945205,472
12,13,NewYork,NewYork,0.00181381202200001,0.00181381202200001,0,2021.15425742086,2021.15607123288,478
12,14,NewYork,NewYork,0.00181381202200001,0.00181381202200001,0,2021.15425742086,2021.15607123288,478
14,15,NewYork,Kings,0.02385,0.025663812022,0.00181381202200001,2021.15607123288,2021.17992123288,478
15,4,Kings,Queens,0.00375,0.029413812022,0.025663812022,2021.17992123288,2021.18367123288,478
15,16,Kings,Kings,0.01159,0.037253812022,0.025663812022,2021.17992123288,2021.19151123288,478
16,17,Kings,Richmond,0.01176438873,0.049018200752,0.037253812022,2021.19151123288,2021.20327562161,478
17,5,Richmond,Richmond,0.00139561127099999,0.050413812023,0.049018200752,2021.20327562161,2021.20467123288,478
16,18,Kings,Westchester,0.01934,0.056593812022,0.037253812022,2021.19151123288,2021.21085123288,478
18,19,Westchester,Westchester,0.00584408904099999,0.062437901063,0.056593812022,2021.21085123288,2021.21669532192,478
19,7,Westchester,Westchester,0.001975910959,0.064413812022,0.062437901063,2021.21669532192,2021.21867123288,478
19,8,Westchester,Suffolk,0.001975910959,0.064413812022,0.062437901063,2021.21669532192,2021.21867123288,478
17,6,Richmond,Richmond,0.02339561127,0.072413812022,0.049018200752,2021.20327562161,2021.22667123288,478
18,20,Westchester,Westchester,0.01841870299,0.075012515012,0.056593812022,2021.21085123288,2021.22926993587,478
20,9,Westchester,Westchester,0.000401297006500004,0.0754138120185,0.075012515012,2021.22926993587,2021.22967123288,478
20,21,Westchester,NewYork,0.01100952057,0.086022035582,0.075012515012,2021.22926993587,2021.24027945644,478
21,10,NewYork,NewYork,0.000391776436899999,0.0864138120189,0.086022035582,2021.24027945644,2021.24067123288,478
13,2,NewYork,Nassau,0.1066,0.108413812022,0.00181381202200001,2021.15607123288,2021.26267123288,478
14,3,NewYork,NewYork,0.1066,0.108413812022,0.00181381202200001,2021.15607123288,2021.26267123288,478
13,1,NewYork,Nassau,0.1176,0.119413812022,0.00181381202200001,2021.15607123288,2021.27367123288,478
21,11,NewYork,NewYork,0.04739177644,0.133413812022,0.086022035582,2021.24027945644,2021.28767123288,478
5,6,Kings,Kings,0.02405805738,0.02405805738,0,2021.19523365839,2021.21929171577,480
5,7,Kings,Kings,0.000701547087400001,0.000701547087400001,0,2021.19523365839,2021.19593520548,480
7,3,Kings,Kings,0.04801,0.0487115470874,0.000701547087400001,2021.19593520548,2021.24394520548,480
6,1,Kings,Kings,0.09565348971,0.11971154709,0.02405805738,2021.21929171577,2021.31494520548,480
6,2,Kings,Richmond,0.09565348971,0.11971154709,0.02405805738,2021.21929171577,2021.31494520548,480
7,4,Kings,Queens,0.15201,0.1527115470874,0.000701547087400001,2021.19593520548,2021.34794520548,480
25,1,Westchester,Westchester,0.000444184485200005,0.000444184485200005,0,2021.0900078703,2021.09045205479,482
25,26,Westchester,Westchester,0.02293418449,0.02293418449,0,2021.0900078703,2021.11294205479,482
26,28,Westchester,Kings,0.00280999999999998,0.02574418449,0.02293418449,2021.11294205479,2021.11575205479,482
28,31,Kings,Kings,0.00262000000000001,0.02836418449,0.02574418449,2021.11575205479,2021.11837205479,482
31,7,Kings,Kings,7.99999999299972e-05,0.02844418448993,0.02836418449,2021.11837205479,2021.11845205479,482
28,29,Kings,Kings,0.02466,0.05040418449,0.02574418449,2021.11575205479,2021.14041205479,482
29,30,Kings,Kings,0.001656526613,0.052060711103,0.05040418449,2021.14041205479,2021.1420685814,482
30,5,Kings,Kings,0.000383473386700001,0.0524441844897,0.052060711103,2021.1420685814,2021.14245205479,482
30,6,Kings,NewYork,0.000383473386700001,0.0524441844897,0.052060711103,2021.1420685814,2021.14245205479,482
31,32,Kings,Bronx,0.02456,0.05292418449,0.02836418449,2021.11837205479,2021.14293205479,482
29,4,Kings,Kings,0.00503999999999999,0.05544418449,0.05040418449,2021.14041205479,2021.14545205479,482
32,33,Bronx,Bronx,0.0028,0.05572418449,0.05292418449,2021.14293205479,2021.14573205479,482
32,34,Bronx,Bronx,0.00548999999999999,0.05841418449,0.05292418449,2021.14293205479,2021.14842205479,482
33,8,Bronx,Queens,0.00272,0.05844418449,0.05572418449,2021.14573205479,2021.14845205479,482
33,9,Bronx,Queens,0.00272,0.05844418449,0.05572418449,2021.14573205479,2021.14845205479,482
34,36,Bronx,Westchester,0.0103528634,0.06876704789,0.05841418449,2021.14842205479,2021.15877491819,482
36,12,Westchester,Westchester,0.000677136600299999,0.0694441844903,0.06876704789,2021.15877491819,2021.15945205479,482
36,37,Westchester,NewYork,0.00628713660000001,0.07505418449,0.06876704789,2021.15877491819,2021.16506205479,482
37,38,NewYork,Kings,0.01629,0.09134418449,0.07505418449,2021.16506205479,2021.18135205479,482
38,14,Kings,Kings,0.00310000000000001,0.09444418449,0.09134418449,2021.18135205479,2021.18445205479,482
26,27,Westchester,Westchester,0.07453,0.09746418449,0.02293418449,2021.11294205479,2021.18747205479,482
37,13,NewYork,NewYork,0.02439,0.09944418449,0.07505418449,2021.16506205479,2021.18945205479,482
38,39,Kings,Suffolk,0.00838,0.09972418449,0.09134418449,2021.18135205479,2021.18973205479,482
39,41,Suffolk,Suffolk,0.00262,0.10234418449,0.09972418449,2021.18973205479,2021.19235205479,482
41,17,Suffolk,Suffolk,0.000100000000000003,0.10244418449,0.10234418449,2021.19235205479,2021.19245205479,482
39,40,Suffolk,Westchester,0.01096,0.11068418449,0.09972418449,2021.18973205479,2021.20069205479,482
40,15,Westchester,Nassau,0.00276,0.11344418449,0.11068418449,2021.20069205479,2021.20345205479,482
41,42,Suffolk,NewYork,0.01148410846,0.11382829295,0.10234418449,2021.19235205479,2021.20383616325,482
42,18,NewYork,NewYork,0.00161589153699999,0.115444184487,0.11382829295,2021.20383616325,2021.20545205479,482
40,16,Westchester,Westchester,0.01076,0.12144418449,0.11068418449,2021.20069205479,2021.21145205479,482
42,43,NewYork,NewYork,0.01870589154,0.13253418449,0.11382829295,2021.20383616325,2021.22254205479,482
43,44,NewYork,Kings,0.00281000000000001,0.13534418449,0.13253418449,2021.22254205479,2021.22535205479,482
44,19,Kings,Kings,0.00209999999999999,0.13744418449,0.13534418449,2021.22535205479,2021.22745205479,482
43,45,NewYork,NewYork,0.0055,0.13803418449,0.13253418449,2021.22254205479,2021.22804205479,482
44,20,Kings,Queens,0.00509999999999999,0.14044418449,0.13534418449,2021.22535205479,2021.23045205479,482
45,46,NewYork,Westchester,0.00278999999999999,0.14082418449,0.13803418449,2021.22804205479,2021.23083205479,482
45,24,NewYork,Nassau,0.00541,0.14344418449,0.13803418449,2021.22804205479,2021.23345205479,482
46,21,Westchester,Nassau,0.00262000000000001,0.14344418449,0.14082418449,2021.23083205479,2021.23345205479,482
46,47,Westchester,Westchester,0.00548000000000001,0.14630418449,0.14082418449,2021.23083205479,2021.23631205479,482
47,22,Westchester,Nassau,0.00214,0.14844418449,0.14630418449,2021.23631205479,2021.23845205479,482
47,23,Westchester,Westchester,0.00814000000000001,0.15444418449,0.14630418449,2021.23631205479,2021.24445205479,482
27,2,Westchester,Queens,0.07098,0.16844418449,0.09746418449,2021.18747205479,2021.25845205479,482
34,35,Bronx,Bronx,0.1229829548,0.18139713929,0.05841418449,2021.14842205479,2021.27140500959,482
35,10,Bronx,Bronx,4.70451620299961e-05,0.18144418445203,0.18139713929,2021.27140500959,2021.27145205475,482
35,11,Bronx,Bronx,4.70451620299961e-05,0.18144418445203,0.18139713929,2021.27140500959,2021.27145205475,482
27,3,Westchester,Suffolk,0.09198,0.18944418449,0.09746418449,2021.18747205479,2021.27945205479,482
4,1,Kings,Kings,0.02946,0.02946,0,2021.18423863014,2021.21369863014,492
4,5,Kings,Kings,0.02297751362,0.02297751362,0,2021.18423863014,2021.20721614376,492
5,2,Kings,Nassau,0.000482486375799999,0.0234599999958,0.02297751362,2021.20721614376,2021.20769863014,492
5,3,Kings,Suffolk,0.003482486376,0.026459999996,0.02297751362,2021.20721614376,2021.21069863014,492
5,1,Queens,Bronx,0.07315,0.07315,0,2021.17130205479,2021.24445205479,493
5,6,Queens,Kings,0.0663930608,0.0663930608,0,2021.17130205479,2021.23769511559,493
6,2,Kings,Nassau,0.000756939195199993,0.0671499999952,0.0663930608,2021.23769511559,2021.23845205479,493
6,7,Kings,Kings,0.006676939195,0.073069999995,0.0663930608,2021.23769511559,2021.24437205479,493
7,3,Kings,Kings,7.99999999099993e-05,0.07314999999491,0.073069999995,2021.24437205479,2021.24445205479,493
7,4,Kings,Kings,0.03508,0.108149999995,0.073069999995,2021.24437205479,2021.27945205479,493
5,1,Nassau,NewYork,0.00283,0.00283,0,2021.21111520546,2021.21394520546,495
5,6,Nassau,Nassau,0.00759524985099999,0.00759524985099999,0,2021.21111520546,2021.21871045531,495
6,2,Nassau,Suffolk,0.000234750149500002,0.00783000000049999,0.00759524985099999,2021.21871045531,2021.21894520546,495
6,7,Nassau,Nassau,0.00688752786600001,0.014482777717,0.00759524985099999,2021.21871045531,2021.22559798318,495
7,3,Nassau,Nassau,0.00134722228299999,0.01583,0.014482777717,2021.22559798318,2021.22694520546,495
7,4,Nassau,NewYork,0.1223472223,0.136830000017,0.014482777717,2021.22559798318,2021.34794520548,495
4,1,Kings,NewYork,0.000369999999899999,0.000369999999899999,0,2021.19450671233,2021.19487671233,497
4,5,Kings,Richmond,0.008654017591,0.008654017591,0,2021.19450671233,2021.20316072992,497
5,2,Richmond,Richmond,0.001715982409,0.01037,0.008654017591,2021.20316072992,2021.20487671233,497
5,3,Richmond,Richmond,0.02971598241,0.038370000001,0.008654017591,2021.20316072992,2021.23287671233,497
5,1,NewYork,NewYork,0.04865,0.04865,0,2021.27761027397,2021.32626027397,507
5,6,NewYork,NewYork,0.05164,0.05164,0,2021.27761027397,2021.32925027397,507
6,4,NewYork,NewYork,0.00301000000000001,0.05465,0.05164,2021.32925027397,2021.33226027397,507
6,7,NewYork,Westchester,0.06708979604,0.11872979604,0.05164,2021.32925027397,2021.39634007001,507
7,2,Westchester,Westchester,0.000920203958300003,0.1196499999983,0.11872979604,2021.39634007001,2021.39726027397,507
7,3,Westchester,Kings,0.000920203958300003,0.1196499999983,0.11872979604,2021.39634007001,2021.39726027397,507
13,14,Bronx,Bronx,0.004084544265,0.004084544265,0,2021.19162643836,2021.19571098262,510
13,16,Bronx,Nassau,0.00272,0.00272,0,2021.19162643836,2021.19434643836,510
14,1,Bronx,Kings,0.000905455735099994,0.0049900000001,0.004084544265,2021.19571098262,2021.19661643836,510
16,17,Nassau,Nassau,0.01096,0.01368,0.00272,2021.19434643836,2021.20530643836,510
17,4,Nassau,Kings,0.00231,0.01599,0.01368,2021.20530643836,2021.20761643836,510
16,22,Nassau,Nassau,0.0137,0.01642,0.00272,2021.19434643836,2021.20804643836,510
22,23,Nassau,Westchester,0.002211916039,0.018631916039,0.01642,2021.20804643836,2021.2102583544,510
23,10,Westchester,NewYork,0.0003580839615,0.0189900000005,0.018631916039,2021.2102583544,2021.21061643836,510
14,15,Bronx,Bronx,0.01781545574,0.021900000005,0.004084544265,2021.19571098262,2021.21352643836,510
23,11,Westchester,Westchester,0.005358083961,0.02399,0.018631916039,2021.2102583544,2021.21561643836,510
15,3,Bronx,Westchester,0.00209,0.023990000005,0.021900000005,2021.21352643836,2021.21561643836,510
22,12,Nassau,Nassau,0.01057,0.02699,0.01642,2021.20804643836,2021.21861643836,510
17,18,Nassau,Queens,0.0137,0.02738,0.01368,2021.20530643836,2021.21900643836,510
18,21,Queens,Westchester,0.001557949152,0.028937949152,0.02738,2021.21900643836,2021.22056438751,510
21,8,Westchester,Westchester,0.001052050848,0.02999,0.028937949152,2021.22056438751,2021.22161643836,510
15,2,Bronx,Nassau,0.00809,0.029990000005,0.021900000005,2021.21352643836,2021.22161643836,510
18,19,Queens,NewYork,0.00548,0.03286,0.02738,2021.21900643836,2021.22448643836,510
19,20,NewYork,NewYork,0.001894995598,0.034754995598,0.03286,2021.22448643836,2021.22638143396,510
19,7,NewYork,Nassau,0.00213,0.03499,0.03286,2021.22448643836,2021.22661643836,510
20,5,NewYork,NewYork,0.000235004402199999,0.0349900000002,0.034754995598,2021.22638143396,2021.22661643836,510
20,6,NewYork,Nassau,0.000235004402199999,0.0349900000002,0.034754995598,2021.22638143396,2021.22661643836,510
21,9,Westchester,Kings,0.01505205085,0.043990000002,0.028937949152,2021.22056438751,2021.23561643836,510
4,1,NewYork,NewYork,0.00281,0.00281,0,2021.27395712329,2021.27676712329,512
4,5,NewYork,NewYork,0.02933012569,0.02933012569,0,2021.27395712329,2021.30328724898,512
5,2,NewYork,NewYork,0.000479874314000001,0.029810000004,0.02933012569,2021.30328724898,2021.30376712329,512
5,3,NewYork,NewYork,0.02547987431,0.05481,0.02933012569,2021.30328724898,2021.32876712329,512
5,1,Nassau,Nassau,0.00214,0.00214,0,2021.23549013699,2021.23763013699,522
5,6,Nassau,Nassau,0.00274,0.00274,0,2021.23549013699,2021.23823013699,522
6,7,Nassau,Nassau,0.002379078981,0.005119078981,0.00274,2021.23823013699,2021.24060921597,522
7,2,Nassau,Nassau,2.09210185099992e-05,0.00513999999951,0.005119078981,2021.24060921597,2021.24063013699,522
7,3,Nassau,Kings,2.09210185099992e-05,0.00513999999951,0.005119078981,2021.24060921597,2021.24063013699,522
6,4,Nassau,Nassau,0.0604,0.06314,0.00274,2021.23823013699,2021.29863013699,522
5,1,Kings,Suffolk,0.001576424567,0.001576424567,0,2021.29172494529,2021.29330136986,525
5,6,Kings,Kings,0.09237642457,0.09237642457,0,2021.29172494529,2021.38410136986,525
6,7,Kings,Westchester,0.002009282036,0.094385706606,0.09237642457,2021.38410136986,2021.3861106519,525
7,3,Westchester,Westchester,0.000190717963700002,0.0945764245697,0.094385706606,2021.3861106519,2021.38630136986,525
7,4,Westchester,Suffolk,0.000190717963700002,0.0945764245697,0.094385706606,2021.3861106519,2021.38630136986,525
6,2,Kings,Kings,0.00219999999999999,0.09457642457,0.09237642457,2021.38410136986,2021.38630136986,525
5,1,NewYork,NewYork,0.21144,0.21144,0,2021.30310794517,2021.51454794517,527
5,6,NewYork,NewYork,0.2076254229,0.2076254229,0,2021.30310794517,2021.51073336807,527
6,2,NewYork,NewYork,0.000814577141,0.208440000041,0.2076254229,2021.51073336807,2021.51154794521,527
6,7,NewYork,Queens,0.00673457714100001,0.214360000041,0.2076254229,2021.51073336807,2021.51746794521,527
7,4,Queens,Queens,8.00000000300005e-05,0.21444000004103,0.214360000041,2021.51746794521,2021.51754794521,527
7,3,Queens,Queens,0.00308,0.217440000041,0.214360000041,2021.51746794521,2021.52054794521,527
4,1,Westchester,Westchester,0.08408,0.08408,0,2021.19774191781,2021.28182191781,543
4,5,Westchester,Westchester,0.0789,0.0789,0,2021.19774191781,2021.27664191781,543
5,2,Westchester,Nassau,0.00018,0.07908,0.0789,2021.27664191781,2021.27682191781,543
5,3,Westchester,Westchester,0.10418,0.18308,0.0789,2021.27664191781,2021.38082191781,543
6,1,Westchester,Westchester,0.02478,0.02478,0,2021.08695972603,2021.11173972603,558
6,7,Westchester,Queens,0.05227,0.05227,0,2021.08695972603,2021.13922972603,558
7,2,Queens,Queens,0.06051,0.11278,0.05227,2021.13922972603,2021.19973972603,558
7,8,Queens,Queens,0.11267,0.16494,0.05227,2021.13922972603,2021.25189972603,558
8,9,Queens,Queens,0.06848,0.23342,0.16494,2021.25189972603,2021.32037972603,558
9,4,Queens,Queens,0.000359999999899996,0.2337799999999,0.23342,2021.32037972603,2021.32073972603,558
9,5,Queens,Queens,0.00536,0.23878,0.23342,2021.32037972603,2021.32573972603,558
8,3,Queens,Queens,0.15084,0.31578,0.16494,2021.25189972603,2021.40273972603,558
4,5,Kings,Kings,0.002616442311,0.002616442311,0,2021.26040698629,2021.2630234286,574
4,3,Kings,Nassau,0.00273000000000001,0.00273000000000001,0,2021.26040698629,2021.26313698629,574
5,1,Kings,Kings,0.000113557689299992,0.00273000000029999,0.002616442311,2021.2630234286,2021.26313698629,574
5,2,Kings,Queens,0.1671135577,0.169730000011,0.002616442311,2021.2630234286,2021.4301369863,574
6,7,Suffolk,NewYork,0.05184222177,0.05184222177,0,2021.16296122291,2021.21480344468,593
6,8,Suffolk,Suffolk,0.00166891407799999,0.00166891407799999,0,2021.16296122291,2021.16463013699,593
7,1,NewYork,NewYork,0.000826692311999999,0.052668914082,0.05184222177,2021.21480344468,2021.21563013699,593
7,2,NewYork,NewYork,0.003826692312,0.055668914082,0.05184222177,2021.21480344468,2021.21863013699,593
8,3,Suffolk,Suffolk,0.079,0.080668914078,0.00166891407799999,2021.16463013699,2021.24363013699,593
8,9,Suffolk,Queens,0.13375,0.135418914078,0.00166891407799999,2021.16463013699,2021.29838013699,593
9,4,Queens,Queens,0.00025,0.135668914078,0.135418914078,2021.29838013699,2021.29863013699,593
9,5,Queens,Queens,0.00025,0.135668914078,0.135418914078,2021.29838013699,2021.29863013699,593
4,5,Suffolk,Suffolk,0.186976952,0.186976952,0,2021.16511465757,2021.35209160957,602
4,3,Suffolk,Bronx,0.16731,0.16731,0,2021.16511465757,2021.33242465757,602
5,1,Suffolk,NewYork,0.00133304796299999,0.188309999963,0.186976952,2021.35209160957,2021.35342465753,602
5,2,Suffolk,Kings,0.00133304796299999,0.188309999963,0.186976952,2021.35209160957,2021.35342465753,602
8,9,NewYork,Nassau,0.03413874415,0.03413874415,0,2021.14158783119,2021.17572657534,603
8,12,NewYork,NewYork,0.00178874415300001,0.00178874415300001,0,2021.14158783119,2021.14337657534,603
9,10,Nassau,Nassau,0.00749999999999998,0.04163874415,0.03413874415,2021.17572657534,2021.18322657534,603
10,2,Nassau,NewYork,0.00101999999999999,0.04265874415,0.04163874415,2021.18322657534,2021.18424657534,603
10,11,Nassau,Nassau,0.00889999999999999,0.05053874415,0.04163874415,2021.18322657534,2021.19212657534,603
11,3,Nassau,Nassau,0.000120000000000009,0.05065874415,0.05053874415,2021.19212657534,2021.19224657534,603
12,5,NewYork,NewYork,0.08687,0.088658744153,0.00178874415300001,2021.14337657534,2021.23024657534,603
11,4,Nassau,Nassau,0.05212,0.10265874415,0.05053874415,2021.19212657534,2021.24424657534,603
9,1,Nassau,Nassau,0.09852,0.13265874415,0.03413874415,2021.17572657534,2021.27424657534,603
12,13,NewYork,NewYork,0.14239,0.144178744153,0.00178874415300001,2021.14337657534,2021.28576657534,603
13,6,NewYork,Queens,0.04848,0.192658744153,0.144178744153,2021.28576657534,2021.33424657534,603
13,7,NewYork,NewYork,0.04848,0.192658744153,0.144178744153,2021.28576657534,2021.33424657534,603
5,1,Westchester,Nassau,0.1671,0.1671,0,2021.14792739728,2021.31502739728,612
5,6,Westchester,NewYork,0.02767,0.02767,0,2021.14792739728,2021.17559739728,612
6,2,NewYork,Queens,0.00243000000000002,0.0301,0.02767,2021.17559739728,2021.17802739728,612
6,7,NewYork,Suffolk,0.1016362383,0.1293062383,0.02767,2021.17559739728,2021.27723363558,612
7,3,Suffolk,Queens,0.00179376168299999,0.131099999983,0.1293062383,2021.27723363558,2021.27902739726,612
7,4,Suffolk,Kings,0.04879376168,0.17809999998,0.1293062383,2021.27723363558,2021.32602739726,612
9,10,Nassau,Queens,0.08115,0.08115,0,2021.31307643836,2021.39422643836,616
9,11,Nassau,Nassau,0.06381532149,0.06381532149,0,2021.31307643836,2021.37689175985,616
11,15,Nassau,Nassau,3.9775453520019e-06,0.063819299035352,0.06381532149,2021.37689175985,2021.3768957374,616
15,8,Nassau,Nassau,0.000720700963599996,0.064539999998952,0.063819299035352,2021.3768957374,2021.37761643836,616
11,12,Nassau,Nassau,0.01197467851,0.07579,0.06381532149,2021.37689175985,2021.38886643836,616
12,14,Nassau,Kings,0.00262,0.07841,0.07579,2021.38886643836,2021.39148643836,616
14,5,Kings,Nassau,0.000130000000000005,0.07854,0.07841,2021.39148643836,2021.39161643836,616
14,6,Kings,Queens,0.000130000000000005,0.07854,0.07841,2021.39148643836,2021.39161643836,616
10,1,Queens,Queens,0.000390000000000001,0.08154,0.08115,2021.39422643836,2021.39461643836,616
12,13,Nassau,Nassau,0.006154365014,0.081944365014,0.07579,2021.38886643836,2021.39502080337,616
13,3,Nassau,Nassau,0.001595634986,0.08354,0.081944365014,2021.39502080337,2021.39661643836,616
15,7,Nassau,Nassau,0.03072070096,0.094539999995352,0.063819299035352,2021.3768957374,2021.40761643836,616
13,4,Nassau,Nassau,0.01259563499,0.094540000004,0.081944365014,2021.39502080337,2021.40761643836,616
10,2,Queens,Kings,0.04139,0.12254,0.08115,2021.39422643836,2021.43561643836,616
4,1,Kings,Kings,0.001887457196,0.001887457196,0,2021.23930432362,2021.24119178082,624
4,5,Kings,Westchester,0.0185274572,0.0185274572,0,2021.23930432362,2021.25783178082,624
5,3,Westchester,Westchester,0.000359999999999999,0.0188874572,0.0185274572,2021.25783178082,2021.25819178082,624
5,2,Westchester,Westchester,0.02436,0.0428874572,0.0185274572,2021.25783178082,2021.28219178082,624
4,1,NewYork,Suffolk,0.06393973604,0.06393973604,0,2021.14153971601,2021.20547945205,628
4,5,NewYork,NewYork,0.000492718119300004,0.000492718119300004,0,2021.14153971601,2021.14203243413,628
5,2,NewYork,NewYork,0.000447017916700002,0.000939736036000005,0.000492718119300004,2021.14203243413,2021.14247945205,628
5,3,NewYork,NewYork,0.000447017916700002,0.000939736036000005,0.000492718119300004,2021.14203243413,2021.14247945205,628
4,1,Kings,NewYork,0.14667,0.14667,0,2021.23689164384,2021.38356164384,636
4,5,Kings,Kings,0.06963,0.06963,0,2021.23689164384,2021.30652164384,636
5,2,Kings,Kings,4.00000000100043e-05,0.06967000000001,0.06963,2021.30652164384,2021.30656164384,636
5,3,Kings,NewYork,0.01104,0.08067,0.06963,2021.30652164384,2021.31756164384,636
4,1,Westchester,NewYork,0.02287,0.02287,0,2021.30315739726,2021.32602739726,642
4,5,Westchester,NewYork,0.02039,0.02039,0,2021.30315739726,2021.32354739726,642
5,2,NewYork,NewYork,0.00248,0.02287,0.02039,2021.32354739726,2021.32602739726,642
5,3,NewYork,Richmond,0.00248,0.02287,0.02039,2021.32354739726,2021.32602739726,642
4,1,NewYork,Queens,0.00605,0.00605,0,2021.05192260274,2021.05797260274,644
4,5,NewYork,NewYork,0.08744,0.08744,0,2021.05192260274,2021.13936260274,644
5,2,NewYork,NewYork,0.00561,0.09305,0.08744,2021.13936260274,2021.14497260274,644
5,3,NewYork,NewYork,0.13461,0.22205,0.08744,2021.13936260274,2021.27397260274,644
4,5,Suffolk,Suffolk,0.04812,0.04812,0,2021.06203575342,2021.11015575342,648
5,1,Suffolk,Suffolk,0.000309999999900001,0.0484299999999,0.04812,2021.11015575342,2021.11046575342,648
4,3,Suffolk,Suffolk,0.05043,0.05043,0,2021.06203575342,2021.11246575342,648
5,2,Suffolk,Suffolk,0.03231,0.08043,0.04812,2021.11015575342,2021.14246575342,648
5,6,Bronx,Bronx,0.05580625256,0.05580625256,0,2021.16216506849,2021.21797132105,657
5,7,Bronx,NewYork,0.05305864534,0.05305864534,0,2021.16216506849,2021.21522371383,657
7,3,NewYork,NewYork,0.001091354665,0.054150000005,0.05305864534,2021.21522371383,2021.2163150685,657
6,1,Bronx,Kings,0.001343747441,0.057150000001,0.05580625256,2021.21797132105,2021.21931506849,657
7,4,NewYork,Nassau,0.03409135466,0.08715,0.05305864534,2021.21522371383,2021.24931506849,657
6,2,Bronx,Bronx,0.03134374744,0.08715,0.05580625256,2021.21797132105,2021.24931506849,657
7,1,NewYork,NewYork,0.09879,0.09879,0,2021.15326479452,2021.25205479452,663
7,8,NewYork,NewYork,0.00342000000000001,0.00342000000000001,0,2021.15326479452,2021.15668479452,663
8,10,NewYork,NewYork,0.0243,0.02772,0.00342000000000001,2021.15668479452,2021.18098479452,663
10,4,NewYork,NewYork,7.00000000399964e-05,0.02779000000004,0.02772,2021.18098479452,2021.18105479452,663
8,9,NewYork,NewYork,0.04709,0.05051,0.00342000000000001,2021.15668479452,2021.20377479452,663
10,11,NewYork,NewYork,0.02731,0.05503,0.02772,2021.18098479452,2021.20829479452,663
11,5,NewYork,NewYork,0.00276,0.05779,0.05503,2021.20829479452,2021.21105479452,663
11,6,NewYork,NewYork,0.01676,0.07179,0.05503,2021.20829479452,2021.22505479452,663
9,2,NewYork,NewYork,0.02328,0.07379,0.05051,2021.20377479452,2021.22705479452,663
9,3,NewYork,Nassau,0.04528,0.09579,0.05051,2021.20377479452,2021.24905479452,663
6,1,NewYork,Bronx,0.00208999999999999,0.00208999999999999,0,2021.1511839726,2021.1532739726,664
6,7,NewYork,NewYork,0.00127025499900001,0.00127025499900001,0,2021.1511839726,2021.1524542276,664
7,2,NewYork,Bronx,0.000819745001299998,0.0020900000003,0.00127025499900001,2021.1524542276,2021.1532739726,664
7,8,NewYork,NewYork,0.020529745,0.021799999999,0.00127025499900001,2021.1524542276,2021.1729839726,664
8,3,NewYork,NewYork,0.000289999999999999,0.022089999999,0.021799999999,2021.1729839726,2021.1732739726,664
8,9,NewYork,NewYork,0.03059990869,0.052399908689,0.021799999999,2021.1729839726,2021.20358388129,664
9,4,NewYork,NewYork,0.001690091315,0.054090000004,0.052399908689,2021.20358388129,2021.20527397261,664
9,5,NewYork,Queens,0.05669009131,0.109089999999,0.052399908689,2021.20358388129,2021.2602739726,664
4,1,Nassau,NewYork,0.1909258109,0.1909258109,0,2021.14606049047,2021.33698630137,666
4,5,Nassau,Nassau,0.000665810880299988,0.000665810880299988,0,2021.14606049047,2021.14672630135,666
5,2,Nassau,Nassau,0.06126,0.0619258108803,0.000665810880299988,2021.14672630135,2021.20798630135,666
5,3,Nassau,Nassau,0.06426,0.0649258108803,0.000665810880299988,2021.14672630135,2021.21098630135,666
4,1,Nassau,Queens,0.0485,0.0485,0,2021.1465,2021.195,671
4,5,Nassau,Nassau,0.0217,0.0217,0,2021.1465,2021.1682,671
5,3,Nassau,Nassau,0.0288,0.0505,0.0217,2021.1682,2021.197,671
5,2,Nassau,Suffolk,0.0318,0.0535,0.0217,2021.1682,2021.2,671
38,39,Nassau,NewYork,0.00191628233500002,0.00191628233500002,0,2021.02790070397,2021.0298169863,690
38,40,Nassau,Nassau,0.00191628233500002,0.00191628233500002,0,2021.02790070397,2021.0298169863,690
40,41,Nassau,Nassau,0.01009,0.012006282335,0.00191628233500002,2021.0298169863,2021.0399069863,690
41,43,Nassau,Nassau,0.01539,0.027396282335,0.012006282335,2021.0399069863,2021.0552969863,690
43,44,Nassau,Suffolk,0.00616999999999995,0.033566282335,0.027396282335,2021.0552969863,2021.0614669863,690
44,54,Suffolk,Nassau,0.01268,0.046246282335,0.033566282335,2021.0614669863,2021.0741469863,690
54,57,Nassau,Nassau,0.00327,0.049516282335,0.046246282335,2021.0741469863,2021.0774169863,690
57,61,Nassau,Nassau,0.01204,0.061556282335,0.049516282335,2021.0774169863,2021.0894569863,690
61,62,Nassau,Nassau,0.01229,0.073846282335,0.061556282335,2021.0894569863,2021.1017469863,690
62,63,Nassau,Nassau,0.00535999999999998,0.079206282335,0.073846282335,2021.1017469863,2021.1071069863,690
63,26,Nassau,Nassau,2.99999999699985e-05,0.07923628233497,0.079206282335,2021.1071069863,2021.1071369863,690
54,55,Nassau,Nassau,0.04673040748,0.092976689815,0.046246282335,2021.0741469863,2021.12087739378,690
63,64,Nassau,Nassau,0.01382,0.093026282335,0.079206282335,2021.1071069863,2021.1209269863,690
64,65,Nassau,Westchester,0.001478622283,0.094504904618,0.093026282335,2021.1209269863,2021.12240560858,690
65,28,Westchester,Suffolk,0.000731377716600035,0.0952362823346,0.094504904618,2021.12240560858,2021.1231369863,690
57,58,Nassau,Kings,0.05271,0.102226282335,0.049516282335,2021.0774169863,2021.1301269863,690
39,1,NewYork,NewYork,0.10432,0.106236282335,0.00191628233500002,2021.0298169863,2021.1341369863,690
65,66,Westchester,Bronx,0.02053137772,0.115036282338,0.094504904618,2021.12240560858,2021.1429369863,690
66,29,Bronx,Bronx,0.00219999999999998,0.117236282338,0.115036282338,2021.1429369863,2021.1451369863,690
66,67,Bronx,Bronx,0.00266,0.117696282338,0.115036282338,2021.1429369863,2021.1455969863,690
67,68,Bronx,Queens,0.000408653217200017,0.1181049355552,0.117696282338,2021.1455969863,2021.14600563952,690
68,30,Queens,Queens,0.00213134678299998,0.1202362823382,0.1181049355552,2021.14600563952,2021.1481369863,690
67,71,Bronx,Nassau,0.00951307036300003,0.127209352701,0.117696282338,2021.1455969863,2021.15511005667,690
71,34,Nassau,Nassau,0.00102692963599998,0.128236282337,0.127209352701,2021.15511005667,2021.1561369863,690
41,42,Nassau,Nassau,0.12198,0.133986282335,0.012006282335,2021.0399069863,2021.1618869863,690
71,72,Nassau,Nassau,0.00679692963699996,0.134006282338,0.127209352701,2021.15511005667,2021.1619069863,690
42,5,Nassau,Nassau,0.000249999999999972,0.134236282335,0.133986282335,2021.1618869863,2021.1621369863,690
72,35,Nassau,Kings,0.000230000000000008,0.134236282338,0.134006282338,2021.1619069863,2021.1621369863,690
44,45,Suffolk,Suffolk,0.10428,0.137846282335,0.033566282335,2021.0614669863,2021.1657469863,690
61,24,Nassau,Suffolk,0.08068,0.142236282335,0.061556282335,2021.0894569863,2021.1701369863,690
55,56,Nassau,Kings,0.05197959252,0.144956282335,0.092976689815,2021.12087739378,2021.1728569863,690
56,17,Kings,Nassau,0.000280000000000058,0.145236282335,0.144956282335,2021.1728569863,2021.1731369863,690
72,73,Nassau,Nassau,0.01918,0.153186282338,0.134006282338,2021.1619069863,2021.1810869863,690
73,36,Nassau,Nassau,5.00000000399903e-05,0.15323628233804,0.153186282338,2021.1810869863,2021.1811369863,690
45,46,Suffolk,Nassau,0.01626332897,0.154109611305,0.137846282335,2021.1657469863,2021.18201031527,690
40,3,Nassau,Nassau,0.15632,0.158236282335,0.00191628233500002,2021.0298169863,2021.1861369863,690
42,4,Nassau,Nassau,0.02725,0.161236282335,0.133986282335,2021.1618869863,2021.1891369863,690
46,47,Nassau,Nassau,0.01276667103,0.166876282335,0.154109611305,2021.18201031527,2021.1947769863,690
47,9,Nassau,Nassau,0.000359999999899996,0.1672362823349,0.166876282335,2021.1947769863,2021.1951369863,690
73,37,Nassau,Suffolk,0.01905,0.172236282338,0.153186282338,2021.1810869863,2021.2001369863,690
47,48,Nassau,Nassau,0.01382,0.180696282335,0.166876282335,2021.1947769863,2021.2085969863,690
39,2,NewYork,NewYork,0.18932,0.191236282335,0.00191628233500002,2021.0298169863,2021.2191369863,690
48,10,Nassau,Nassau,0.01054,0.191236282335,0.180696282335,2021.2085969863,2021.2191369863,690
68,69,Queens,Queens,0.07389134678,0.1919962823352,0.1181049355552,2021.14600563952,2021.2198969863,690
48,49,Nassau,Nassau,0.01338547729,0.194081759625,0.180696282335,2021.2085969863,2021.22198246359,690
49,11,Nassau,Nassau,0.000154522709799987,0.1942362823348,0.194081759625,2021.22198246359,2021.2221369863,690
69,70,Queens,NewYork,0.00414999999999999,0.1961462823352,0.1919962823352,2021.2198969863,2021.2240469863,690
49,50,Nassau,Nassau,0.00293452271,0.197016282335,0.194081759625,2021.22198246359,2021.2249169863,690
50,12,Nassau,Nassau,0.000219999999899995,0.1972362823349,0.197016282335,2021.2249169863,2021.2251369863,690
43,6,Nassau,Nassau,0.17184,0.199236282335,0.027396282335,2021.0552969863,2021.2271369863,690
55,19,Nassau,NewYork,0.1202595925,0.213236282315,0.092976689815,2021.12087739378,2021.24113698628,690
50,51,Nassau,Nassau,0.01918,0.216196282335,0.197016282335,2021.2249169863,2021.2440969863,690
51,13,Nassau,Nassau,3.99999999100009e-05,0.21623628233491,0.216196282335,2021.2440969863,2021.2441369863,690
58,59,Kings,Kings,0.11669,0.218916282335,0.102226282335,2021.1301269863,2021.2468169863,690
64,27,Nassau,Nassau,0.12621,0.219236282335,0.093026282335,2021.1209269863,2021.2471369863,690
59,20,Kings,Kings,0.00032000000009999,0.2192362823351,0.218916282335,2021.2468169863,2021.2471369863,690
59,60,Kings,Kings,0.000751049650599994,0.2196673319856,0.218916282335,2021.2468169863,2021.24756803595,690
60,22,Kings,Kings,0.00156895034900001,0.2212362823346,0.2196673319856,2021.24756803595,2021.2491369863,690
60,21,Kings,Richmond,0.00756895034999999,0.2272362823356,0.2196673319856,2021.24756803595,2021.2551369863,690
58,23,Kings,Nassau,0.13001,0.232236282335,0.102226282335,2021.1301269863,2021.2601369863,690
45,7,Suffolk,Suffolk,0.09739,0.235236282335,0.137846282335,2021.1657469863,2021.2631369863,690
56,18,Kings,Nassau,0.10428,0.249236282335,0.144956282335,2021.1728569863,2021.2771369863,690
70,33,NewYork,NewYork,0.06109,0.2572362823352,0.1961462823352,2021.2240469863,2021.2851369863,690
69,31,Queens,Queens,0.09524,0.2872362823352,0.1919962823352,2021.2198969863,2021.3151369863,690
51,52,Nassau,Nassau,0.07397,0.290166282335,0.216196282335,2021.2440969863,2021.3180669863,690
52,14,Nassau,Queens,6.9999999979975e-05,0.29023628233498,0.290166282335,2021.3180669863,2021.3181369863,690
70,32,NewYork,Bronx,0.09409,0.2902362823352,0.1961462823352,2021.2240469863,2021.3181369863,690
46,8,Nassau,Kings,0.171126671,0.325236282305,0.154109611305,2021.18201031527,2021.35313698627,690
52,53,Nassau,Nassau,0.04384,0.334006282335,0.290166282335,2021.3180669863,2021.3619069863,690
53,16,Nassau,NewYork,0.000230000000099984,0.3342362823351,0.334006282335,2021.3619069863,2021.3621369863,690
53,15,Nassau,Nassau,0.00223000000000001,0.336236282335,0.334006282335,2021.3619069863,2021.3641369863,690
62,25,Nassau,Nassau,0.32839,0.402236282335,0.073846282335,2021.1017469863,2021.4301369863,690
4,1,NewYork,NewYork,0.0003145551736,0.0003145551736,0,2021.24047996538,2021.24079452055,700
4,5,NewYork,Suffolk,0.003254555174,0.003254555174,0,2021.24047996538,2021.24373452055,700
5,2,Suffolk,Suffolk,5.99999999100001e-05,0.00331455517391,0.003254555174,2021.24373452055,2021.24379452055,700
5,3,Suffolk,Suffolk,0.01106,0.014314555174,0.003254555174,2021.24373452055,2021.25479452055,700
20,21,NewYork,NewYork,0.1090350457,0.1090350457,0,2021.03556667285,2021.14460171855,718
20,22,NewYork,NewYork,0.000270244183899981,0.000270244183899981,0,2021.03556667285,2021.03583691703,718
22,23,NewYork,NewYork,0.00205349397100002,0.0023237381549,0.000270244183899981,2021.03583691703,2021.037890411,718
23,32,NewYork,Kings,0.000809999999999977,0.00313373815489998,0.0023237381549,2021.037890411,2021.038700411,718
23,24,NewYork,Richmond,0.03726404063,0.0395877787849,0.0023237381549,2021.037890411,2021.07515445163,718
24,30,Richmond,Nassau,0.00181595937200002,0.0414037381569,0.0395877787849,2021.07515445163,2021.07697041101,718
32,33,Kings,Kings,0.0461,0.0492337381549,0.00313373815489998,2021.038700411,2021.084800411,718
22,3,NewYork,Nassau,0.06505349397,0.0653237381539,0.000270244183899981,2021.03583691703,2021.100890411,718
24,25,Richmond,NewYork,0.04581595937,0.0854037381549,0.0395877787849,2021.07515445163,2021.120970411,718
33,34,Kings,Westchester,0.05036518249,0.0995989206449,0.0492337381549,2021.084800411,2021.13516559349,718
34,14,Westchester,Westchester,0.00172481750800002,0.1013237381529,0.0995989206449,2021.13516559349,2021.136890411,718
25,27,NewYork,Nassau,0.01655,0.1019537381549,0.0854037381549,2021.120970411,2021.137520411,718
21,1,NewYork,NewYork,0.000288692476699992,0.1093237381767,0.1090350457,2021.14460171855,2021.14489041102,718
27,28,Nassau,Nassau,0.01319753867,0.1151512768249,0.1019537381549,2021.137520411,2021.15071794967,718
28,7,Nassau,Nassau,0.00217246133499999,0.1173237381599,0.1151512768249,2021.15071794967,2021.15289041101,718
34,35,Westchester,Nassau,0.02112481751,0.1207237381549,0.0995989206449,2021.13516559349,2021.156290411,718
35,15,Nassau,Nassau,0.00259999999999999,0.1233237381549,0.1207237381549,2021.156290411,2021.158890411,718
35,16,Nassau,Nassau,0.00259999999999999,0.1233237381549,0.1207237381549,2021.156290411,2021.158890411,718
21,2,NewYork,NewYork,0.01428869248,0.12332373818,0.1090350457,2021.14460171855,2021.15889041103,718
25,26,NewYork,NewYork,0.04548430064,0.1308880387949,0.0854037381549,2021.120970411,2021.16645471164,718
26,5,NewYork,Richmond,0.000435699356500008,0.1313237381514,0.1308880387949,2021.16645471164,2021.166890411,718
32,36,Kings,Kings,0.1336452647,0.1367790028549,0.00313373815489998,2021.038700411,2021.1723456757,718
36,37,Kings,Kings,0.00191473525700001,0.1386937381119,0.1367790028549,2021.1723456757,2021.17426041096,718
27,6,Nassau,Bronx,0.04837,0.1503237381549,0.1019537381549,2021.137520411,2021.185890411,718
26,4,NewYork,NewYork,0.02243569936,0.1533237381549,0.1308880387949,2021.16645471164,2021.188890411,718
28,29,Nassau,Nassau,0.04971246133,0.1648637381549,0.1151512768249,2021.15071794967,2021.200430411,718
30,10,Nassau,Suffolk,0.13092,0.1723237381569,0.0414037381569,2021.07697041101,2021.20789041101,718
36,17,Kings,NewYork,0.04654473526,0.1833237381149,0.1367790028549,2021.1723456757,2021.21889041096,718
37,18,Kings,Kings,0.05063,0.1893237381119,0.1386937381119,2021.17426041096,2021.22489041096,718
29,9,Nassau,Bronx,0.03546,0.2003237381549,0.1648637381549,2021.200430411,2021.235890411,718
33,13,Kings,Kings,0.15609,0.2053237381549,0.0492337381549,2021.084800411,2021.240890411,718
29,8,Nassau,Nassau,0.04646,0.2113237381549,0.1648637381549,2021.200430411,2021.246890411,718
30,31,Nassau,Nassau,0.19972,0.2411237381569,0.0414037381569,2021.07697041101,2021.27669041101,718
31,11,Nassau,Suffolk,0.000200000000000006,0.2413237381569,0.2411237381569,2021.27669041101,2021.27689041101,718
31,12,Nassau,Nassau,0.000200000000000006,0.2413237381569,0.2411237381569,2021.27669041101,2021.27689041101,718
37,19,Kings,NewYork,0.12163,0.2603237381119,0.1386937381119,2021.17426041096,2021.29589041096,718
5,6,Kings,Nassau,0.14898,0.14898,0,2021.01255082192,2021.16153082192,727
5,4,Kings,Queens,0.07523,0.07523,0,2021.01255082192,2021.08778082192,727
6,1,Nassau,Queens,0.00025,0.14923,0.14898,2021.16153082192,2021.16178082192,727
6,7,Nassau,Nassau,0.01530126242,0.16428126242,0.14898,2021.16153082192,2021.17683208434,727
7,3,Nassau,Nassau,0.000948737584500009,0.1652300000045,0.16428126242,2021.17683208434,2021.17778082192,727
7,2,Nassau,Nassau,0.01494873758,0.17923,0.16428126242,2021.17683208434,2021.19178082192,727
5,1,Westchester,Kings,0.09236,0.09236,0,2021.46106465753,2021.55342465753,731
5,6,Westchester,Suffolk,0.0163,0.0163,0,2021.46106465753,2021.47736465753,731
6,7,Suffolk,Suffolk,0.01084,0.02714,0.0163,2021.47736465753,2021.48820465753,731
7,3,Suffolk,Suffolk,0.000220000000100001,0.0273600000001,0.02714,2021.48820465753,2021.48842465753,731
6,2,Suffolk,Westchester,0.01306,0.02936,0.0163,2021.47736465753,2021.49042465753,731
7,4,Suffolk,Nassau,0.00822,0.03536,0.02714,2021.48820465753,2021.49642465753,731
5,1,Nassau,Nassau,0.00103665794300001,0.00103665794300001,0,2021.16116882151,2021.16220547945,736
5,6,Nassau,Nassau,6.70019044299863e-05,6.70019044299863e-05,0,2021.16116882151,2021.16123582341,736
6,7,Nassau,Nassau,0.000709656038400008,0.000776657942829995,6.70019044299863e-05,2021.16123582341,2021.16194547945,736
7,3,Nassau,Westchester,0.01626,0.01703665794283,0.000776657942829995,2021.16194547945,2021.17820547945,736
6,2,Nassau,Richmond,0.03096965604,0.03103665794443,6.70019044299863e-05,2021.16123582341,2021.19220547945,736
7,4,Nassau,Nassau,0.18326,0.18403665794283,0.000776657942829995,2021.16194547945,2021.34520547945,736
8,9,NewYork,NewYork,0.1707494012,0.1707494012,0,2021.0870416947,2021.2577910959,738
8,10,NewYork,Westchester,0.000619401186500002,0.000619401186500002,0,2021.0870416947,2021.08766109589,738
10,11,Westchester,Kings,0.02076,0.0213794011865,0.000619401186500002,2021.08766109589,2021.10842109589,738
11,12,Kings,Kings,0.0155312102,0.0369106113865,0.0213794011865,2021.10842109589,2021.12395230609,738
12,5,Kings,Kings,0.00208878980400001,0.0389994011905,0.0369106113865,2021.12395230609,2021.12604109589,738
12,13,Kings,Kings,0.0623487898,0.0992594011865,0.0369106113865,2021.12395230609,2021.18630109589,738
13,7,Kings,Queens,0.00574,0.1049994011865,0.0992594011865,2021.18630109589,2021.19204109589,738
11,4,Kings,NewYork,0.11662,0.1379994011865,0.0213794011865,2021.10842109589,2021.22504109589,738
9,1,NewYork,NewYork,0.00225,0.1729994012,0.1707494012,2021.2577910959,2021.2600410959,738
9,2,NewYork,NewYork,0.01325,0.1839994012,0.1707494012,2021.2577910959,2021.2710410959,738
10,3,Westchester,Westchester,0.18638,0.1869994011865,0.000619401186500002,2021.08766109589,2021.27404109589,738
13,6,Kings,Westchester,0.20274,0.3019994011865,0.0992594011865,2021.18630109589,2021.38904109589,738
4,1,Nassau,Queens,0.04234,0.04234,0,2021.10308465753,2021.14542465753,740
4,5,Nassau,Nassau,0.04897903548,0.04897903548,0,2021.10308465753,2021.15206369301,740
5,2,Nassau,NewYork,0.001360964516,0.050339999996,0.04897903548,2021.15206369301,2021.15342465753,740
5,3,Nassau,Queens,0.001360964516,0.050339999996,0.04897903548,2021.15206369301,2021.15342465753,740
4,1,Nassau,NewYork,0.10911,0.10911,0,2021.15056123288,2021.25967123288,767
4,5,Nassau,Kings,0.02466,0.02466,0,2021.15056123288,2021.17522123288,767
5,3,Kings,NewYork,0.04945,0.07411,0.02466,2021.17522123288,2021.22467123288,767
5,2,Kings,Kings,0.11245,0.13711,0.02466,2021.17522123288,2021.28767123288,767
7,8,Queens,Queens,0.0530382484,0.0530382484,0,2021.04340682009,2021.09644506849,783
7,11,Queens,Nassau,0.000848248400300011,0.000848248400300011,0,2021.04340682009,2021.04425506849,783
11,5,Nassau,Nassau,0.04606,0.0469082484003,0.000848248400300011,2021.04425506849,2021.09031506849,783
8,9,Queens,Kings,0.00270000000000001,0.0557382484,0.0530382484,2021.09644506849,2021.09914506849,783
9,1,Kings,NewYork,0.00217000000000001,0.0579082484,0.0557382484,2021.09914506849,2021.10131506849,783
9,2,Kings,Queens,0.00517000000000001,0.0609082484,0.0557382484,2021.09914506849,2021.10431506849,783
11,6,Nassau,Nassau,0.06006,0.0609082484003,0.000848248400300011,2021.04425506849,2021.10431506849,783
8,10,Queens,Queens,0.09576,0.1487982484,0.0530382484,2021.09644506849,2021.19220506849,783
10,3,Queens,Suffolk,0.000109999999999999,0.1489082484,0.1487982484,2021.19220506849,2021.19231506849,783
10,4,Queens,Queens,0.05711,0.2059082484,0.1487982484,2021.19220506849,2021.24931506849,783
